
     Program QE v.6.0 (svn rev. 13079) starts on  6Jan2017 at 10: 7:53 

     This program is part of the open-source Quantum ESPRESSO suite
     for quantum simulation of materials; please cite
         "P. Giannozzi et al., J. Phys.:Condens. Matter 21 395502 (2009);
          URL http://www.quantum-espresso.org", 
     in publications or presentations arising from this work. More details at
     http://www.quantum-espresso.org/quote

     Parallel version (MPI), running on     8 processors
     R & G space division:  proc/nbgrp/npool/nimage =       8

     ***** This is GIPAW svn revision unknown      *****

     Parallelizing q-star over 1 images

     Reading data from directory:
     /users/majewski/paradichlorobenzene/pbe/9_constraint/scratch/pbe.ecut100.np8.dt60.pcl2phi-129368.save
     Message from routine read_xml_file:
     file /users/majewski/paradichlorobenzene/pbe/9_constraint/scratch/pbe.ecut100.np8.dt60.pcl2phi-129368.save not guaranteed to be safe for post-processing

   Info: using nr1, nr2, nr3 values from input

   Info: using nr1, nr2, nr3 values from input

     IMPORTANT: XC functional enforced from input :
     Exchange-correlation      =  SLA  PW   PBX  PBC ( 1  4  3  4 0 0)
     Any further DFT definition will be discarded
     Please, verify this is what you really want

               file C.pbe-n-kjpaw_psl.1.0.0.UPF: wavefunction(s)  2S 2P renormalized
               file Cl.pbe-n-kjpaw_psl.1.0.0.UPF: wavefunction(s)  3S 3P renormalized
               file H.pbe-kjpaw_psl.1.0.0.UPF: wavefunction(s)  1S renormalized

     Parallelization info
     --------------------
     sticks:   dense  smooth     PW     G-vecs:    dense   smooth      PW
     Min        3057    1223    332               144436    36536    5170
     Max        3059    1225    333               144437    36537    5171
     Sum       24467    9791   2657              1155489   292295   41363


     Subspace diagonalization in iterative solution of the eigenvalue problem:
     a serial algorithm will be used

     GIPAW projectors -----------------------------------------------
     atom=  C    l=0  rc=    1.2000  rs=    0.8000
     atom=  C    l=0  rc=    1.2000  rs=    0.8000
     atom=  C    l=1  rc=    1.4000  rs=    0.9333
     atom=  C    l=1  rc=    1.4000  rs=    0.9333
     projs nearly linearly dependent: l=1  n1,n2= 1, 2  s=  0.99951561

     atom=  Cl   l=0  rc=    1.6000  rs=    1.0667
     atom=  Cl   l=0  rc=    1.6000  rs=    1.0667
     atom=  Cl   l=1  rc=    1.6000  rs=    1.0667
     atom=  Cl   l=1  rc=    1.6000  rs=    1.0667
     atom=  Cl   l=2  rc=    1.6000  rs=    1.0667
     atom=  Cl   l=2  rc=    1.6000  rs=    1.0667
     projs nearly linearly dependent: l=2  n1,n2= 1, 2  s=  0.99993509

     atom=  H    l=0  rc=    1.0000  rs=    0.6667
     atom=  H    l=0  rc=    1.0000  rs=    0.6667
     projs nearly linearly dependent: l=0  n1,n2= 1, 2  s=  0.99968852
     -----------------------------------------------------------------

     GIPAW integrals: -------------------------------------------
     Atom  i/j   nmr_para   nmr_dia   epr_rmc  epr_para   epr_dia
       C   1 1   0.83E+03  0.17E-01  0.93E+01  0.24E+08  0.24E+03
       C   2 1   0.86E+03 -0.61E-01  0.94E+01  0.25E+08  0.25E+03
       C   2 2   0.90E+03 -0.15E+00  0.97E+01  0.26E+08  0.26E+03
       C   3 3   0.33E+01  0.34E+00  0.18E+01  0.55E+03  0.21E+02
       C   4 3   0.35E+01  0.37E+00  0.20E+01  0.59E+03  0.22E+02
       C   4 4   0.38E+01  0.39E+00  0.22E+01  0.63E+03  0.24E+02
       Cl  1 1   0.14E+04 -0.47E+00  0.84E+01  0.32E+09  0.42E+03
       Cl  2 1   0.21E+04 -0.37E+00  0.12E+02  0.49E+09  0.65E+03
       Cl  2 2   0.33E+04 -0.16E+00  0.21E+02  0.76E+09  0.10E+04
       Cl  3 3   0.21E+02  0.79E-01  0.89E+01  0.23E+05  0.13E+03
       Cl  4 3   0.24E+02  0.67E-01  0.99E+01  0.27E+05  0.15E+03
       Cl  4 4   0.28E+02  0.44E-01  0.11E+02  0.32E+05  0.18E+03
       Cl  5 5   0.77E+00  0.19E+00  0.18E+01  0.12E+03  0.22E+02
       Cl  6 5   0.80E+00  0.19E+00  0.19E+01  0.12E+03  0.23E+02
       Cl  6 6   0.83E+00  0.20E+00  0.19E+01  0.12E+03  0.23E+02
       H   1 1   0.39E+02  0.19E+00  0.29E+00  0.78E+05  0.13E+02
       H   2 1   0.41E+02  0.21E+00  0.32E+00  0.82E+05  0.14E+02
       H   2 2   0.43E+02  0.22E+00  0.36E+00  0.86E+05  0.15E+02
     ------------------------------------------------------------

     alpha_pv=     33.9359 eV

     Number of occupied bands for each k-point:
     k-point:     1    nbnd_occ=  42
     k-point:     2    nbnd_occ=  42
     k-point:     3    nbnd_occ=  42
     k-point:     4    nbnd_occ=  42
     k-point:     5    nbnd_occ=  42
     k-point:     6    nbnd_occ=  42
     k-point:     7    nbnd_occ=  42
     k-point:     8    nbnd_occ=  42
     k-point:     9    nbnd_occ=  42
     k-point:    10    nbnd_occ=  42
     k-point:    11    nbnd_occ=  42
     k-point:    12    nbnd_occ=  42
     k-point:    13    nbnd_occ=  42
     k-point:    14    nbnd_occ=  42
     k-point:    15    nbnd_occ=  42
     k-point:    16    nbnd_occ=  42


     q-space interpolation up to   110.00 Rydberg

     GIPAW job: efg                                                                             


     ELECTRIC FIELD GRADIENTS TENSORS IN Hartree/bohrradius^2:

     ----- bare term -----
     Cl   1       -0.027334        0.043382       -0.031588
     Cl   1        0.043382        0.152471       -0.016153
     Cl   1       -0.031588       -0.016153       -0.125137

     C    2       -0.287535        0.206272       -0.330461
     C    2        0.206272       -0.102593       -0.506329
     C    2       -0.330461       -0.506329        0.390128

     C    3       -0.165922        0.188495       -0.257573
     C    3        0.188495       -0.165173       -0.612905
     C    3       -0.257573       -0.612905        0.331096

     H    4       -0.303071       -0.269726       -0.484046
     H    4       -0.269726        0.218040       -0.290615
     H    4       -0.484046       -0.290615        0.085031

     C    5       -0.351936        0.328975       -0.129324
     C    5        0.328975       -0.158857       -0.452649
     C    5       -0.129324       -0.452649        0.510794

     H    6        0.283414       -0.141899       -0.216333
     H    6       -0.141899       -0.287328       -0.518840
     H    6       -0.216333       -0.518840        0.003913

     H    7        0.350842       -0.020221       -0.031530
     H    7       -0.020221       -0.530942        0.465829
     H    7       -0.031530        0.465829        0.180101

     C    8       -0.440938       -0.135740       -0.356622
     C    8       -0.135740       -0.069739        0.456106
     C    8       -0.356622        0.456106        0.510677

     H    9       -0.287441        0.433473       -0.351071
     H    9        0.433473       -0.029966        0.157200
     H    9       -0.351071        0.157200        0.317407

     C   10       -0.415673       -0.361128       -0.263872
     C   10       -0.361128        0.004398        0.448789
     C   10       -0.263872        0.448789        0.411275

     C   11       -0.107839       -0.057846       -0.324008
     C   11       -0.057846       -0.171113        0.537590
     C   11       -0.324008        0.537590        0.278952

     Cl  12       -0.128049       -0.057903       -0.076902
     Cl  12       -0.057903       -0.098200        0.010483
     Cl  12       -0.076902        0.010483        0.226249

     H   13        0.111644       -0.136764       -0.278540
     H   13       -0.136764       -0.236693       -0.484308
     H   13       -0.278540       -0.484308        0.125049

     C   14       -0.398936        0.268258       -0.369677
     C   14        0.268258       -0.094985       -0.384912
     C   14       -0.369677       -0.384912        0.493921

     H   15       -0.531060       -0.174415       -0.368485
     H   15       -0.174415        0.333676       -0.223854
     H   15       -0.368485       -0.223854        0.197384

     C   16       -0.100948        0.294909       -0.128502
     C   16        0.294909       -0.479772       -0.484543
     C   16       -0.128502       -0.484543        0.580720

     C   17       -0.486674       -0.000222       -0.305761
     C   17       -0.000222       -0.064964       -0.407159
     C   17       -0.305761       -0.407159        0.551638

     Cl  18       -0.004407        0.025637       -0.013955
     Cl  18        0.025637        0.013982        0.003698
     Cl  18       -0.013955        0.003698       -0.009576

     H   19        0.354243        0.286828        0.100274
     H   19        0.286828       -0.578173        0.164534
     H   19        0.100274        0.164534        0.223930

     C   20       -0.520403       -0.275809       -0.440173
     C   20       -0.275809       -0.095657        0.241609
     C   20       -0.440173        0.241609        0.616061

     H   21       -0.478350        0.394388        0.092710
     H   21        0.394388        0.342657       -0.031558
     H   21        0.092710       -0.031558        0.135693

     C   22       -0.131097       -0.262950       -0.196471
     C   22       -0.262950       -0.422943        0.498209
     C   22       -0.196471        0.498209        0.554040

     C   23       -0.227067       -0.193087       -0.269648
     C   23       -0.193087       -0.168441        0.490685
     C   23       -0.269648        0.490685        0.395508

     Cl  24       -0.030312       -0.055279        0.036807
     Cl  24       -0.055279        0.048453       -0.089080
     Cl  24        0.036807       -0.089080       -0.018141

     ----- ionic term -----
     Cl   1        0.107141       -0.209878       -0.013528
     Cl   1       -0.209878        0.032762        0.012456
     Cl   1       -0.013528        0.012456       -0.139903

     C    2        0.151523       -0.211743        0.232075
     C    2       -0.211743        0.166092        0.394396
     C    2        0.232075        0.394396       -0.317615

     C    3        0.099074       -0.201494        0.154083
     C    3       -0.201494        0.263520        0.435817
     C    3        0.154083        0.435817       -0.362594

     H    4        0.518399        0.479404        0.607450
     H    4        0.479404       -0.273273        0.331184
     H    4        0.607450        0.331184       -0.245126

     C    5        0.329122       -0.177753        0.261756
     C    5       -0.177753        0.067005        0.298376
     C    5        0.261756        0.298376       -0.396126

     H    6       -0.500711        0.170993        0.099934
     H    6        0.170993        0.724612        0.661113
     H    6        0.099934        0.661113       -0.223902

     H    7       -0.488693        0.020131        0.001172
     H    7        0.020131        0.471496       -0.759100
     H    7        0.001172       -0.759100        0.017197

     C    8        0.357733        0.197939        0.262719
     C    8        0.197939        0.032178       -0.278546
     C    8        0.262719       -0.278546       -0.389911

     H    9        0.553306       -0.368189        0.667253
     H    9       -0.368189       -0.360019       -0.275793
     H    9        0.667253       -0.275793       -0.193287

     C   10        0.190968        0.212843        0.224670
     C   10        0.212843        0.217186       -0.318495
     C   10        0.224670       -0.318495       -0.408154

     C   11        0.262417        0.152701        0.253081
     C   11        0.152701        0.188349       -0.296054
     C   11        0.253081       -0.296054       -0.450767

     Cl  12        0.131995        0.206904        0.043869
     Cl  12        0.206904        0.028391        0.022153
     Cl  12        0.043869        0.022153       -0.160386

     H   13       -0.472195        0.202964        0.180422
     H   13        0.202964        0.384566        0.764187
     H   13        0.180422        0.764187        0.087629

     C   14        0.263719       -0.188931        0.268283
     C   14       -0.188931        0.010485        0.318475
     C   14        0.268283        0.318475       -0.274204

     H   15        0.597699        0.244667        0.693527
     H   15        0.244667       -0.443405        0.235829
     H   15        0.693527        0.235829       -0.154294

     C   16        0.105822       -0.257634        0.175148
     C   16       -0.257634        0.190878        0.437759
     C   16        0.175148        0.437759       -0.296700

     C   17        0.221603       -0.172256        0.308195
     C   17       -0.172256        0.095725        0.373392
     C   17        0.308195        0.373392       -0.317328

     Cl  18        0.121667       -0.207763        0.036722
     Cl  18       -0.207763        0.034177       -0.018334
     Cl  18        0.036722       -0.018334       -0.155844

     H   19       -0.512302       -0.143178        0.068101
     H   19       -0.143178        0.766593       -0.627172
     H   19        0.068101       -0.627172       -0.254291

     C   20        0.331757        0.173789        0.226830
     C   20        0.173789        0.152897       -0.256027
     C   20        0.226830       -0.256027       -0.484655

     H   21        0.803715       -0.475651        0.394617
     H   21       -0.475651       -0.298077       -0.191816
     H   21        0.394617       -0.191816       -0.505638

     C   22        0.160379        0.216704        0.132977
     C   22        0.216704        0.385484       -0.332812
     C   22        0.132977       -0.332812       -0.545863

     C   23        0.168786        0.174425        0.193731
     C   23        0.174425        0.313849       -0.385752
     C   23        0.193731       -0.385752       -0.482635

     Cl  24        0.130742        0.222134       -0.021457
     Cl  24        0.222134        0.033411       -0.022529
     Cl  24       -0.021457       -0.022529       -0.164153

     ----- GIPAW term -----
     Cl   1        0.811544       -1.524067       -0.207074
     Cl   1       -1.524067        1.612433       -0.195508
     Cl   1       -0.207074       -0.195508       -2.423977

     C    2       -0.051817       -0.078851       -0.052716
     C    2       -0.078851        0.031781       -0.180853
     C    2       -0.052716       -0.180853        0.020035

     C    3       -0.096136        0.005869       -0.056081
     C    3        0.005869        0.039692       -0.176319
     C    3       -0.056081       -0.176319        0.056444

     H    4       -0.000000        0.000000        0.000000
     H    4        0.000000        0.000000        0.000000
     H    4        0.000000        0.000000        0.000000

     C    5       -0.084931        0.024949        0.054142
     C    5        0.024949       -0.081630       -0.162034
     C    5        0.054142       -0.162034        0.166560

     H    6       -0.000000        0.000000        0.000000
     H    6        0.000000        0.000000        0.000000
     H    6        0.000000        0.000000        0.000000

     H    7       -0.000000        0.000000        0.000000
     H    7        0.000000        0.000000        0.000000
     H    7        0.000000        0.000000        0.000000

     C    8       -0.134477       -0.025981       -0.066410
     C    8       -0.025981       -0.034512        0.197214
     C    8       -0.066410        0.197214        0.168989

     H    9       -0.000000        0.000000        0.000000
     H    9        0.000000        0.000000        0.000000
     H    9        0.000000        0.000000        0.000000

     C   10       -0.149030       -0.088316       -0.080022
     C   10       -0.088316        0.117130        0.137053
     C   10       -0.080022        0.137053        0.031900

     C   11        0.065661        0.119404       -0.055432
     C   11        0.119404       -0.011787        0.079142
     C   11       -0.055432        0.079142       -0.053875

     Cl  12        0.399781        1.925931       -0.603909
     Cl  12        1.925931       -0.709028        0.106265
     Cl  12       -0.603909        0.106265        0.309247

     H   13       -0.000000        0.000000        0.000000
     H   13        0.000000        0.000000        0.000000
     H   13        0.000000        0.000000        0.000000

     C   14       -0.064689        0.060268       -0.091011
     C   14        0.060268       -0.050253       -0.105191
     C   14       -0.091011       -0.105191        0.114941

     H   15       -0.000000        0.000000        0.000000
     H   15        0.000000        0.000000        0.000000
     H   15        0.000000        0.000000        0.000000

     C   16       -0.089103        0.037128       -0.015178
     C   16        0.037128       -0.140444       -0.016081
     C   16       -0.015178       -0.016081        0.229547

     C   17       -0.126349       -0.105687       -0.041093
     C   17       -0.105687       -0.109626       -0.058908
     C   17       -0.041093       -0.058908        0.235975

     Cl  18        1.419386       -2.123809       -0.111613
     Cl  18       -2.123809        0.237810        0.017932
     Cl  18       -0.111613        0.017932       -1.657196

     H   19       -0.000000        0.000000        0.000000
     H   19        0.000000        0.000000        0.000000
     H   19        0.000000        0.000000        0.000000

     C   20       -0.119161       -0.047696       -0.160416
     C   20       -0.047696       -0.107323        0.043326
     C   20       -0.160416        0.043326        0.226483

     H   21       -0.000000        0.000000        0.000000
     H   21        0.000000        0.000000        0.000000
     H   21        0.000000        0.000000        0.000000

     C   22       -0.085468       -0.027011       -0.063623
     C   22       -0.027011       -0.125772        0.049103
     C   22       -0.063623        0.049103        0.211239

     C   23        0.011630        0.115862       -0.012967
     C   23        0.115862       -0.015148        0.126459
     C   23       -0.012967        0.126459        0.003518

     Cl  24        1.045472        1.651406        0.296159
     Cl  24        1.651406        0.556087       -0.733257
     Cl  24        0.296159       -0.733257       -1.601558

     ----- total EFG -----
     Cl   1        0.891352       -1.690562       -0.252190
     Cl   1       -1.690562        1.797665       -0.199205
     Cl   1       -0.252190       -0.199205       -2.689017

     C    2       -0.187829       -0.084322       -0.151102
     C    2       -0.084322        0.095280       -0.292786
     C    2       -0.151102       -0.292786        0.092549

     C    3       -0.162985       -0.007130       -0.159572
     C    3       -0.007130        0.138039       -0.353407
     C    3       -0.159572       -0.353407        0.024946

     H    4        0.215328        0.209678        0.123404
     H    4        0.209678       -0.055234        0.040568
     H    4        0.123404        0.040568       -0.160095

     C    5       -0.107745        0.176170        0.186574
     C    5        0.176170       -0.173482       -0.316308
     C    5        0.186574       -0.316308        0.281228

     H    6       -0.217296        0.029095       -0.116399
     H    6        0.029095        0.437285        0.142273
     H    6       -0.116399        0.142273       -0.219988

     H    7       -0.137851       -0.000090       -0.030358
     H    7       -0.000090       -0.059446       -0.293271
     H    7       -0.030358       -0.293271        0.197298

     C    8       -0.217682        0.036218       -0.160313
     C    8        0.036218       -0.072073        0.374774
     C    8       -0.160313        0.374774        0.289755

     H    9        0.265865        0.065284        0.316182
     H    9        0.065284       -0.389985       -0.118593
     H    9        0.316182       -0.118593        0.124120

     C   10       -0.373735       -0.236601       -0.119224
     C   10       -0.236601        0.338715        0.267347
     C   10       -0.119224        0.267347        0.035021

     C   11        0.220240        0.214259       -0.126358
     C   11        0.214259        0.005449        0.320678
     C   11       -0.126358        0.320678       -0.225689

     Cl  12        0.403726        2.074932       -0.636942
     Cl  12        2.074932       -0.778837        0.138901
     Cl  12       -0.636942        0.138901        0.375110

     H   13       -0.360552        0.066201       -0.098118
     H   13        0.066201        0.147873        0.279879
     H   13       -0.098118        0.279879        0.212679

     C   14       -0.199906        0.139595       -0.192405
     C   14        0.139595       -0.134753       -0.171628
     C   14       -0.192405       -0.171628        0.334659

     H   15        0.066639        0.070253        0.325042
     H   15        0.070253       -0.109729        0.011974
     H   15        0.325042        0.011974        0.043090

     C   16       -0.084230        0.074403        0.031468
     C   16        0.074403       -0.429338       -0.062865
     C   16        0.031468       -0.062865        0.513567

     C   17       -0.391420       -0.278165       -0.038658
     C   17       -0.278165       -0.078865       -0.092674
     C   17       -0.038658       -0.092674        0.470285

     Cl  18        1.536647       -2.305935       -0.088847
     Cl  18       -2.305935        0.285969        0.003296
     Cl  18       -0.088847        0.003296       -1.822616

     H   19       -0.158059        0.143650        0.168375
     H   19        0.143650        0.188420       -0.462639
     H   19        0.168375       -0.462639       -0.030361

     C   20       -0.307807       -0.149716       -0.373759
     C   20       -0.149716       -0.050083        0.028907
     C   20       -0.373759        0.028907        0.357889

     H   21        0.325365       -0.081263        0.487327
     H   21       -0.081263        0.044579       -0.223374
     H   21        0.487327       -0.223374       -0.369944

     C   22       -0.056186       -0.073257       -0.127118
     C   22       -0.073257       -0.163230        0.214500
     C   22       -0.127118        0.214500        0.219416

     C   23       -0.046651        0.097200       -0.088884
     C   23        0.097200        0.130260        0.231391
     C   23       -0.088884        0.231391       -0.083609

     Cl  24        1.145902        1.818261        0.311509
     Cl  24        1.818261        0.637951       -0.844867
     Cl  24        0.311509       -0.844867       -1.783852

     ----- total EFG (symmetrized) -----
     Cl   1        0.891352       -1.690562       -0.252190
     Cl   1       -1.690562        1.797665       -0.199205
     Cl   1       -0.252190       -0.199205       -2.689017

     C    2       -0.187829       -0.084322       -0.151102
     C    2       -0.084322        0.095280       -0.292786
     C    2       -0.151102       -0.292786        0.092549

     C    3       -0.162985       -0.007130       -0.159572
     C    3       -0.007130        0.138039       -0.353407
     C    3       -0.159572       -0.353407        0.024946

     H    4        0.215328        0.209678        0.123404
     H    4        0.209678       -0.055234        0.040568
     H    4        0.123404        0.040568       -0.160095

     C    5       -0.107745        0.176170        0.186574
     C    5        0.176170       -0.173482       -0.316308
     C    5        0.186574       -0.316308        0.281228

     H    6       -0.217296        0.029095       -0.116399
     H    6        0.029095        0.437285        0.142273
     H    6       -0.116399        0.142273       -0.219988

     H    7       -0.137851       -0.000090       -0.030358
     H    7       -0.000090       -0.059446       -0.293271
     H    7       -0.030358       -0.293271        0.197298

     C    8       -0.217682        0.036218       -0.160313
     C    8        0.036218       -0.072073        0.374774
     C    8       -0.160313        0.374774        0.289755

     H    9        0.265865        0.065284        0.316182
     H    9        0.065284       -0.389985       -0.118593
     H    9        0.316182       -0.118593        0.124120

     C   10       -0.373735       -0.236601       -0.119224
     C   10       -0.236601        0.338715        0.267347
     C   10       -0.119224        0.267347        0.035021

     C   11        0.220240        0.214259       -0.126358
     C   11        0.214259        0.005449        0.320678
     C   11       -0.126358        0.320678       -0.225689

     Cl  12        0.403726        2.074932       -0.636942
     Cl  12        2.074932       -0.778837        0.138901
     Cl  12       -0.636942        0.138901        0.375110

     H   13       -0.360552        0.066201       -0.098118
     H   13        0.066201        0.147873        0.279879
     H   13       -0.098118        0.279879        0.212679

     C   14       -0.199906        0.139595       -0.192405
     C   14        0.139595       -0.134753       -0.171628
     C   14       -0.192405       -0.171628        0.334659

     H   15        0.066639        0.070253        0.325042
     H   15        0.070253       -0.109729        0.011974
     H   15        0.325042        0.011974        0.043090

     C   16       -0.084230        0.074403        0.031468
     C   16        0.074403       -0.429338       -0.062865
     C   16        0.031468       -0.062865        0.513567

     C   17       -0.391420       -0.278165       -0.038658
     C   17       -0.278165       -0.078865       -0.092674
     C   17       -0.038658       -0.092674        0.470285

     Cl  18        1.536647       -2.305935       -0.088847
     Cl  18       -2.305935        0.285969        0.003296
     Cl  18       -0.088847        0.003296       -1.822616

     H   19       -0.158059        0.143650        0.168375
     H   19        0.143650        0.188420       -0.462639
     H   19        0.168375       -0.462639       -0.030361

     C   20       -0.307807       -0.149716       -0.373759
     C   20       -0.149716       -0.050083        0.028907
     C   20       -0.373759        0.028907        0.357889

     H   21        0.325365       -0.081263        0.487327
     H   21       -0.081263        0.044579       -0.223374
     H   21        0.487327       -0.223374       -0.369944

     C   22       -0.056186       -0.073257       -0.127118
     C   22       -0.073257       -0.163230        0.214500
     C   22       -0.127118        0.214500        0.219416

     C   23       -0.046651        0.097200       -0.088884
     C   23        0.097200        0.130260        0.231391
     C   23       -0.088884        0.231391       -0.083609

     Cl  24        1.145902        1.818261        0.311509
     Cl  24        1.818261        0.637951       -0.844867
     Cl  24        0.311509       -0.844867       -1.783852


     NQR/NMR SPECTROSCOPIC PARAMETERS:
     Cl   1    Vxx=   -0.3614    axis=(  0.786037  0.602862 -0.136758)
     Cl   1    Vyy=   -2.7334    axis=(  0.108033  0.083859  0.990604)
     Cl   1    Vzz=    3.0948    axis=( -0.608666  0.793426 -0.000788)
     Cl   1  Q=        -8.1650 1e-30 m^2  Cq=       -59.3713 MHz  eta= 0.76646

     C    2    Vxx=   -0.0294    axis=( -0.710920  0.549618  0.438762)
     C    2    Vyy=   -0.3614    axis=( -0.697779 -0.473429 -0.537558)
     C    2    Vzz=    0.3908    axis=( -0.087729 -0.688320  0.720082)
     C    2  Q=         1.0000 1e-30 m^2  Cq=         0.9183 MHz  eta= 0.84964

     C    3    Vxx=   -0.0940    axis=(  0.813492 -0.478516 -0.330534)
     C    3    Vyy=   -0.3616    axis=(  0.558512  0.484325  0.673419)
     C    3    Vzz=    0.4555    axis=(  0.162156  0.732428 -0.661252)
     C    3  Q=         1.0000 1e-30 m^2  Cq=         1.0703 MHz  eta= 0.58749

     H    4    Vxx=   -0.1552    axis=(  0.285950 -0.808286  0.514690)
     H    4    Vyy=   -0.2057    axis=(  0.427224 -0.373244 -0.823510)
     H    4    Vzz=    0.3610    axis=(  0.857737  0.455370  0.238590)
     H    4  Q=         1.0000 1e-30 m^2  Cq=         0.8481 MHz  eta= 0.13985

     C    5    Vxx=    0.0331    axis=(  0.823692  0.559265  0.093567)
     C    5    Vyy=    0.4583    axis=( -0.171137  0.402505 -0.899278)
     C    5    Vzz=   -0.4914    axis=( -0.540596  0.724715  0.427251)
     C    5  Q=         1.0000 1e-30 m^2  Cq=        -1.1545 MHz  eta= 0.86542

     H    6    Vxx=   -0.1124    axis=( -0.752581 -0.127373  0.646063)
     H    6    Vyy=   -0.3543    axis=(  0.658459 -0.156505  0.736165)
     H    6    Vzz=    0.4668    axis=(  0.007345  0.979430  0.201652)
     H    6  Q=         1.0000 1e-30 m^2  Cq=         1.0968 MHz  eta= 0.51821

     H    7    Vxx=   -0.1366    axis=(  0.988431 -0.146603 -0.038892)
     H    7    Vyy=   -0.2536    axis=(  0.143878  0.825127  0.546318)
     H    7    Vzz=    0.3903    axis=( -0.048001 -0.545593  0.836674)
     H    7  Q=         1.0000 1e-30 m^2  Cq=         0.9170 MHz  eta= 0.29977

     C    8    Vxx=   -0.1515    axis=(  0.794764  0.573574 -0.198401)
     C    8    Vyy=   -0.3917    axis=( -0.586931  0.643159 -0.491792)
     C    8    Vzz=    0.5432    axis=( -0.154476  0.507306  0.847808)
     C    8  Q=         1.0000 1e-30 m^2  Cq=         1.2764 MHz  eta= 0.44213

     H    9    Vxx=   -0.0731    axis=(  0.588068  0.386919 -0.710260)
     H    9    Vyy=   -0.4466    axis=(  0.224732 -0.921740 -0.316055)
     H    9    Vzz=    0.5196    axis=( -0.776963  0.026244 -0.628999)
     H    9  Q=         1.0000 1e-30 m^2  Cq=         1.2209 MHz  eta= 0.71879

     C   10    Vxx=   -0.1199    axis=(  0.043419 -0.486334  0.872693)
     C   10    Vyy=   -0.4487    axis=(  0.961796  0.256685  0.095193)
     C   10    Vzz=    0.5686    axis=( -0.270303  0.835220  0.478899)
     C   10  Q=         1.0000 1e-30 m^2  Cq=         1.3359 MHz  eta= 0.57825

     C   11    Vxx=    0.1585    axis=( -0.562668  0.534183  0.630914)
     C   11    Vyy=    0.3630    axis=( -0.771487 -0.613501 -0.168596)
     C   11    Vzz=   -0.5215    axis=(  0.297005 -0.581606  0.757313)
     C   11  Q=         1.0000 1e-30 m^2  Cq=        -1.2254 MHz  eta= 0.39211

     Cl  12    Vxx=    0.3541    axis=( -0.094635 -0.290070 -0.952315)
     Cl  12    Vyy=    2.0794    axis=( -0.789408 -0.560962  0.249312)
     Cl  12    Vzz=   -2.4335    axis=(  0.606531 -0.775359  0.175897)
     Cl  12  Q=        -8.1650 1e-30 m^2  Cq=        46.6851 MHz  eta= 0.70896

     H   13    Vxx=   -0.0582    axis=(  0.352941  0.711643 -0.607452)
     H   13    Vyy=   -0.4049    axis=( -0.934934  0.242920 -0.258629)
     H   13    Vzz=    0.4631    axis=( -0.036489  0.659208  0.751075)
     H   13  Q=         1.0000 1e-30 m^2  Cq=         1.0881 MHz  eta= 0.74866

     C   14    Vxx=   -0.1531    axis=(  0.451434  0.770890  0.449373)
     C   14    Vyy=   -0.3152    axis=(  0.831397 -0.546259  0.101885)
     C   14    Vzz=    0.4683    axis=( -0.324016 -0.327613  0.887515)
     C   14  Q=         1.0000 1e-30 m^2  Cq=         1.1002 MHz  eta= 0.34629

     H   15    Vxx=   -0.1070    axis=( -0.080589 -0.964495  0.251507)
     H   15    Vyy=   -0.2802    axis=( -0.689555  0.236149  0.684651)
     H   15    Vzz=    0.3871    axis=(  0.719735  0.118253  0.684103)
     H   15  Q=         1.0000 1e-30 m^2  Cq=         0.9096 MHz  eta= 0.44731

     C   16    Vxx=   -0.0694    axis=(  0.977775  0.207442 -0.030409)
     C   16    Vyy=   -0.4495    axis=( -0.204926  0.976241  0.070422)
     C   16    Vzz=    0.5189    axis=(  0.044295 -0.062625  0.997054)
     C   16  Q=         1.0000 1e-30 m^2  Cq=         1.2192 MHz  eta= 0.73243

     C   17    Vxx=    0.0749    axis=(  0.515676 -0.844008 -0.147409)
     C   17    Vyy=    0.4856    axis=( -0.009347  0.166497 -0.985998)
     C   17    Vzz=   -0.5605    axis=(  0.856733  0.509833  0.077970)
     C   17  Q=         1.0000 1e-30 m^2  Cq=        -1.3169 MHz  eta= 0.73271

     Cl  18    Vxx=   -1.4704    axis=(  0.599502  0.787335 -0.143876)
     Cl  18    Vyy=   -1.8311    axis=(  0.098539  0.105788  0.989494)
     Cl  18    Vzz=    3.3016    axis=(  0.794284 -0.607382 -0.014163)
     Cl  18  Q=        -8.1650 1e-30 m^2  Cq=       -63.3387 MHz  eta= 0.10924

     H   19    Vxx=   -0.0261    axis=(  0.858454  0.308629  0.409639)
     H   19    Vyy=   -0.5285    axis=( -0.512740  0.535713  0.670902)
     H   19    Vzz=    0.5545    axis=( -0.012389 -0.785977  0.618132)
     H   19  Q=         1.0000 1e-30 m^2  Cq=         1.3029 MHz  eta= 0.90598

     C   20    Vxx=   -0.0291    axis=( -0.181256  0.952118 -0.246207)
     C   20    Vyy=   -0.5099    axis=( -0.888567 -0.265836 -0.373870)
     C   20    Vzz=    0.5389    axis=( -0.421419  0.151006  0.894205)
     C   20  Q=         1.0000 1e-30 m^2  Cq=         1.2662 MHz  eta= 0.89217

     H   21    Vxx=    0.0290    axis=(  0.368223  0.927150 -0.069323)
     H   21    Vyy=    0.6303    axis=( -0.831381  0.294975 -0.470951)
     H   21    Vzz=   -0.6593    axis=( -0.416194  0.231049  0.879431)
     H   21  Q=         1.0000 1e-30 m^2  Cq=        -1.5490 MHz  eta= 0.91200

     C   22    Vxx=   -0.1054    axis=(  0.940887  0.050440  0.334945)
     C   22    Vyy=   -0.2607    axis=( -0.088458 -0.917945  0.386721)
     C   22    Vzz=    0.3660    axis=( -0.326967  0.393489  0.859220)
     C   22  Q=         1.0000 1e-30 m^2  Cq=         0.8600 MHz  eta= 0.42427

     C   23    Vxx=    0.0147    axis=(  0.882646  0.149741 -0.445548)
     C   23    Vyy=    0.2821    axis=( -0.113601 -0.851839 -0.511336)
     C   23    Vzz=   -0.2968    axis=( -0.456104  0.501944 -0.734862)
     C   23  Q=         1.0000 1e-30 m^2  Cq=        -0.6974 MHz  eta= 0.90090

     Cl  24    Vxx=   -0.4320    axis=( -0.599618  0.609246 -0.518919)
     Cl  24    Vyy=   -2.3194    axis=( -0.301490  0.428676  0.851670)
     Cl  24    Vzz=    2.7513    axis=( -0.741324 -0.667126  0.073360)
     Cl  24  Q=        -8.1650 1e-30 m^2  Cq=       -52.7832 MHz  eta= 0.68599

     Initialization:
     gipaw_setup  :      9.12s CPU     10.70s WALL (       1 calls)

     Linear response

     Apply operators

     Induced current

     Other routines
     efg          :      9.50s CPU     12.08s WALL (       1 calls)

     General routines
     calbec       :      3.32s CPU      4.17s WALL (      16 calls)
     fft          :      1.82s CPU      2.87s WALL (      15 calls)
     ffts         :      0.03s CPU      0.04s WALL (       2 calls)
     fftw         :      3.39s CPU      4.22s WALL (     672 calls)
     davcio       :      0.02s CPU      0.31s WALL (      32 calls)

     Parallel routines
     fft_scatter  :      2.65s CPU      4.34s WALL (     689 calls)

     Plugins

     GIPAW        :     61.64s CPU     72.63s WALL (       1 calls)
