
     Program QE v.6.0 (svn rev. 13079) starts on  3Jan2017 at 12:35:51 

     This program is part of the open-source Quantum ESPRESSO suite
     for quantum simulation of materials; please cite
         "P. Giannozzi et al., J. Phys.:Condens. Matter 21 395502 (2009);
          URL http://www.quantum-espresso.org", 
     in publications or presentations arising from this work. More details at
     http://www.quantum-espresso.org/quote

     Parallel version (MPI), running on     8 processors
     R & G space division:  proc/nbgrp/npool/nimage =       8

     ***** This is GIPAW svn revision unknown      *****

     Parallelizing q-star over 1 images

     Reading data from directory:
     /users/majewski/paradichlorobenzene/pbe/9_constraint/scratch/pbe.ecut100.np8.dt60.pcl2phi-129368.save
     Message from routine read_xml_file:
     file /users/majewski/paradichlorobenzene/pbe/9_constraint/scratch/pbe.ecut100.np8.dt60.pcl2phi-129368.save not guaranteed to be safe for post-processing

   Info: using nr1, nr2, nr3 values from input

   Info: using nr1, nr2, nr3 values from input

     IMPORTANT: XC functional enforced from input :
     Exchange-correlation      =  SLA  PW   PBX  PBC ( 1  4  3  4 0 0)
     Any further DFT definition will be discarded
     Please, verify this is what you really want

               file C.pbe-n-kjpaw_psl.1.0.0.UPF: wavefunction(s)  2S 2P renormalized
               file Cl.pbe-n-kjpaw_psl.1.0.0.UPF: wavefunction(s)  3S 3P renormalized
               file H.pbe-kjpaw_psl.1.0.0.UPF: wavefunction(s)  1S renormalized

     Parallelization info
     --------------------
     sticks:   dense  smooth     PW     G-vecs:    dense   smooth      PW
     Min        3057    1223    332               144436    36536    5170
     Max        3059    1225    333               144437    36537    5171
     Sum       24467    9791   2657              1155489   292295   41363


     Subspace diagonalization in iterative solution of the eigenvalue problem:
     a serial algorithm will be used

     GIPAW projectors -----------------------------------------------
     atom=  C    l=0  rc=    1.2000  rs=    0.8000
     atom=  C    l=0  rc=    1.2000  rs=    0.8000
     atom=  C    l=1  rc=    1.4000  rs=    0.9333
     atom=  C    l=1  rc=    1.4000  rs=    0.9333
     projs nearly linearly dependent: l=1  n1,n2= 1, 2  s=  0.99951561

     atom=  Cl   l=0  rc=    1.6000  rs=    1.0667
     atom=  Cl   l=0  rc=    1.6000  rs=    1.0667
     atom=  Cl   l=1  rc=    1.6000  rs=    1.0667
     atom=  Cl   l=1  rc=    1.6000  rs=    1.0667
     atom=  Cl   l=2  rc=    1.6000  rs=    1.0667
     atom=  Cl   l=2  rc=    1.6000  rs=    1.0667
     projs nearly linearly dependent: l=2  n1,n2= 1, 2  s=  0.99993509

     atom=  H    l=0  rc=    1.0000  rs=    0.6667
     atom=  H    l=0  rc=    1.0000  rs=    0.6667
     projs nearly linearly dependent: l=0  n1,n2= 1, 2  s=  0.99968852
     -----------------------------------------------------------------

     GIPAW integrals: -------------------------------------------
     Atom  i/j   nmr_para   nmr_dia   epr_rmc  epr_para   epr_dia
       C   1 1   0.83E+03  0.17E-01  0.93E+01  0.24E+08  0.24E+03
       C   2 1   0.86E+03 -0.61E-01  0.94E+01  0.25E+08  0.25E+03
       C   2 2   0.90E+03 -0.15E+00  0.97E+01  0.26E+08  0.26E+03
       C   3 3   0.33E+01  0.34E+00  0.18E+01  0.55E+03  0.21E+02
       C   4 3   0.35E+01  0.37E+00  0.20E+01  0.59E+03  0.22E+02
       C   4 4   0.38E+01  0.39E+00  0.22E+01  0.63E+03  0.24E+02
       Cl  1 1   0.14E+04 -0.47E+00  0.84E+01  0.32E+09  0.42E+03
       Cl  2 1   0.21E+04 -0.37E+00  0.12E+02  0.49E+09  0.65E+03
       Cl  2 2   0.33E+04 -0.16E+00  0.21E+02  0.76E+09  0.10E+04
       Cl  3 3   0.21E+02  0.79E-01  0.89E+01  0.23E+05  0.13E+03
       Cl  4 3   0.24E+02  0.67E-01  0.99E+01  0.27E+05  0.15E+03
       Cl  4 4   0.28E+02  0.44E-01  0.11E+02  0.32E+05  0.18E+03
       Cl  5 5   0.77E+00  0.19E+00  0.18E+01  0.12E+03  0.22E+02
       Cl  6 5   0.80E+00  0.19E+00  0.19E+01  0.12E+03  0.23E+02
       Cl  6 6   0.83E+00  0.20E+00  0.19E+01  0.12E+03  0.23E+02
       H   1 1   0.39E+02  0.19E+00  0.29E+00  0.78E+05  0.13E+02
       H   2 1   0.41E+02  0.21E+00  0.32E+00  0.82E+05  0.14E+02
       H   2 2   0.43E+02  0.22E+00  0.36E+00  0.86E+05  0.15E+02
     ------------------------------------------------------------

     alpha_pv=     34.0490 eV

     Number of occupied bands for each k-point:
     k-point:     1    nbnd_occ=  42
     k-point:     2    nbnd_occ=  42
     k-point:     3    nbnd_occ=  42
     k-point:     4    nbnd_occ=  42
     k-point:     5    nbnd_occ=  42
     k-point:     6    nbnd_occ=  42
     k-point:     7    nbnd_occ=  42
     k-point:     8    nbnd_occ=  42
     k-point:     9    nbnd_occ=  42
     k-point:    10    nbnd_occ=  42
     k-point:    11    nbnd_occ=  42
     k-point:    12    nbnd_occ=  42
     k-point:    13    nbnd_occ=  42
     k-point:    14    nbnd_occ=  42
     k-point:    15    nbnd_occ=  42
     k-point:    16    nbnd_occ=  42


     q-space interpolation up to   110.00 Rydberg

     GIPAW job: efg                                                                             


     ELECTRIC FIELD GRADIENTS TENSORS IN Hartree/bohrradius^2:

     ----- bare term -----
     Cl   1       -0.051324       -0.035977        0.013249
     Cl   1       -0.035977        0.098599        0.140590
     Cl   1        0.013249        0.140590       -0.047276

     C    2       -0.789410        0.426590       -0.364896
     C    2        0.426590        0.355488       -0.015465
     C    2       -0.364896       -0.015465        0.433922

     C    3        0.130878        0.210138       -0.055756
     C    3        0.210138       -0.528997       -0.429953
     C    3       -0.055756       -0.429953        0.398119

     H    4       -0.524678       -0.009836       -0.120407
     H    4       -0.009836        0.312019       -0.406554
     H    4       -0.120407       -0.406554        0.212659

     C    5       -0.913966        0.315220       -0.413878
     C    5        0.315220        0.352950       -0.017791
     C    5       -0.413878       -0.017791        0.561016

     H    6        0.478365       -0.127819       -0.031835
     H    6       -0.127819       -0.579515       -0.280274
     H    6       -0.031835       -0.280274        0.101149

     H    7        0.475279        0.072236       -0.042633
     H    7        0.072236       -0.716528       -0.176432
     H    7       -0.042633       -0.176432        0.241249

     C    8       -0.207300        0.101539       -0.208386
     C    8        0.101539       -0.066508        0.189261
     C    8       -0.208386        0.189261        0.273808

     H    9       -0.371797        0.440080        0.093622
     H    9        0.440080        0.231241       -0.127360
     H    9        0.093622       -0.127360        0.140556

     C   10       -0.062634       -0.276370        0.153471
     C   10       -0.276370       -0.155516        0.144187
     C   10        0.153471        0.144187        0.218150

     C   11       -0.197000        0.169718       -0.194188
     C   11        0.169718        0.006674        0.344068
     C   11       -0.194188        0.344068        0.190326

     Cl  12        0.097090       -0.191736        0.051416
     Cl  12       -0.191736        0.011750       -0.333080
     Cl  12        0.051416       -0.333080       -0.108840

     H   13        0.404414        0.141827        0.044159
     H   13        0.141827       -0.655074       -0.453675
     H   13        0.044159       -0.453675        0.250660

     C   14       -0.083109        0.147355       -0.154698
     C   14        0.147355       -0.164642       -0.329508
     C   14       -0.154698       -0.329508        0.247750

     H   15        0.017789       -0.299542       -0.443377
     H   15       -0.299542        0.058814       -0.483917
     H   15       -0.443377       -0.483917       -0.076604

     C   16       -0.746121        0.380540       -0.343145
     C   16        0.380540        0.297283       -0.024778
     C   16       -0.343145       -0.024778        0.448838

     C   17        0.103901        0.236776       -0.042756
     C   17        0.236776       -0.387680       -0.409603
     C   17       -0.042756       -0.409603        0.283780

     Cl  18       -0.079238        0.140537       -0.009472
     Cl  18        0.140537       -0.010936       -0.011057
     Cl  18       -0.009472       -0.011057        0.090174

     H   19        0.167485        0.047302       -0.314548
     H   19        0.047302       -0.218594        0.467483
     H   19       -0.314548        0.467483        0.051109

     C   20       -0.454158       -0.334986        0.011607
     C   20       -0.334986        0.067967        0.417338
     C   20        0.011607        0.417338        0.386191

     H   21       -0.683102       -0.014375       -0.314381
     H   21       -0.014375        0.365735        0.145460
     H   21       -0.314381        0.145460        0.317367

     C   22       -0.042379        0.182141       -0.283627
     C   22        0.182141       -0.141360        0.660129
     C   22       -0.283627        0.660129        0.183739

     C   23       -0.319067       -0.353565       -0.075186
     C   23       -0.353565       -0.164435        0.464907
     C   23       -0.075186        0.464907        0.483502

     Cl  24       -0.026123        0.114534       -0.026957
     Cl  24        0.114534        0.099696       -0.110693
     Cl  24       -0.026957       -0.110693       -0.073573

     ----- ionic term -----
     Cl   1        0.197236       -0.242036        0.021393
     Cl   1       -0.242036       -0.019326       -0.002165
     Cl   1        0.021393       -0.002165       -0.177910

     C    2        0.223837       -0.209622        0.266271
     C    2       -0.209622        0.184450        0.368366
     C    2        0.266271        0.368366       -0.408287

     C    3        0.146043       -0.212588        0.179436
     C    3       -0.212588        0.285134        0.362309
     C    3        0.179436        0.362309       -0.431177

     H    4        0.683427        0.371580        0.596381
     H    4        0.371580       -0.346167        0.244143
     H    4        0.596381        0.244143       -0.337260

     C    5        0.313738       -0.118750        0.266288
     C    5       -0.118750        0.105897        0.260703
     C    5        0.266288        0.260703       -0.419636

     H    6       -0.493098        0.186245        0.083087
     H    6        0.186245        0.828431        0.562741
     H    6        0.083087        0.562741       -0.335333

     H    7       -0.509597       -0.049944        0.025663
     H    7       -0.049944        0.715298       -0.675989
     H    7        0.025663       -0.675989       -0.205700

     C    8        0.324319        0.206742        0.134074
     C    8        0.206742        0.121956       -0.300209
     C    8        0.134074       -0.300209       -0.446275

     H    9        0.792964       -0.213533        0.590981
     H    9       -0.213533       -0.471269       -0.189162
     H    9        0.590981       -0.189162       -0.321694

     C   10        0.223926        0.290136        0.123396
     C   10        0.290136        0.193998       -0.372565
     C   10        0.123396       -0.372565       -0.417924

     C   11        0.359547        0.136108        0.173492
     C   11        0.136108        0.075453       -0.384690
     C   11        0.173492       -0.384690       -0.435001

     Cl  12        0.184458        0.199202       -0.014518
     Cl  12        0.199202       -0.021644       -0.026294
     Cl  12       -0.014518       -0.026294       -0.162814

     H   13       -0.486702       -0.082243       -0.014999
     H   13       -0.082243        0.736737        0.629679
     H   13       -0.014999        0.629679       -0.250035

     C   14        0.313577       -0.223318        0.268271
     C   14       -0.223318        0.050664        0.262316
     C   14        0.268271        0.262316       -0.364241

     H   15        0.470205        0.309359        0.725734
     H   15        0.309359       -0.423063        0.280745
     H   15        0.725734        0.280745       -0.047142

     C   16        0.153341       -0.214331        0.220946
     C   16       -0.214331        0.163245        0.366943
     C   16        0.220946        0.366943       -0.316587

     C   17        0.246567       -0.140810        0.272427
     C   17       -0.140810        0.123179        0.358962
     C   17        0.272427        0.358962       -0.369746

     Cl  18        0.129406       -0.194935        0.026606
     Cl  18       -0.194935        0.016236       -0.017790
     Cl  18        0.026606       -0.017790       -0.145642

     H   19       -0.495478       -0.197882        0.093307
     H   19       -0.197882        0.792443       -0.612428
     H   19        0.093307       -0.612428       -0.296964

     C   20        0.413549        0.110475        0.183195
     C   20        0.110475        0.050284       -0.299712
     C   20        0.183195       -0.299712       -0.463832

     H   21        0.701160       -0.395545        0.534368
     H   21       -0.395545       -0.383226       -0.240420
     H   21        0.534368       -0.240420       -0.317934

     C   22        0.208303        0.182271        0.104827
     C   22        0.182271        0.213573       -0.394138
     C   22        0.104827       -0.394138       -0.421877

     C   23        0.190208        0.126523        0.108685
     C   23        0.126523        0.211337       -0.417167
     C   23        0.108685       -0.417167       -0.401545

     Cl  24        0.108555        0.216603       -0.053079
     Cl  24        0.216603        0.011816       -0.035004
     Cl  24       -0.053079       -0.035004       -0.120372

     ----- GIPAW term -----
     Cl   1        0.427532       -2.112865        0.023091
     Cl   1       -2.112865        1.205667        1.374962
     Cl   1        0.023091        1.374962       -1.633199

     C    2       -0.182844        0.013544       -0.028070
     C    2        0.013544        0.233331        0.163767
     C    2       -0.028070        0.163767       -0.050487

     C    3       -0.096096        0.023473        0.026203
     C    3        0.023473        0.008515        0.182955
     C    3        0.026203        0.182955        0.087581

     H    4       -0.000000        0.000000        0.000000
     H    4        0.000000        0.000000        0.000000
     H    4        0.000000        0.000000        0.000000

     C    5       -0.187536        0.063559        0.018106
     C    5        0.063559        0.059571        0.163968
     C    5        0.018106        0.163968        0.127965

     H    6       -0.000000        0.000000        0.000000
     H    6        0.000000        0.000000        0.000000
     H    6        0.000000        0.000000        0.000000

     H    7       -0.000000        0.000000        0.000000
     H    7        0.000000        0.000000        0.000000
     H    7        0.000000        0.000000        0.000000

     C    8       -0.067414        0.022186       -0.002130
     C    8        0.022186        0.000638        0.113351
     C    8       -0.002130        0.113351        0.066776

     H    9       -0.000000        0.000000        0.000000
     H    9        0.000000        0.000000        0.000000
     H    9        0.000000        0.000000        0.000000

     C   10       -0.026360        0.000191        0.041573
     C   10        0.000191        0.000260        0.043865
     C   10        0.041573        0.043865        0.026100

     C   11       -0.055497        0.066326       -0.004627
     C   11        0.066326       -0.032346        0.098329
     C   11       -0.004627        0.098329        0.087844

     Cl  12       -0.470534        0.147899       -0.366379
     Cl  12        0.147899       -0.157302        0.992160
     Cl  12       -0.366379        0.992160        0.627836

     H   13       -0.000000        0.000000        0.000000
     H   13        0.000000        0.000000        0.000000
     H   13        0.000000        0.000000        0.000000

     C   14       -0.118414        0.046307        0.010646
     C   14        0.046307        0.138029        0.124857
     C   14        0.010646        0.124857       -0.019615

     H   15       -0.000000        0.000000        0.000000
     H   15        0.000000        0.000000        0.000000
     H   15        0.000000        0.000000        0.000000

     C   16       -0.194747        0.113235        0.000618
     C   16        0.113235        0.151366        0.157072
     C   16        0.000618        0.157072        0.043381

     C   17       -0.045052        0.046634        0.084223
     C   17        0.046634        0.052684        0.173225
     C   17        0.084223        0.173225       -0.007632

     Cl  18       -0.457218       -0.222147        1.074187
     Cl  18       -0.222147       -0.097713        1.917032
     Cl  18        1.074187        1.917032        0.554931

     H   19       -0.000000        0.000000        0.000000
     H   19        0.000000        0.000000        0.000000
     H   19        0.000000        0.000000        0.000000

     C   20       -0.114021        0.065108        0.114618
     C   20        0.065108        0.065495        0.204664
     C   20        0.114618        0.204664        0.048526

     H   21       -0.000000        0.000000        0.000000
     H   21        0.000000        0.000000        0.000000
     H   21        0.000000        0.000000        0.000000

     C   22        0.009202        0.204012        0.011066
     C   22        0.204012        0.030353        0.179338
     C   22        0.011066        0.179338       -0.039556

     C   23       -0.060111        0.117851        0.094764
     C   23        0.117851        0.011108        0.203220
     C   23        0.094764        0.203220        0.049003

     Cl  24        0.643926        2.873248       -0.382030
     Cl  24        2.873248        1.240832       -1.123075
     Cl  24       -0.382030       -1.123075       -1.884758

     ----- total EFG -----
     Cl   1        0.573444       -2.390878        0.057733
     Cl   1       -2.390878        1.284940        1.513388
     Cl   1        0.057733        1.513388       -1.858384

     C    2       -0.748417        0.230512       -0.126694
     C    2        0.230512        0.773269        0.516668
     C    2       -0.126694        0.516668       -0.024852

     C    3        0.180824        0.021023        0.149882
     C    3        0.021023       -0.235348        0.115311
     C    3        0.149882        0.115311        0.054523

     H    4        0.158749        0.361743        0.475974
     H    4        0.361743       -0.034148       -0.162411
     H    4        0.475974       -0.162411       -0.124601

     C    5       -0.787764        0.260029       -0.129484
     C    5        0.260029        0.518418        0.406880
     C    5       -0.129484        0.406880        0.269345

     H    6       -0.014733        0.058426        0.051252
     H    6        0.058426        0.248917        0.282467
     H    6        0.051252        0.282467       -0.234184

     H    7       -0.034319        0.022291       -0.016970
     H    7        0.022291       -0.001230       -0.852421
     H    7       -0.016970       -0.852421        0.035549

     C    8        0.049605        0.330467       -0.076442
     C    8        0.330467        0.056086        0.002404
     C    8       -0.076442        0.002404       -0.105690

     H    9        0.421167        0.226547        0.684604
     H    9        0.226547       -0.240028       -0.316522
     H    9        0.684604       -0.316522       -0.181138

     C   10        0.134932        0.013957        0.318440
     C   10        0.013957        0.038742       -0.184512
     C   10        0.318440       -0.184512       -0.173674

     C   11        0.107050        0.372152       -0.025323
     C   11        0.372152        0.049781        0.057707
     C   11       -0.025323        0.057707       -0.156831

     Cl  12       -0.188986        0.155365       -0.329481
     Cl  12        0.155365       -0.167196        0.632786
     Cl  12       -0.329481        0.632786        0.356181

     H   13       -0.082289        0.059584        0.029160
     H   13        0.059584        0.081664        0.176004
     H   13        0.029160        0.176004        0.000625

     C   14        0.112055       -0.029655        0.124220
     C   14       -0.029655        0.024051        0.057666
     C   14        0.124220        0.057666       -0.136106

     H   15        0.487994        0.009817        0.282357
     H   15        0.009817       -0.364248       -0.203173
     H   15        0.282357       -0.203173       -0.123746

     C   16       -0.787527        0.279443       -0.121581
     C   16        0.279443        0.611895        0.499237
     C   16       -0.121581        0.499237        0.175632

     C   17        0.305416        0.142600        0.313894
     C   17        0.142600       -0.211818        0.122584
     C   17        0.313894        0.122584       -0.093599

     Cl  18       -0.407050       -0.276546        1.091321
     Cl  18       -0.276546       -0.092413        1.888185
     Cl  18        1.091321        1.888185        0.499462

     H   19       -0.327994       -0.150580       -0.221242
     H   19       -0.150580        0.573848       -0.144945
     H   19       -0.221242       -0.144945       -0.245855

     C   20       -0.154630       -0.159403        0.309420
     C   20       -0.159403        0.183746        0.322289
     C   20        0.309420        0.322289       -0.029116

     H   21        0.018058       -0.409919        0.219987
     H   21       -0.409919       -0.017491       -0.094960
     H   21        0.219987       -0.094960       -0.000567

     C   22        0.175127        0.568424       -0.167735
     C   22        0.568424        0.102566        0.445330
     C   22       -0.167735        0.445330       -0.277693

     C   23       -0.188970       -0.109192        0.128263
     C   23       -0.109192        0.058009        0.250960
     C   23        0.128263        0.250960        0.130961

     Cl  24        0.726358        3.204384       -0.462066
     Cl  24        3.204384        1.352344       -1.268773
     Cl  24       -0.462066       -1.268773       -2.078702

     ----- total EFG (symmetrized) -----
     Cl   1        0.573444       -2.390878        0.057733
     Cl   1       -2.390878        1.284940        1.513388
     Cl   1        0.057733        1.513388       -1.858384

     C    2       -0.748417        0.230512       -0.126694
     C    2        0.230512        0.773269        0.516668
     C    2       -0.126694        0.516668       -0.024852

     C    3        0.180824        0.021023        0.149882
     C    3        0.021023       -0.235348        0.115311
     C    3        0.149882        0.115311        0.054523

     H    4        0.158749        0.361743        0.475974
     H    4        0.361743       -0.034148       -0.162411
     H    4        0.475974       -0.162411       -0.124601

     C    5       -0.787764        0.260029       -0.129484
     C    5        0.260029        0.518418        0.406880
     C    5       -0.129484        0.406880        0.269345

     H    6       -0.014733        0.058426        0.051252
     H    6        0.058426        0.248917        0.282467
     H    6        0.051252        0.282467       -0.234184

     H    7       -0.034319        0.022291       -0.016970
     H    7        0.022291       -0.001230       -0.852421
     H    7       -0.016970       -0.852421        0.035549

     C    8        0.049605        0.330467       -0.076442
     C    8        0.330467        0.056086        0.002404
     C    8       -0.076442        0.002404       -0.105690

     H    9        0.421167        0.226547        0.684604
     H    9        0.226547       -0.240028       -0.316522
     H    9        0.684604       -0.316522       -0.181138

     C   10        0.134932        0.013957        0.318440
     C   10        0.013957        0.038742       -0.184512
     C   10        0.318440       -0.184512       -0.173674

     C   11        0.107050        0.372152       -0.025323
     C   11        0.372152        0.049781        0.057707
     C   11       -0.025323        0.057707       -0.156831

     Cl  12       -0.188986        0.155365       -0.329481
     Cl  12        0.155365       -0.167196        0.632786
     Cl  12       -0.329481        0.632786        0.356181

     H   13       -0.082289        0.059584        0.029160
     H   13        0.059584        0.081664        0.176004
     H   13        0.029160        0.176004        0.000625

     C   14        0.112055       -0.029655        0.124220
     C   14       -0.029655        0.024051        0.057666
     C   14        0.124220        0.057666       -0.136106

     H   15        0.487994        0.009817        0.282357
     H   15        0.009817       -0.364248       -0.203173
     H   15        0.282357       -0.203173       -0.123746

     C   16       -0.787527        0.279443       -0.121581
     C   16        0.279443        0.611895        0.499237
     C   16       -0.121581        0.499237        0.175632

     C   17        0.305416        0.142600        0.313894
     C   17        0.142600       -0.211818        0.122584
     C   17        0.313894        0.122584       -0.093599

     Cl  18       -0.407050       -0.276546        1.091321
     Cl  18       -0.276546       -0.092413        1.888185
     Cl  18        1.091321        1.888185        0.499462

     H   19       -0.327994       -0.150580       -0.221242
     H   19       -0.150580        0.573848       -0.144945
     H   19       -0.221242       -0.144945       -0.245855

     C   20       -0.154630       -0.159403        0.309420
     C   20       -0.159403        0.183746        0.322289
     C   20        0.309420        0.322289       -0.029116

     H   21        0.018058       -0.409919        0.219987
     H   21       -0.409919       -0.017491       -0.094960
     H   21        0.219987       -0.094960       -0.000567

     C   22        0.175127        0.568424       -0.167735
     C   22        0.568424        0.102566        0.445330
     C   22       -0.167735        0.445330       -0.277693

     C   23       -0.188970       -0.109192        0.128263
     C   23       -0.109192        0.058009        0.250960
     C   23        0.128263        0.250960        0.130961

     Cl  24        0.726358        3.204384       -0.462066
     Cl  24        3.204384        1.352344       -1.268773
     Cl  24       -0.462066       -1.268773       -2.078702


     NQR/NMR SPECTROSCOPIC PARAMETERS:
     Cl   1    Vxx=   -0.7384    axis=(  0.707960  0.402472  0.580352)
     Cl   1    Vyy=   -2.8429    axis=(  0.362201  0.498536 -0.787574)
     Cl   1    Vzz=    3.5813    axis=( -0.606302  0.767775  0.207168)
     Cl   1  Q=        -8.1650 1e-30 m^2  Cq=       -68.7063 MHz  eta= 0.58762

     C    2    Vxx=   -0.1972    axis=( -0.353182 -0.372897  0.858027)
     C    2    Vyy=   -0.8428    axis=( -0.931610  0.224312 -0.285985)
     C    2    Vzz=    1.0401    axis=( -0.085823 -0.900351 -0.426618)
     C    2  Q=         1.0000 1e-30 m^2  Cq=         2.4437 MHz  eta= 0.62070

     C    3    Vxx=   -0.0155    axis=( -0.595155  0.327930  0.733657)
     C    3    Vyy=   -0.2778    axis=(  0.073795  0.931395 -0.356451)
     C    3    Vzz=    0.2933    axis=( -0.800216 -0.158003 -0.578524)
     C    3  Q=         1.0000 1e-30 m^2  Cq=         0.6892 MHz  eta= 0.89417

     H    4    Vxx=    0.0892    axis=( -0.000143  0.796170 -0.605073)
     H    4    Vyy=    0.5869    axis=( -0.813029 -0.352380 -0.463478)
     H    4    Vzz=   -0.6761    axis=( -0.582223  0.491876  0.647360)
     H    4  Q=         1.0000 1e-30 m^2  Cq=        -1.5885 MHz  eta= 0.73608

     C    5    Vxx=    0.0465    axis=( -0.288728 -0.528955  0.798024)
     C    5    Vyy=    0.8307    axis=( -0.085357 -0.815982 -0.571740)
     C    5    Vzz=   -0.8772    axis=( -0.953599  0.233194 -0.190447)
     C    5  Q=         1.0000 1e-30 m^2  Cq=        -2.0611 MHz  eta= 0.89398

     H    6    Vxx=   -0.0270    axis=(  0.981536 -0.190524 -0.016944)
     H    6    Vyy=   -0.3657    axis=( -0.064216 -0.411673  0.909066)
     H    6    Vzz=    0.3927    axis=( -0.180174 -0.891193 -0.416307)
     H    6  Q=         1.0000 1e-30 m^2  Cq=         0.9226 MHz  eta= 0.86269

     H    7    Vxx=   -0.0351    axis=(  0.999518 -0.017789  0.025430)
     H    7    Vyy=   -0.8355    axis=( -0.005073  0.714740  0.699372)
     H    7    Vzz=    0.8706    axis=( -0.030617 -0.699164  0.714305)
     H    7  Q=         1.0000 1e-30 m^2  Cq=         2.0456 MHz  eta= 0.91926

     C    8    Vxx=   -0.0943    axis=(  0.133458 -0.278133 -0.951226)
     C    8    Vyy=   -0.2946    axis=( -0.695551  0.657432 -0.289815)
     C    8    Vzz=    0.3889    axis=(  0.705973  0.700304 -0.105716)
     C    8  Q=         1.0000 1e-30 m^2  Cq=         0.9137 MHz  eta= 0.51519

     H    9    Vxx=    0.0004    axis=(  0.273859  0.850175 -0.449670)
     H    9    Vyy=    0.8682    axis=( -0.839691 -0.016619 -0.542810)
     H    9    Vzz=   -0.8686    axis=( -0.468957  0.526238  0.709333)
     H    9  Q=         1.0000 1e-30 m^2  Cq=        -2.0408 MHz  eta= 0.99917

     C   10    Vxx=    0.0710    axis=(  0.424096  0.897016 -0.124520)
     C   10    Vyy=    0.3605    axis=(  0.775289 -0.288552  0.561841)
     C   10    Vzz=   -0.4315    axis=(  0.468049 -0.334813 -0.817820)
     C   10  Q=         1.0000 1e-30 m^2  Cq=        -1.0138 MHz  eta= 0.67110

     C   11    Vxx=   -0.1353    axis=( -0.261641  0.234115  0.936341)
     C   11    Vyy=   -0.3170    axis=( -0.629699  0.693813 -0.349431)
     C   11    Vzz=    0.4524    axis=( -0.731453 -0.681039 -0.034108)
     C   11  Q=         1.0000 1e-30 m^2  Cq=         1.0629 MHz  eta= 0.40170

     Cl  12    Vxx=   -0.0506    axis=(  0.849419  0.515338 -0.113638)
     Cl  12    Vyy=   -0.7662    axis=( -0.489897  0.689990 -0.532836)
     Cl  12    Vzz=    0.8168    axis=( -0.196182  0.508272  0.838554)
     Cl  12  Q=        -8.1650 1e-30 m^2  Cq=       -15.6702 MHz  eta= 0.87599

     H   13    Vxx=   -0.0914    axis=(  0.940172  0.022066 -0.339984)
     H   13    Vyy=   -0.1436    axis=( -0.275556  0.636102 -0.720724)
     H   13    Vzz=    0.2350    axis=( -0.200361 -0.771289 -0.604126)
     H   13  Q=         1.0000 1e-30 m^2  Cq=         0.5522 MHz  eta= 0.22183

     C   14    Vxx=    0.0420    axis=(  0.064831 -0.961747 -0.266158)
     C   14    Vyy=    0.1638    axis=(  0.925873 -0.041518  0.375547)
     C   14    Vzz=   -0.2058    axis=( -0.372232 -0.270776  0.887764)
     C   14  Q=         1.0000 1e-30 m^2  Cq=        -0.4835 MHz  eta= 0.59171

     H   15    Vxx=   -0.0978    axis=( -0.346882 -0.576693  0.739661)
     H   15    Vyy=   -0.5052    axis=( -0.166291  0.813949  0.556628)
     H   15    Vzz=    0.6030    axis=(  0.923049 -0.070086  0.378243)
     H   15  Q=         1.0000 1e-30 m^2  Cq=         1.4167 MHz  eta= 0.67574

     C   16    Vxx=   -0.0646    axis=( -0.320846 -0.473011  0.820560)
     C   16    Vyy=   -0.8906    axis=( -0.941963  0.249743 -0.224352)
     C   16    Vzz=    0.9552    axis=( -0.098808 -0.844920 -0.525688)
     C   16  Q=         1.0000 1e-30 m^2  Cq=         2.2443 MHz  eta= 0.86471

     C   17    Vxx=   -0.2241    axis=(  0.486761 -0.720541 -0.493846)
     C   17    Vyy=   -0.2998    axis=(  0.223913  0.649372 -0.726759)
     C   17    Vzz=    0.5240    axis=( -0.844350 -0.243180 -0.477428)
     C   17  Q=         1.0000 1e-30 m^2  Cq=         1.2311 MHz  eta= 0.14448

     Cl  18    Vxx=   -0.0798    axis=(  0.843144 -0.524128  0.119994)
     Cl  18    Vyy=   -2.2050    axis=(  0.474494  0.620315 -0.624551)
     Cl  18    Vzz=    2.2849    axis=(  0.252911  0.583523  0.771710)
     Cl  18  Q=        -8.1650 1e-30 m^2  Cq=       -43.8338 MHz  eta= 0.93013

     H   19    Vxx=   -0.0622    axis=(  0.646547 -0.020717 -0.762593)
     H   19    Vyy=   -0.5506    axis=(  0.752406  0.182348  0.632957)
     H   19    Vzz=    0.6128    axis=( -0.125944  0.983016 -0.133484)
     H   19  Q=         1.0000 1e-30 m^2  Cq=         1.4399 MHz  eta= 0.79695

     C   20    Vxx=    0.1344    axis=( -0.748004  0.492175 -0.445257)
     C   20    Vyy=    0.4234    axis=(  0.127213  0.764758  0.631634)
     C   20    Vzz=   -0.5579    axis=( -0.651388 -0.415822  0.634653)
     C   20  Q=         1.0000 1e-30 m^2  Cq=        -1.3107 MHz  eta= 0.51801

     H   21    Vxx=   -0.0817    axis=( -0.135975  0.442574  0.886363)
     H   21    Vyy=   -0.4290    axis=( -0.715971 -0.662278  0.220849)
     H   21    Vzz=    0.5107    axis=(  0.684760 -0.604580  0.406923)
     H   21  Q=         1.0000 1e-30 m^2  Cq=         1.2000 MHz  eta= 0.67994

     C   22    Vxx=    0.0625    axis=(  0.595843 -0.333628 -0.730523)
     C   22    Vyy=    0.7471    axis=( -0.658546 -0.723607 -0.206665)
     C   22    Vzz=   -0.8096    axis=( -0.459662  0.604223 -0.650865)
     C   22  Q=         1.0000 1e-30 m^2  Cq=        -1.9022 MHz  eta= 0.84560

     C   23    Vxx=   -0.0077    axis=(  0.671989 -0.590442  0.447000)
     C   23    Vyy=   -0.3417    axis=(  0.738681  0.491429 -0.461355)
     C   23    Vzz=    0.3494    axis=(  0.052734  0.640216  0.766383)
     C   23  Q=         1.0000 1e-30 m^2  Cq=         0.8210 MHz  eta= 0.95587

     Cl  24    Vxx=   -1.7434    axis=(  0.647681 -0.406241  0.644576)
     Cl  24    Vyy=   -2.7547    axis=( -0.398799  0.540099  0.741115)
     Cl  24    Vzz=    4.4981    axis=( -0.649206 -0.737062  0.187804)
     Cl  24  Q=        -8.1650 1e-30 m^2  Cq=       -86.2929 MHz  eta= 0.22484

     Initialization:
     gipaw_setup  :      9.08s CPU     10.86s WALL (       1 calls)

     Linear response

     Apply operators

     Induced current

     Other routines
     efg          :      9.39s CPU     12.47s WALL (       1 calls)

     General routines
     calbec       :      3.52s CPU      5.40s WALL (      16 calls)
     fft          :      1.50s CPU      2.08s WALL (      15 calls)
     ffts         :      0.04s CPU      0.05s WALL (       2 calls)
     fftw         :      3.15s CPU      3.76s WALL (     672 calls)
     davcio       :      0.01s CPU      0.32s WALL (      32 calls)

     Parallel routines
     fft_scatter  :      1.96s CPU      3.13s WALL (     689 calls)

     Plugins

     GIPAW        :     61.66s CPU     74.36s WALL (       1 calls)
