
     Program QE v.6.0 (svn rev. 13079) starts on 30Dec2016 at  7: 2:53 

     This program is part of the open-source Quantum ESPRESSO suite
     for quantum simulation of materials; please cite
         "P. Giannozzi et al., J. Phys.:Condens. Matter 21 395502 (2009);
          URL http://www.quantum-espresso.org", 
     in publications or presentations arising from this work. More details at
     http://www.quantum-espresso.org/quote

     Parallel version (MPI), running on     8 processors
     R & G space division:  proc/nbgrp/npool/nimage =       8

     ***** This is GIPAW svn revision unknown      *****

     Parallelizing q-star over 1 images

     Reading data from directory:
     /users/majewski/paradichlorobenzene/pbe/9_constraint/scratch/pbe.ecut100.np8.dt60.pcl2phi-129368.save
     Message from routine read_xml_file:
     file /users/majewski/paradichlorobenzene/pbe/9_constraint/scratch/pbe.ecut100.np8.dt60.pcl2phi-129368.save not guaranteed to be safe for post-processing

   Info: using nr1, nr2, nr3 values from input

   Info: using nr1, nr2, nr3 values from input

     IMPORTANT: XC functional enforced from input :
     Exchange-correlation      =  SLA  PW   PBX  PBC ( 1  4  3  4 0 0)
     Any further DFT definition will be discarded
     Please, verify this is what you really want

               file C.pbe-n-kjpaw_psl.1.0.0.UPF: wavefunction(s)  2S 2P renormalized
               file Cl.pbe-n-kjpaw_psl.1.0.0.UPF: wavefunction(s)  3S 3P renormalized
               file H.pbe-kjpaw_psl.1.0.0.UPF: wavefunction(s)  1S renormalized

     Parallelization info
     --------------------
     sticks:   dense  smooth     PW     G-vecs:    dense   smooth      PW
     Min        3057    1223    332               144436    36536    5170
     Max        3059    1225    333               144437    36537    5171
     Sum       24467    9791   2657              1155489   292295   41363


     Subspace diagonalization in iterative solution of the eigenvalue problem:
     a serial algorithm will be used

     GIPAW projectors -----------------------------------------------
     atom=  C    l=0  rc=    1.2000  rs=    0.8000
     atom=  C    l=0  rc=    1.2000  rs=    0.8000
     atom=  C    l=1  rc=    1.4000  rs=    0.9333
     atom=  C    l=1  rc=    1.4000  rs=    0.9333
     projs nearly linearly dependent: l=1  n1,n2= 1, 2  s=  0.99951561

     atom=  Cl   l=0  rc=    1.6000  rs=    1.0667
     atom=  Cl   l=0  rc=    1.6000  rs=    1.0667
     atom=  Cl   l=1  rc=    1.6000  rs=    1.0667
     atom=  Cl   l=1  rc=    1.6000  rs=    1.0667
     atom=  Cl   l=2  rc=    1.6000  rs=    1.0667
     atom=  Cl   l=2  rc=    1.6000  rs=    1.0667
     projs nearly linearly dependent: l=2  n1,n2= 1, 2  s=  0.99993509

     atom=  H    l=0  rc=    1.0000  rs=    0.6667
     atom=  H    l=0  rc=    1.0000  rs=    0.6667
     projs nearly linearly dependent: l=0  n1,n2= 1, 2  s=  0.99968852
     -----------------------------------------------------------------

     GIPAW integrals: -------------------------------------------
     Atom  i/j   nmr_para   nmr_dia   epr_rmc  epr_para   epr_dia
       C   1 1   0.83E+03  0.17E-01  0.93E+01  0.24E+08  0.24E+03
       C   2 1   0.86E+03 -0.61E-01  0.94E+01  0.25E+08  0.25E+03
       C   2 2   0.90E+03 -0.15E+00  0.97E+01  0.26E+08  0.26E+03
       C   3 3   0.33E+01  0.34E+00  0.18E+01  0.55E+03  0.21E+02
       C   4 3   0.35E+01  0.37E+00  0.20E+01  0.59E+03  0.22E+02
       C   4 4   0.38E+01  0.39E+00  0.22E+01  0.63E+03  0.24E+02
       Cl  1 1   0.14E+04 -0.47E+00  0.84E+01  0.32E+09  0.42E+03
       Cl  2 1   0.21E+04 -0.37E+00  0.12E+02  0.49E+09  0.65E+03
       Cl  2 2   0.33E+04 -0.16E+00  0.21E+02  0.76E+09  0.10E+04
       Cl  3 3   0.21E+02  0.79E-01  0.89E+01  0.23E+05  0.13E+03
       Cl  4 3   0.24E+02  0.67E-01  0.99E+01  0.27E+05  0.15E+03
       Cl  4 4   0.28E+02  0.44E-01  0.11E+02  0.32E+05  0.18E+03
       Cl  5 5   0.77E+00  0.19E+00  0.18E+01  0.12E+03  0.22E+02
       Cl  6 5   0.80E+00  0.19E+00  0.19E+01  0.12E+03  0.23E+02
       Cl  6 6   0.83E+00  0.20E+00  0.19E+01  0.12E+03  0.23E+02
       H   1 1   0.39E+02  0.19E+00  0.29E+00  0.78E+05  0.13E+02
       H   2 1   0.41E+02  0.21E+00  0.32E+00  0.82E+05  0.14E+02
       H   2 2   0.43E+02  0.22E+00  0.36E+00  0.86E+05  0.15E+02
     ------------------------------------------------------------

     alpha_pv=     33.4697 eV

     Number of occupied bands for each k-point:
     k-point:     1    nbnd_occ=  42
     k-point:     2    nbnd_occ=  42
     k-point:     3    nbnd_occ=  42
     k-point:     4    nbnd_occ=  42
     k-point:     5    nbnd_occ=  42
     k-point:     6    nbnd_occ=  42
     k-point:     7    nbnd_occ=  42
     k-point:     8    nbnd_occ=  42
     k-point:     9    nbnd_occ=  42
     k-point:    10    nbnd_occ=  42
     k-point:    11    nbnd_occ=  42
     k-point:    12    nbnd_occ=  42
     k-point:    13    nbnd_occ=  42
     k-point:    14    nbnd_occ=  42
     k-point:    15    nbnd_occ=  42
     k-point:    16    nbnd_occ=  42


     q-space interpolation up to   110.00 Rydberg

     GIPAW job: efg                                                                             


     ELECTRIC FIELD GRADIENTS TENSORS IN Hartree/bohrradius^2:

     ----- bare term -----
     Cl   1       -0.102022        0.209324        0.021759
     Cl   1        0.209324       -0.079485        0.065419
     Cl   1        0.021759        0.065419        0.181508

     C    2       -0.063751       -0.164820       -0.311891
     C    2       -0.164820        0.054651       -0.722468
     C    2       -0.311891       -0.722468        0.009100

     C    3       -0.518020        0.318807       -0.310507
     C    3        0.318807        0.111619       -0.131945
     C    3       -0.310507       -0.131945        0.406400

     H    4       -0.031552       -0.087008       -0.292189
     H    4       -0.087008        0.321191       -0.475328
     H    4       -0.292189       -0.475328       -0.289639

     C    5       -0.084979       -0.256914       -0.499405
     C    5       -0.256914       -0.144692       -0.387244
     C    5       -0.499405       -0.387244        0.229671

     H    6        0.388509        0.075341        0.222202
     H    6        0.075341       -0.068560       -0.568337
     H    6        0.222202       -0.568337       -0.319948

     H    7        0.404053       -0.018146       -0.121514
     H    7       -0.018146       -0.557098        0.629672
     H    7       -0.121514        0.629672        0.153045

     C    8       -0.851540       -0.352353       -0.302580
     C    8       -0.352353        0.463922        0.117214
     C    8       -0.302580        0.117214        0.387618

     H    9       -0.106958       -0.173393       -0.496200
     H    9       -0.173393       -0.150103        0.007732
     H    9       -0.496200        0.007732        0.257061

     C   10        0.300728       -0.145571       -0.039306
     C   10       -0.145571       -0.325589        0.575877
     C   10       -0.039306        0.575877        0.024861

     C   11       -0.550923       -0.409468       -0.401796
     C   11       -0.409468        0.127330        0.011848
     C   11       -0.401796        0.011848        0.423593

     Cl  12        0.187435        0.055831       -0.013063
     Cl  12        0.055831       -0.316615       -0.176941
     Cl  12       -0.013063       -0.176941        0.129179

     H   13        0.534142        0.023861       -0.134496
     H   13        0.023861       -0.130364       -0.270686
     H   13       -0.134496       -0.270686       -0.403778

     C   14       -0.623865        0.327390       -0.095645
     C   14        0.327390        0.284933       -0.326541
     C   14       -0.095645       -0.326541        0.338933

     H   15       -0.113066        0.058620       -0.580143
     H   15        0.058620        0.218997        0.151876
     H   15       -0.580143        0.151876       -0.105930

     C   16       -0.012891       -0.081928       -0.248175
     C   16       -0.081928       -0.028566       -0.684438
     C   16       -0.248175       -0.684438        0.041457

     C   17       -0.547458        0.340769       -0.265917
     C   17        0.340769        0.194605       -0.337276
     C   17       -0.265917       -0.337276        0.352853

     Cl  18        0.000452        0.025850       -0.013699
     Cl  18        0.025850        0.092798        0.028504
     Cl  18       -0.013699        0.028504       -0.093251

     H   19        0.459832        0.022822        0.006800
     H   19        0.022822       -0.414173        0.636567
     H   19        0.006800        0.636567       -0.045659

     C   20       -0.004722       -0.242217       -0.055206
     C   20       -0.242217       -0.237980        0.365150
     C   20       -0.055206        0.365150        0.242702

     H   21        0.087830        0.174526       -0.405070
     H   21        0.174526        0.260925        0.470048
     H   21       -0.405070        0.470048       -0.348755

     C   22       -0.778002       -0.376547       -0.355103
     C   22       -0.376547        0.302838       -0.006820
     C   22       -0.355103       -0.006820        0.475165

     C   23        0.040721       -0.105756       -0.153347
     C   23       -0.105756       -0.139173        0.483120
     C   23       -0.153347        0.483120        0.098452

     Cl  24       -0.181610       -0.164777       -0.144930
     Cl  24       -0.164777       -0.128461       -0.030112
     Cl  24       -0.144930       -0.030112        0.310071

     ----- ionic term -----
     Cl   1        0.180142       -0.169380       -0.008711
     Cl   1       -0.169380       -0.044505        0.011623
     Cl   1       -0.008711        0.011623       -0.135637

     C    2        0.268421       -0.182433        0.199035
     C    2       -0.182433       -0.090368        0.412444
     C    2        0.199035        0.412444       -0.178053

     C    3        0.140412       -0.294835        0.161799
     C    3       -0.294835       -0.018892        0.403969
     C    3        0.161799        0.403969       -0.121520

     H    4        0.398681        0.198313        0.783192
     H    4        0.198313       -0.515811        0.233087
     H    4        0.783192        0.233087        0.117131

     C    5        0.223275       -0.244298        0.281831
     C    5       -0.244298       -0.084169        0.317950
     C    5        0.281831        0.317950       -0.139106

     H    6       -0.520107        0.039015        0.071325
     H    6        0.039015        0.422938        0.786552
     H    6        0.071325        0.786552        0.097169

     H    7       -0.498462       -0.146412        0.074600
     H    7       -0.146412        0.765298       -0.602181
     H    7        0.074600       -0.602181       -0.266836

     C    8        0.157893        0.242221        0.234863
     C    8        0.242221        0.167164       -0.261171
     C    8        0.234863       -0.261171       -0.325058

     H    9        0.585696       -0.267105        0.681592
     H    9       -0.267105       -0.379740       -0.235409
     H    9        0.681592       -0.235409       -0.205956

     C   10        0.058036        0.255837        0.198003
     C   10        0.255837        0.276250       -0.407608
     C   10        0.198003       -0.407608       -0.334286

     C   11        0.120373        0.210340        0.366903
     C   11        0.210340        0.126502       -0.342533
     C   11        0.366903       -0.342533       -0.246876

     Cl  12        0.143018        0.229775        0.056366
     Cl  12        0.229775        0.009373        0.025172
     Cl  12        0.056366        0.025172       -0.152392

     H   13       -0.523056        0.053672        0.037282
     H   13        0.053672        0.549848        0.776435
     H   13        0.037282        0.776435       -0.026792

     C   14        0.276895       -0.185813        0.227375
     C   14       -0.185813        0.007242        0.325364
     C   14        0.227375        0.325364       -0.284136

     H   15        0.478950        0.313771        0.736550
     H   15        0.313771       -0.420288        0.291427
     H   15        0.736550        0.291427       -0.058662

     C   16        0.110528       -0.229393        0.185682
     C   16       -0.229393        0.140037        0.425451
     C   16        0.185682        0.425451       -0.250565

     C   17        0.062036       -0.219248        0.285987
     C   17       -0.219248        0.092726        0.424417
     C   17        0.285987        0.424417       -0.154762

     Cl  18        0.102737       -0.211634        0.002750
     Cl  18       -0.211634        0.021356        0.010887
     Cl  18        0.002750        0.010887       -0.124094

     H   19       -0.523063        0.068482       -0.036797
     H   19        0.068482        0.499016       -0.760922
     H   19       -0.036797       -0.760922        0.024048

     C   20        0.208279        0.299349        0.302563
     C   20        0.299349        0.039522       -0.262538
     C   20        0.302563       -0.262538       -0.247801

     H   21        0.399663       -0.205877        0.799281
     H   21       -0.205877       -0.486608       -0.226603
     H   21        0.799281       -0.226603        0.086945

     C   22        0.083471        0.298283        0.242235
     C   22        0.298283        0.148046       -0.345192
     C   22        0.242235       -0.345192       -0.231517

     C   23        0.069868        0.231168        0.268308
     C   23        0.231168        0.157269       -0.328129
     C   23        0.268308       -0.328129       -0.227138

     Cl  24        0.060143        0.182535        0.030439
     Cl  24        0.182535        0.081599        0.020967
     Cl  24        0.030439        0.020967       -0.141741

     ----- GIPAW term -----
     Cl   1       -0.741354        0.388473       -0.565594
     Cl   1        0.388473        1.607580       -1.540296
     Cl   1       -0.565594       -1.540296       -0.866225

     C    2       -0.068374       -0.108669       -0.038622
     C    2       -0.108669        0.189451       -0.207581
     C    2       -0.038622       -0.207581       -0.121077

     C    3       -0.112426       -0.114873       -0.112329
     C    3       -0.114873        0.146055        0.101055
     C    3       -0.112329        0.101055       -0.033630

     H    4       -0.000000        0.000000        0.000000
     H    4        0.000000        0.000000        0.000000
     H    4        0.000000        0.000000        0.000000

     C    5        0.027337       -0.197340       -0.189901
     C    5       -0.197340       -0.039184        0.048282
     C    5       -0.189901        0.048282        0.011846

     H    6       -0.000000        0.000000        0.000000
     H    6        0.000000        0.000000        0.000000
     H    6        0.000000        0.000000        0.000000

     H    7       -0.000000        0.000000        0.000000
     H    7        0.000000        0.000000        0.000000
     H    7        0.000000        0.000000        0.000000

     C    8       -0.209137        0.013003       -0.017543
     C    8        0.013003        0.287844       -0.002103
     C    8       -0.017543       -0.002103       -0.078707

     H    9       -0.000000        0.000000        0.000000
     H    9        0.000000        0.000000        0.000000
     H    9        0.000000        0.000000        0.000000

     C   10       -0.035770       -0.023043        0.024095
     C   10       -0.023043        0.135037       -0.035487
     C   10        0.024095       -0.035487       -0.099267

     C   11       -0.044471       -0.068679       -0.018290
     C   11       -0.068679        0.085738       -0.035030
     C   11       -0.018290       -0.035030       -0.041266

     Cl  12        0.098139        0.169733       -0.470339
     Cl  12        0.169733        1.285752        0.922176
     Cl  12       -0.470339        0.922176       -1.383891

     H   13       -0.000000        0.000000        0.000000
     H   13        0.000000        0.000000        0.000000
     H   13        0.000000        0.000000        0.000000

     C   14       -0.177344       -0.045557        0.049756
     C   14       -0.045557        0.196657       -0.167420
     C   14        0.049756       -0.167420       -0.019313

     H   15       -0.000000        0.000000        0.000000
     H   15        0.000000        0.000000        0.000000
     H   15        0.000000        0.000000        0.000000

     C   16       -0.107428       -0.121243       -0.011867
     C   16       -0.121243        0.197174       -0.195804
     C   16       -0.011867       -0.195804       -0.089746

     C   17       -0.129520       -0.109141       -0.012867
     C   17       -0.109141        0.237984       -0.111928
     C   17       -0.012867       -0.111928       -0.108464

     Cl  18       -0.032220       -1.659890       -0.092740
     Cl  18       -1.659890        2.633253        0.388686
     Cl  18       -0.092740        0.388686       -2.601033

     H   19       -0.000000        0.000000        0.000000
     H   19        0.000000        0.000000        0.000000
     H   19        0.000000        0.000000        0.000000

     C   20       -0.088807       -0.104653        0.050453
     C   20       -0.104653        0.126474       -0.101705
     C   20        0.050453       -0.101705       -0.037667

     H   21       -0.000000        0.000000        0.000000
     H   21        0.000000        0.000000        0.000000
     H   21        0.000000        0.000000        0.000000

     C   22       -0.237378       -0.064748       -0.032058
     C   22       -0.064748        0.151192       -0.188932
     C   22       -0.032058       -0.188932        0.086187

     C   23       -0.055144       -0.004823        0.026732
     C   23       -0.004823        0.191769       -0.111954
     C   23        0.026732       -0.111954       -0.136625

     Cl  24        0.028657        1.451744       -1.449130
     Cl  24        1.451744       -1.136036       -0.336631
     Cl  24       -1.449130       -0.336631        1.107379

     ----- total EFG -----
     Cl   1       -0.663235        0.428417       -0.552547
     Cl   1        0.428417        1.483590       -1.463254
     Cl   1       -0.552547       -1.463254       -0.820355

     C    2        0.136296       -0.455922       -0.151478
     C    2       -0.455922        0.153734       -0.517604
     C    2       -0.151478       -0.517604       -0.290030

     C    3       -0.490033       -0.090901       -0.261037
     C    3       -0.090901        0.238783        0.373079
     C    3       -0.261037        0.373079        0.251251

     H    4        0.367129        0.111305        0.491003
     H    4        0.111305       -0.194620       -0.242241
     H    4        0.491003       -0.242241       -0.172508

     C    5        0.165633       -0.698553       -0.407476
     C    5       -0.698553       -0.268045       -0.021013
     C    5       -0.407476       -0.021013        0.102412

     H    6       -0.131599        0.114356        0.293526
     H    6        0.114356        0.354378        0.218215
     H    6        0.293526        0.218215       -0.222779

     H    7       -0.094408       -0.164558       -0.046915
     H    7       -0.164558        0.208199        0.027491
     H    7       -0.046915        0.027491       -0.113791

     C    8       -0.902784       -0.097129       -0.085260
     C    8       -0.097129        0.918931       -0.146059
     C    8       -0.085260       -0.146059       -0.016147

     H    9        0.478738       -0.440498        0.185392
     H    9       -0.440498       -0.529844       -0.227677
     H    9        0.185392       -0.227677        0.051105

     C   10        0.322994        0.087223        0.182791
     C   10        0.087223        0.085699        0.132782
     C   10        0.182791        0.132782       -0.408692

     C   11       -0.475021       -0.267807       -0.053183
     C   11       -0.267807        0.339570       -0.365716
     C   11       -0.053183       -0.365716        0.135451

     Cl  12        0.428593        0.455339       -0.427036
     Cl  12        0.455339        0.978511        0.770407
     Cl  12       -0.427036        0.770407       -1.407104

     H   13        0.011086        0.077533       -0.097214
     H   13        0.077533        0.419484        0.505749
     H   13       -0.097214        0.505749       -0.430570

     C   14       -0.524314        0.096021        0.181486
     C   14        0.096021        0.488831       -0.168596
     C   14        0.181486       -0.168596        0.035483

     H   15        0.365884        0.372391        0.156407
     H   15        0.372391       -0.201291        0.443303
     H   15        0.156407        0.443303       -0.164592

     C   16       -0.009792       -0.432563       -0.074360
     C   16       -0.432563        0.308646       -0.454791
     C   16       -0.074360       -0.454791       -0.298854

     C   17       -0.614942        0.012380        0.007203
     C   17        0.012380        0.525315       -0.024787
     C   17        0.007203       -0.024787        0.089628

     Cl  18        0.070970       -1.845674       -0.103689
     Cl  18       -1.845674        2.747408        0.428077
     Cl  18       -0.103689        0.428077       -2.818378

     H   19       -0.063231        0.091304       -0.029997
     H   19        0.091304        0.084842       -0.124354
     H   19       -0.029997       -0.124354       -0.021611

     C   20        0.114750       -0.047521        0.297811
     C   20       -0.047521       -0.071984        0.000907
     C   20        0.297811        0.000907       -0.042766

     H   21        0.487493       -0.031351        0.394211
     H   21       -0.031351       -0.225683        0.243445
     H   21        0.394211        0.243445       -0.261810

     C   22       -0.931910       -0.143012       -0.144927
     C   22       -0.143012        0.602075       -0.540943
     C   22       -0.144927       -0.540943        0.329835

     C   23        0.055446        0.120589        0.141693
     C   23        0.120589        0.209865        0.043037
     C   23        0.141693        0.043037       -0.265310

     Cl  24       -0.092811        1.469502       -1.563620
     Cl  24        1.469502       -1.182899       -0.345776
     Cl  24       -1.563620       -0.345776        1.275709

     ----- total EFG (symmetrized) -----
     Cl   1       -0.663235        0.428417       -0.552547
     Cl   1        0.428417        1.483590       -1.463254
     Cl   1       -0.552547       -1.463254       -0.820355

     C    2        0.136296       -0.455922       -0.151478
     C    2       -0.455922        0.153734       -0.517604
     C    2       -0.151478       -0.517604       -0.290030

     C    3       -0.490033       -0.090901       -0.261037
     C    3       -0.090901        0.238783        0.373079
     C    3       -0.261037        0.373079        0.251251

     H    4        0.367129        0.111305        0.491003
     H    4        0.111305       -0.194620       -0.242241
     H    4        0.491003       -0.242241       -0.172508

     C    5        0.165633       -0.698553       -0.407476
     C    5       -0.698553       -0.268045       -0.021013
     C    5       -0.407476       -0.021013        0.102412

     H    6       -0.131599        0.114356        0.293526
     H    6        0.114356        0.354378        0.218215
     H    6        0.293526        0.218215       -0.222779

     H    7       -0.094408       -0.164558       -0.046915
     H    7       -0.164558        0.208199        0.027491
     H    7       -0.046915        0.027491       -0.113791

     C    8       -0.902784       -0.097129       -0.085260
     C    8       -0.097129        0.918931       -0.146059
     C    8       -0.085260       -0.146059       -0.016147

     H    9        0.478738       -0.440498        0.185392
     H    9       -0.440498       -0.529844       -0.227677
     H    9        0.185392       -0.227677        0.051105

     C   10        0.322994        0.087223        0.182791
     C   10        0.087223        0.085699        0.132782
     C   10        0.182791        0.132782       -0.408692

     C   11       -0.475021       -0.267807       -0.053183
     C   11       -0.267807        0.339570       -0.365716
     C   11       -0.053183       -0.365716        0.135451

     Cl  12        0.428593        0.455339       -0.427036
     Cl  12        0.455339        0.978511        0.770407
     Cl  12       -0.427036        0.770407       -1.407104

     H   13        0.011086        0.077533       -0.097214
     H   13        0.077533        0.419484        0.505749
     H   13       -0.097214        0.505749       -0.430570

     C   14       -0.524314        0.096021        0.181486
     C   14        0.096021        0.488831       -0.168596
     C   14        0.181486       -0.168596        0.035483

     H   15        0.365884        0.372391        0.156407
     H   15        0.372391       -0.201291        0.443303
     H   15        0.156407        0.443303       -0.164592

     C   16       -0.009792       -0.432563       -0.074360
     C   16       -0.432563        0.308646       -0.454791
     C   16       -0.074360       -0.454791       -0.298854

     C   17       -0.614942        0.012380        0.007203
     C   17        0.012380        0.525315       -0.024787
     C   17        0.007203       -0.024787        0.089628

     Cl  18        0.070970       -1.845674       -0.103689
     Cl  18       -1.845674        2.747408        0.428077
     Cl  18       -0.103689        0.428077       -2.818378

     H   19       -0.063231        0.091304       -0.029997
     H   19        0.091304        0.084842       -0.124354
     H   19       -0.029997       -0.124354       -0.021611

     C   20        0.114750       -0.047521        0.297811
     C   20       -0.047521       -0.071984        0.000907
     C   20        0.297811        0.000907       -0.042766

     H   21        0.487493       -0.031351        0.394211
     H   21       -0.031351       -0.225683        0.243445
     H   21        0.394211        0.243445       -0.261810

     C   22       -0.931910       -0.143012       -0.144927
     C   22       -0.143012        0.602075       -0.540943
     C   22       -0.144927       -0.540943        0.329835

     C   23        0.055446        0.120589        0.141693
     C   23        0.120589        0.209865        0.043037
     C   23        0.141693        0.043037       -0.265310

     Cl  24       -0.092811        1.469502       -1.563620
     Cl  24        1.469502       -1.182899       -0.345776
     Cl  24       -1.563620       -0.345776        1.275709


     NQR/NMR SPECTROSCOPIC PARAMETERS:
     Cl   1    Vxx=   -0.6859    axis=(  0.919797 -0.327460 -0.216201)
     Cl   1    Vyy=   -1.6405    axis=(  0.333484  0.361985  0.870491)
     Cl   1    Vzz=    2.3264    axis=( -0.206789 -0.872775  0.442156)
     Cl   1  Q=        -8.1650 1e-30 m^2  Cq=       -44.6307 MHz  eta= 0.41035

     C    2    Vxx=    0.1040    axis=(  0.736917  0.259534 -0.624176)
     C    2    Vyy=    0.6921    axis=( -0.545955  0.772982 -0.323159)
     C    2    Vzz=   -0.7962    axis=(  0.398606  0.578914  0.711317)
     C    2  Q=         1.0000 1e-30 m^2  Cq=        -1.8707 MHz  eta= 0.73868

     C    3    Vxx=   -0.0989    axis=( -0.239157 -0.748177  0.618898)
     C    3    Vyy=   -0.5738    axis=( -0.947319  0.039934 -0.317791)
     C    3    Vzz=    0.6727    axis=(  0.213049 -0.662296 -0.718313)
     C    3  Q=         1.0000 1e-30 m^2  Cq=         1.5805 MHz  eta= 0.70598

     H    4    Vxx=   -0.0324    axis=(  0.296055  0.850976 -0.433810)
     H    4    Vyy=   -0.6261    axis=( -0.423898  0.524050  0.738703)
     H    4    Vzz=    0.6585    axis=(  0.855957 -0.034805  0.515875)
     H    4  Q=         1.0000 1e-30 m^2  Cq=         1.5473 MHz  eta= 0.90157

     C    5    Vxx=    0.0311    axis=(  0.175536 -0.470599  0.864710)
     C    5    Vyy=    0.8262    axis=( -0.769003  0.482866  0.418897)
     C    5    Vzz=   -0.8574    axis=( -0.614672 -0.738496 -0.277131)
     C    5  Q=         1.0000 1e-30 m^2  Cq=        -2.0144 MHz  eta= 0.92738

     H    6    Vxx=   -0.0152    axis=(  0.716161 -0.505665  0.481057)
     H    6    Vyy=   -0.4853    axis=(  0.610660  0.120243 -0.782711)
     H    6    Vzz=    0.5005    axis=(  0.337946  0.854309  0.394903)
     H    6  Q=         1.0000 1e-30 m^2  Cq=         1.1759 MHz  eta= 0.93935

     H    7    Vxx=   -0.1029    axis=( -0.366521 -0.272500  0.889610)
     H    7    Vyy=   -0.1824    axis=( -0.836846 -0.321331 -0.443210)
     H    7    Vzz=    0.2853    axis=( -0.406634  0.906912  0.110266)
     H    7  Q=         1.0000 1e-30 m^2  Cq=         0.6704 MHz  eta= 0.27884

     C    8    Vxx=   -0.0273    axis=( -0.111393  0.140419  0.983806)
     C    8    Vyy=   -0.9176    axis=(  0.992748  0.060752  0.103734)
     C    8    Vzz=    0.9450    axis=( -0.045202  0.988227 -0.146168)
     C    8  Q=         1.0000 1e-30 m^2  Cq=         2.2203 MHz  eta= 0.94214

     H    9    Vxx=   -0.0144    axis=( -0.399627 -0.062441  0.914549)
     H    9    Vyy=   -0.7252    axis=( -0.309611 -0.929855 -0.198775)
     H    9    Vzz=    0.7395    axis=(  0.862809 -0.362590  0.352263)
     H    9  Q=         1.0000 1e-30 m^2  Cq=         1.7376 MHz  eta= 0.96117

     C   10    Vxx=    0.0646    axis=(  0.385774 -0.916244 -0.108053)
     C   10    Vyy=    0.4091    axis=(  0.900940  0.348902  0.258019)
     C   10    Vzz=   -0.4738    axis=( -0.198709 -0.196886  0.960078)
     C   10  Q=         1.0000 1e-30 m^2  Cq=        -1.1131 MHz  eta= 0.72714

     C   11    Vxx=   -0.0535    axis=( -0.396006  0.466245  0.791072)
     C   11    Vyy=   -0.5944    axis=(  0.902979  0.354183  0.243276)
     C   11    Vzz=    0.6479    axis=( -0.166758  0.810660 -0.561268)
     C   11  Q=         1.0000 1e-30 m^2  Cq=         1.5222 MHz  eta= 0.83493

     Cl  12    Vxx=    0.4383    axis=(  0.899102 -0.289060 -0.328726)
     Cl  12    Vyy=    1.3299    axis=( -0.365143 -0.909431 -0.199013)
     Cl  12    Vzz=   -1.7683    axis=(  0.241427 -0.298964  0.923219)
     Cl  12  Q=        -8.1650 1e-30 m^2  Cq=        33.9231 MHz  eta= 0.50422

     H   13    Vxx=    0.0307    axis=(  0.984244  0.030320 -0.174197)
     H   13    Vyy=    0.6564    axis=(  0.046033  0.907275  0.418011)
     H   13    Vzz=   -0.6871    axis=(  0.170719 -0.419443  0.891584)
     H   13  Q=         1.0000 1e-30 m^2  Cq=        -1.6144 MHz  eta= 0.91070

     C   14    Vxx=    0.0507    axis=(  0.330851  0.274860  0.902768)
     C   14    Vyy=    0.5458    axis=(  0.034161  0.952528 -0.302530)
     C   14    Vzz=   -0.5965    axis=( -0.943064  0.130932  0.305755)
     C   14  Q=         1.0000 1e-30 m^2  Cq=        -1.4015 MHz  eta= 0.83013

     H   15    Vxx=   -0.0428    axis=( -0.624127  0.404001  0.668766)
     H   15    Vyy=   -0.6561    axis=( -0.180424  0.758285 -0.626460)
     H   15    Vzz=    0.6989    axis=(  0.760205  0.511652  0.400375)
     H   15  Q=         1.0000 1e-30 m^2  Cq=         1.6421 MHz  eta= 0.87763

     C   16    Vxx=   -0.0571    axis=( -0.782637 -0.187581  0.593543)
     C   16    Vyy=   -0.6710    axis=( -0.428550 -0.529195 -0.732324)
     C   16    Vzz=    0.7281    axis=(  0.451470 -0.827506  0.333779)
     C   16  Q=         1.0000 1e-30 m^2  Cq=         1.7107 MHz  eta= 0.84322

     C   17    Vxx=    0.0883    axis=(  0.011217  0.056310  0.998350)
     C   17    Vyy=    0.5268    axis=(  0.010469  0.998352 -0.056428)
     C   17    Vzz=   -0.6152    axis=( -0.999882  0.011085  0.010609)
     C   17  Q=         1.0000 1e-30 m^2  Cq=        -1.4454 MHz  eta= 0.71288

     Cl  18    Vxx=   -0.8653    axis=(  0.891796  0.449534  0.051185)
     Cl  18    Vyy=   -2.8517    axis=( -0.016114 -0.081502  0.996543)
     Cl  18    Vzz=    3.7171    axis=(  0.452151 -0.889537 -0.065439)
     Cl  18  Q=        -8.1650 1e-30 m^2  Cq=       -71.3098 MHz  eta= 0.53439

     H   19    Vxx=   -0.0758    axis=( -0.713008 -0.128352 -0.689308)
     H   19    Vyy=   -0.1240    axis=(  0.616114 -0.583978 -0.528558)
     H   19    Vzz=    0.1998    axis=( -0.334700 -0.801558  0.495460)
     H   19  Q=         1.0000 1e-30 m^2  Cq=         0.4695 MHz  eta= 0.24142

     C   20    Vxx=   -0.0709    axis=( -0.018981  0.985420  0.169076)
     C   20    Vyy=   -0.2764    axis=( -0.610439 -0.145351  0.778613)
     C   20    Vzz=    0.3473    axis=( -0.791836  0.088431 -0.604297)
     C   20  Q=         1.0000 1e-30 m^2  Cq=         0.8161 MHz  eta= 0.59167

     H   21    Vxx=   -0.0752    axis=(  0.287528 -0.830829 -0.476499)
     H   21    Vyy=   -0.5869    axis=(  0.301637  0.550742 -0.778266)
     H   21    Vzz=    0.6621    axis=(  0.909034  0.080044  0.408962)
     H   21  Q=         1.0000 1e-30 m^2  Cq=         1.5556 MHz  eta= 0.77280

     C   22    Vxx=   -0.0457    axis=( -0.222352  0.595523  0.771953)
     C   22    Vyy=   -0.9783    axis=( -0.974888 -0.145827 -0.168307)
     C   22    Vzz=    1.0241    axis=(  0.012341 -0.789991  0.612994)
     C   22  Q=         1.0000 1e-30 m^2  Cq=         2.4061 MHz  eta= 0.91069

     C   23    Vxx=    0.0219    axis=(  0.771606 -0.562862  0.296328)
     C   23    Vyy=    0.2971    axis=(  0.527588  0.826536  0.196186)
     C   23    Vzz=   -0.3189    axis=( -0.355351  0.004961  0.934720)
     C   23  Q=         1.0000 1e-30 m^2  Cq=        -0.7494 MHz  eta= 0.86270

     Cl  24    Vxx=   -0.3054    axis=(  0.502769  0.594750  0.627292)
     Cl  24    Vyy=   -2.3316    axis=( -0.632232  0.747886 -0.202359)
     Cl  24    Vzz=    2.6370    axis=( -0.589496 -0.294855  0.752034)
     Cl  24  Q=        -8.1650 1e-30 m^2  Cq=       -50.5886 MHz  eta= 0.76840

     Initialization:
     gipaw_setup  :      9.20s CPU     11.24s WALL (       1 calls)

     Linear response

     Apply operators

     Induced current

     Other routines
     efg          :      9.30s CPU     11.22s WALL (       1 calls)

     General routines
     calbec       :      3.34s CPU      4.14s WALL (      16 calls)
     fft          :      1.54s CPU      2.26s WALL (      15 calls)
     ffts         :      0.04s CPU      0.05s WALL (       2 calls)
     fftw         :      3.20s CPU      3.79s WALL (     672 calls)
     davcio       :      0.01s CPU      0.33s WALL (      32 calls)

     Parallel routines
     fft_scatter  :      2.07s CPU      3.27s WALL (     689 calls)

     Plugins

     GIPAW        :     61.08s CPU     72.69s WALL (       1 calls)
