
     Program QE v.6.0 (svn rev. 13079) starts on 31Dec2016 at 15:40:16 

     This program is part of the open-source Quantum ESPRESSO suite
     for quantum simulation of materials; please cite
         "P. Giannozzi et al., J. Phys.:Condens. Matter 21 395502 (2009);
          URL http://www.quantum-espresso.org", 
     in publications or presentations arising from this work. More details at
     http://www.quantum-espresso.org/quote

     Parallel version (MPI), running on     8 processors
     R & G space division:  proc/nbgrp/npool/nimage =       8

     ***** This is GIPAW svn revision unknown      *****

     Parallelizing q-star over 1 images

     Reading data from directory:
     /users/majewski/paradichlorobenzene/pbe/9_constraint/scratch/pbe.ecut100.np8.dt60.pcl2phi-129368.save
     Message from routine read_xml_file:
     file /users/majewski/paradichlorobenzene/pbe/9_constraint/scratch/pbe.ecut100.np8.dt60.pcl2phi-129368.save not guaranteed to be safe for post-processing

   Info: using nr1, nr2, nr3 values from input

   Info: using nr1, nr2, nr3 values from input

     IMPORTANT: XC functional enforced from input :
     Exchange-correlation      =  SLA  PW   PBX  PBC ( 1  4  3  4 0 0)
     Any further DFT definition will be discarded
     Please, verify this is what you really want

               file C.pbe-n-kjpaw_psl.1.0.0.UPF: wavefunction(s)  2S 2P renormalized
               file Cl.pbe-n-kjpaw_psl.1.0.0.UPF: wavefunction(s)  3S 3P renormalized
               file H.pbe-kjpaw_psl.1.0.0.UPF: wavefunction(s)  1S renormalized

     Parallelization info
     --------------------
     sticks:   dense  smooth     PW     G-vecs:    dense   smooth      PW
     Min        3057    1223    332               144436    36536    5170
     Max        3059    1225    333               144437    36537    5171
     Sum       24467    9791   2657              1155489   292295   41363


     Subspace diagonalization in iterative solution of the eigenvalue problem:
     a serial algorithm will be used

     GIPAW projectors -----------------------------------------------
     atom=  C    l=0  rc=    1.2000  rs=    0.8000
     atom=  C    l=0  rc=    1.2000  rs=    0.8000
     atom=  C    l=1  rc=    1.4000  rs=    0.9333
     atom=  C    l=1  rc=    1.4000  rs=    0.9333
     projs nearly linearly dependent: l=1  n1,n2= 1, 2  s=  0.99951561

     atom=  Cl   l=0  rc=    1.6000  rs=    1.0667
     atom=  Cl   l=0  rc=    1.6000  rs=    1.0667
     atom=  Cl   l=1  rc=    1.6000  rs=    1.0667
     atom=  Cl   l=1  rc=    1.6000  rs=    1.0667
     atom=  Cl   l=2  rc=    1.6000  rs=    1.0667
     atom=  Cl   l=2  rc=    1.6000  rs=    1.0667
     projs nearly linearly dependent: l=2  n1,n2= 1, 2  s=  0.99993509

     atom=  H    l=0  rc=    1.0000  rs=    0.6667
     atom=  H    l=0  rc=    1.0000  rs=    0.6667
     projs nearly linearly dependent: l=0  n1,n2= 1, 2  s=  0.99968852
     -----------------------------------------------------------------

     GIPAW integrals: -------------------------------------------
     Atom  i/j   nmr_para   nmr_dia   epr_rmc  epr_para   epr_dia
       C   1 1   0.83E+03  0.17E-01  0.93E+01  0.24E+08  0.24E+03
       C   2 1   0.86E+03 -0.61E-01  0.94E+01  0.25E+08  0.25E+03
       C   2 2   0.90E+03 -0.15E+00  0.97E+01  0.26E+08  0.26E+03
       C   3 3   0.33E+01  0.34E+00  0.18E+01  0.55E+03  0.21E+02
       C   4 3   0.35E+01  0.37E+00  0.20E+01  0.59E+03  0.22E+02
       C   4 4   0.38E+01  0.39E+00  0.22E+01  0.63E+03  0.24E+02
       Cl  1 1   0.14E+04 -0.47E+00  0.84E+01  0.32E+09  0.42E+03
       Cl  2 1   0.21E+04 -0.37E+00  0.12E+02  0.49E+09  0.65E+03
       Cl  2 2   0.33E+04 -0.16E+00  0.21E+02  0.76E+09  0.10E+04
       Cl  3 3   0.21E+02  0.79E-01  0.89E+01  0.23E+05  0.13E+03
       Cl  4 3   0.24E+02  0.67E-01  0.99E+01  0.27E+05  0.15E+03
       Cl  4 4   0.28E+02  0.44E-01  0.11E+02  0.32E+05  0.18E+03
       Cl  5 5   0.77E+00  0.19E+00  0.18E+01  0.12E+03  0.22E+02
       Cl  6 5   0.80E+00  0.19E+00  0.19E+01  0.12E+03  0.23E+02
       Cl  6 6   0.83E+00  0.20E+00  0.19E+01  0.12E+03  0.23E+02
       H   1 1   0.39E+02  0.19E+00  0.29E+00  0.78E+05  0.13E+02
       H   2 1   0.41E+02  0.21E+00  0.32E+00  0.82E+05  0.14E+02
       H   2 2   0.43E+02  0.22E+00  0.36E+00  0.86E+05  0.15E+02
     ------------------------------------------------------------

     alpha_pv=     34.1372 eV

     Number of occupied bands for each k-point:
     k-point:     1    nbnd_occ=  42
     k-point:     2    nbnd_occ=  42
     k-point:     3    nbnd_occ=  42
     k-point:     4    nbnd_occ=  42
     k-point:     5    nbnd_occ=  42
     k-point:     6    nbnd_occ=  42
     k-point:     7    nbnd_occ=  42
     k-point:     8    nbnd_occ=  42
     k-point:     9    nbnd_occ=  42
     k-point:    10    nbnd_occ=  42
     k-point:    11    nbnd_occ=  42
     k-point:    12    nbnd_occ=  42
     k-point:    13    nbnd_occ=  42
     k-point:    14    nbnd_occ=  42
     k-point:    15    nbnd_occ=  42
     k-point:    16    nbnd_occ=  42


     q-space interpolation up to   110.00 Rydberg

     GIPAW job: efg                                                                             


     ELECTRIC FIELD GRADIENTS TENSORS IN Hartree/bohrradius^2:

     ----- bare term -----
     Cl   1        0.006342        0.287529        0.011553
     Cl   1        0.287529       -0.143152       -0.021475
     Cl   1        0.011553       -0.021475        0.136811

     C    2        0.059720       -0.389030       -0.531179
     C    2       -0.389030       -0.224819       -0.564369
     C    2       -0.531179       -0.564369        0.165098

     C    3       -0.558301        0.308635       -0.062279
     C    3        0.308635        0.169848       -0.328548
     C    3       -0.062279       -0.328548        0.388453

     H    4       -0.170565       -0.473251       -0.087890
     H    4       -0.473251       -0.187848        0.170386
     H    4       -0.087890        0.170386        0.358412

     C    5       -0.158909       -0.153853       -0.323790
     C    5       -0.153853        0.071560       -0.531432
     C    5       -0.323790       -0.531432        0.087349

     H    6        0.467227       -0.126517       -0.009091
     H    6       -0.126517       -0.817676       -0.008512
     H    6       -0.009091       -0.008512        0.350449

     H    7        0.492590        0.022140        0.121359
     H    7        0.022140        0.105070        0.174423
     H    7        0.121359        0.174423       -0.597661

     C    8       -0.214662       -0.104666       -0.171676
     C    8       -0.104666        0.217850        0.063170
     C    8       -0.171676        0.063170       -0.003187

     H    9        0.196907        0.042015       -0.221905
     H    9        0.042015        0.274089       -0.228157
     H    9       -0.221905       -0.228157       -0.470996

     C   10        0.198331       -0.116024        0.180916
     C   10       -0.116024       -0.083705       -0.047749
     C   10        0.180916       -0.047749       -0.114627

     C   11       -0.102372       -0.071401       -0.322184
     C   11       -0.071401        0.046610        0.070278
     C   11       -0.322184        0.070278        0.055762

     Cl  12       -0.027242        0.007729        0.093596
     Cl  12        0.007729       -0.017647       -0.139725
     Cl  12        0.093596       -0.139725        0.044889

     H   13        0.016654       -0.409397        0.245036
     H   13       -0.409397       -0.405205       -0.014656
     H   13        0.245036       -0.014656        0.388551

     C   14       -0.351105        0.369045       -0.164798
     C   14        0.369045        0.145856        0.061041
     C   14       -0.164798        0.061041        0.205249

     H   15       -0.533197       -0.131467        0.229734
     H   15       -0.131467        0.321120       -0.152725
     H   15        0.229734       -0.152725        0.212077

     C   16        0.134330       -0.146799        0.141526
     C   16       -0.146799       -0.309096       -0.402893
     C   16        0.141526       -0.402893        0.174766

     C   17       -0.720548        0.482595       -0.320184
     C   17        0.482595        0.186062       -0.038565
     C   17       -0.320184       -0.038565        0.534486

     Cl  18       -0.023807        0.037706        0.067016
     Cl  18        0.037706       -0.037829       -0.010012
     Cl  18        0.067016       -0.010012        0.061636

     H   19        0.271494        0.217337       -0.228908
     H   19        0.217337       -0.300063        0.541557
     H   19       -0.228908        0.541557        0.028569

     C   20       -0.114473       -0.451811       -0.190633
     C   20       -0.451811       -0.234519        0.430671
     C   20       -0.190633        0.430671        0.348992

     H   21       -0.037164        0.118201       -0.491150
     H   21        0.118201        0.448739        0.052691
     H   21       -0.491150        0.052691       -0.411576

     C   22       -0.293168       -0.273517       -0.330683
     C   22       -0.273517       -0.076004        0.419854
     C   22       -0.330683        0.419854        0.369171

     C   23       -0.025340       -0.443324       -0.205488
     C   23       -0.443324       -0.194852        0.542747
     C   23       -0.205488        0.542747        0.220192

     Cl  24        0.053006       -0.058066        0.050550
     Cl  24       -0.058066        0.006994       -0.056590
     Cl  24        0.050550       -0.056590       -0.060001

     ----- ionic term -----
     Cl   1        0.104202       -0.173551       -0.016091
     Cl   1       -0.173551        0.036811        0.015456
     Cl   1       -0.016091        0.015456       -0.141013

     C    2        0.263853       -0.011059        0.170510
     C    2       -0.011059        0.275386        0.333273
     C    2        0.170510        0.333273       -0.539239

     C    3        0.205248       -0.118974        0.124336
     C    3       -0.118974        0.341339        0.301942
     C    3        0.124336        0.301942       -0.546587

     H    4        0.792762        0.484506        0.395959
     H    4        0.484506       -0.289316        0.168474
     H    4        0.395959        0.168474       -0.503445

     C    5        0.399443       -0.121680        0.163455
     C    5       -0.121680        0.152669        0.240535
     C    5        0.163455        0.240535       -0.552113

     H    6       -0.490676        0.193611        0.074185
     H    6        0.193611        0.819465        0.562758
     H    6        0.074185        0.562758       -0.328788

     H    7       -0.502035       -0.176283        0.154798
     H    7       -0.176283        0.477225       -0.757156
     H    7        0.154798       -0.757156        0.024810

     C    8        0.157605        0.243036        0.339618
     C    8        0.243036        0.026595       -0.252092
     C    8        0.339618       -0.252092       -0.184200

     H    9        0.419832       -0.114006        0.802699
     H    9       -0.114006       -0.493444       -0.176245
     H    9        0.802699       -0.176245        0.073613

     C   10        0.062568        0.335772        0.241629
     C   10        0.335772        0.115450       -0.332053
     C   10        0.241629       -0.332053       -0.178018

     C   11        0.115068        0.293189        0.345097
     C   11        0.293189       -0.014697       -0.337716
     C   11        0.345097       -0.337716       -0.100371

     Cl  12        0.145133        0.218172        0.031293
     Cl  12        0.218172       -0.008333        0.006631
     Cl  12        0.031293        0.006631       -0.136800

     H   13       -0.458424        0.277304        0.119346
     H   13        0.277304        0.774581        0.560552
     H   13        0.119346        0.560552       -0.316157

     C   14        0.365843       -0.050596        0.183431
     C   14       -0.050596        0.158727        0.262369
     C   14        0.183431        0.262369       -0.524570

     H   15        0.763820        0.434163        0.482575
     H   15        0.434163       -0.331952        0.214870
     H   15        0.482575        0.214870       -0.431868

     C   16        0.142161       -0.129211        0.131540
     C   16       -0.129211        0.384806        0.337120
     C   16        0.131540        0.337120       -0.526967

     C   17        0.293012       -0.083322        0.160128
     C   17       -0.083322        0.279818        0.314915
     C   17        0.160128        0.314915       -0.572830

     Cl  18        0.141703       -0.225675       -0.011343
     Cl  18       -0.225675        0.027809        0.004028
     Cl  18       -0.011343        0.004028       -0.169512

     H   19       -0.531317       -0.060546        0.068807
     H   19       -0.060546        0.466490       -0.773406
     H   19        0.068807       -0.773406        0.064827

     C   20        0.158144        0.298862        0.337496
     C   20        0.298862       -0.033643       -0.268204
     C   20        0.337496       -0.268204       -0.124501

     H   21        0.260483       -0.088450        0.777505
     H   21       -0.088450       -0.532841       -0.178974
     H   21        0.777505       -0.178974        0.272358

     C   22        0.043797        0.375809        0.195661
     C   22        0.375809        0.104286       -0.378642
     C   22        0.195661       -0.378642       -0.148083

     C   23        0.098083        0.315442        0.292929
     C   23        0.315442        0.060591       -0.344306
     C   23        0.292929       -0.344306       -0.158674

     Cl  24        0.122966        0.218230        0.030998
     Cl  24        0.218230        0.043368        0.018975
     Cl  24        0.030998        0.018975       -0.166334

     ----- GIPAW term -----
     Cl   1        2.538341       -1.267270        0.092158
     Cl   1       -1.267270       -1.021773       -0.097285
     Cl   1        0.092158       -0.097285       -1.516568

     C    2        0.068738       -0.246466       -0.164337
     C    2       -0.246466       -0.014927        0.042360
     C    2       -0.164337        0.042360       -0.053811

     C    3       -0.170177       -0.088019        0.035425
     C    3       -0.088019        0.234036       -0.116343
     C    3        0.035425       -0.116343       -0.063859

     H    4       -0.000000        0.000000        0.000000
     H    4        0.000000        0.000000        0.000000
     H    4        0.000000        0.000000        0.000000

     C    5       -0.098646       -0.099414       -0.024783
     C    5       -0.099414        0.229542       -0.162176
     C    5       -0.024783       -0.162176       -0.130896

     H    6       -0.000000        0.000000        0.000000
     H    6        0.000000        0.000000        0.000000
     H    6        0.000000        0.000000        0.000000

     H    7       -0.000000        0.000000        0.000000
     H    7        0.000000        0.000000        0.000000
     H    7        0.000000        0.000000        0.000000

     C    8       -0.010487       -0.042552       -0.049164
     C    8       -0.042552        0.014855        0.041929
     C    8       -0.049164        0.041929       -0.004368

     H    9       -0.000000        0.000000        0.000000
     H    9        0.000000        0.000000        0.000000
     H    9        0.000000        0.000000        0.000000

     C   10        0.018104        0.006498        0.023561
     C   10        0.006498        0.002041       -0.024289
     C   10        0.023561       -0.024289       -0.020145

     C   11        0.021812       -0.028596       -0.055932
     C   11       -0.028596        0.025252        0.031804
     C   11       -0.055932        0.031804       -0.047064

     Cl  12        0.050086       -0.122581       -1.110974
     Cl  12       -0.122581        0.230078        1.479857
     Cl  12       -1.110974        1.479857       -0.280163

     H   13       -0.000000        0.000000        0.000000
     H   13        0.000000        0.000000        0.000000
     H   13        0.000000        0.000000        0.000000

     C   14        0.010952       -0.003947       -0.039748
     C   14       -0.003947        0.011646        0.045183
     C   14       -0.039748        0.045183       -0.022598

     H   15       -0.000000        0.000000        0.000000
     H   15        0.000000        0.000000        0.000000
     H   15        0.000000        0.000000        0.000000

     C   16       -0.019375       -0.038663        0.031545
     C   16       -0.038663        0.014786        0.035010
     C   16        0.031545        0.035010        0.004589

     C   17       -0.085119       -0.080666       -0.100620
     C   17       -0.080666        0.063576        0.128212
     C   17       -0.100620        0.128212        0.021543

     Cl  18        0.022631       -2.217731       -0.702665
     Cl  18       -2.217731        0.237969        1.627299
     Cl  18       -0.702665        1.627299       -0.260600

     H   19       -0.000000        0.000000        0.000000
     H   19        0.000000        0.000000        0.000000
     H   19        0.000000        0.000000        0.000000

     C   20        0.063775       -0.193369       -0.021015
     C   20       -0.193369       -0.036299        0.098787
     C   20       -0.021015        0.098787       -0.027476

     H   21       -0.000000        0.000000        0.000000
     H   21        0.000000        0.000000        0.000000
     H   21        0.000000        0.000000        0.000000

     C   22       -0.049897       -0.075799       -0.078776
     C   22       -0.075799        0.020812        0.058350
     C   22       -0.078776        0.058350        0.029085

     C   23        0.148212       -0.128377       -0.134348
     C   23       -0.128377       -0.050394        0.137449
     C   23       -0.134348        0.137449       -0.097818

     Cl  24        1.833194        1.541123        0.484699
     Cl  24        1.541123        0.043596       -0.437353
     Cl  24        0.484699       -0.437353       -1.876790

     ----- total EFG -----
     Cl   1        2.648884       -1.153292        0.087620
     Cl   1       -1.153292       -1.128114       -0.103304
     Cl   1        0.087620       -0.103304       -1.520770

     C    2        0.392311       -0.646555       -0.525006
     C    2       -0.646555        0.035640       -0.188736
     C    2       -0.525006       -0.188736       -0.427951

     C    3       -0.523230        0.101642        0.097482
     C    3        0.101642        0.745223       -0.142949
     C    3        0.097482       -0.142949       -0.221993

     H    4        0.622197        0.011254        0.308070
     H    4        0.011254       -0.477164        0.338860
     H    4        0.308070        0.338860       -0.145033

     C    5        0.141889       -0.374946       -0.185118
     C    5       -0.374946        0.453771       -0.453074
     C    5       -0.185118       -0.453074       -0.595660

     H    6       -0.023449        0.067094        0.065094
     H    6        0.067094        0.001789        0.554246
     H    6        0.065094        0.554246        0.021660

     H    7       -0.009445       -0.154143        0.276157
     H    7       -0.154143        0.582295       -0.582733
     H    7        0.276157       -0.582733       -0.572851

     C    8       -0.067544        0.095818        0.118778
     C    8        0.095818        0.259299       -0.146993
     C    8        0.118778       -0.146993       -0.191755

     H    9        0.616738       -0.071991        0.580794
     H    9       -0.071991       -0.219355       -0.404402
     H    9        0.580794       -0.404402       -0.397383

     C   10        0.279004        0.226247        0.446106
     C   10        0.226247        0.033786       -0.404092
     C   10        0.446106       -0.404092       -0.312790

     C   11        0.034508        0.193192       -0.033019
     C   11        0.193192        0.057164       -0.235634
     C   11       -0.033019       -0.235634       -0.091672

     Cl  12        0.167977        0.103321       -0.986085
     Cl  12        0.103321        0.204098        1.346763
     Cl  12       -0.986085        1.346763       -0.372075

     H   13       -0.441770       -0.132093        0.364382
     H   13       -0.132093        0.369376        0.545896
     H   13        0.364382        0.545896        0.072394

     C   14        0.025689        0.314502       -0.021115
     C   14        0.314502        0.316229        0.368593
     C   14       -0.021115        0.368593       -0.341918

     H   15        0.230623        0.302697        0.712309
     H   15        0.302697       -0.010832        0.062145
     H   15        0.712309        0.062145       -0.219791

     C   16        0.257116       -0.314673        0.304610
     C   16       -0.314673        0.090496       -0.030762
     C   16        0.304610       -0.030762       -0.347612

     C   17       -0.512656        0.318606       -0.260675
     C   17        0.318606        0.529456        0.404562
     C   17       -0.260675        0.404562       -0.016800

     Cl  18        0.140527       -2.405700       -0.646991
     Cl  18       -2.405700        0.227949        1.621315
     Cl  18       -0.646991        1.621315       -0.368476

     H   19       -0.259823        0.156791       -0.160101
     H   19        0.156791        0.166427       -0.231850
     H   19       -0.160101       -0.231850        0.093395

     C   20        0.107446       -0.346319        0.125848
     C   20       -0.346319       -0.304462        0.261254
     C   20        0.125848        0.261254        0.197016

     H   21        0.223320        0.029751        0.286355
     H   21        0.029751       -0.084102       -0.126283
     H   21        0.286355       -0.126283       -0.139218

     C   22       -0.299267        0.026493       -0.213797
     C   22        0.026493        0.049094        0.099561
     C   22       -0.213797        0.099561        0.250173

     C   23        0.220954       -0.256260       -0.046907
     C   23       -0.256260       -0.184654        0.335889
     C   23       -0.046907        0.335889       -0.036300

     Cl  24        2.009167        1.701287        0.566248
     Cl  24        1.701287        0.093958       -0.474968
     Cl  24        0.566248       -0.474968       -2.103125

     ----- total EFG (symmetrized) -----
     Cl   1        2.648884       -1.153292        0.087620
     Cl   1       -1.153292       -1.128114       -0.103304
     Cl   1        0.087620       -0.103304       -1.520770

     C    2        0.392311       -0.646555       -0.525006
     C    2       -0.646555        0.035640       -0.188736
     C    2       -0.525006       -0.188736       -0.427951

     C    3       -0.523230        0.101642        0.097482
     C    3        0.101642        0.745223       -0.142949
     C    3        0.097482       -0.142949       -0.221993

     H    4        0.622197        0.011254        0.308070
     H    4        0.011254       -0.477164        0.338860
     H    4        0.308070        0.338860       -0.145033

     C    5        0.141889       -0.374946       -0.185118
     C    5       -0.374946        0.453771       -0.453074
     C    5       -0.185118       -0.453074       -0.595660

     H    6       -0.023449        0.067094        0.065094
     H    6        0.067094        0.001789        0.554246
     H    6        0.065094        0.554246        0.021660

     H    7       -0.009445       -0.154143        0.276157
     H    7       -0.154143        0.582295       -0.582733
     H    7        0.276157       -0.582733       -0.572851

     C    8       -0.067544        0.095818        0.118778
     C    8        0.095818        0.259299       -0.146993
     C    8        0.118778       -0.146993       -0.191755

     H    9        0.616738       -0.071991        0.580794
     H    9       -0.071991       -0.219355       -0.404402
     H    9        0.580794       -0.404402       -0.397383

     C   10        0.279004        0.226247        0.446106
     C   10        0.226247        0.033786       -0.404092
     C   10        0.446106       -0.404092       -0.312790

     C   11        0.034508        0.193192       -0.033019
     C   11        0.193192        0.057164       -0.235634
     C   11       -0.033019       -0.235634       -0.091672

     Cl  12        0.167977        0.103321       -0.986085
     Cl  12        0.103321        0.204098        1.346763
     Cl  12       -0.986085        1.346763       -0.372075

     H   13       -0.441770       -0.132093        0.364382
     H   13       -0.132093        0.369376        0.545896
     H   13        0.364382        0.545896        0.072394

     C   14        0.025689        0.314502       -0.021115
     C   14        0.314502        0.316229        0.368593
     C   14       -0.021115        0.368593       -0.341918

     H   15        0.230623        0.302697        0.712309
     H   15        0.302697       -0.010832        0.062145
     H   15        0.712309        0.062145       -0.219791

     C   16        0.257116       -0.314673        0.304610
     C   16       -0.314673        0.090496       -0.030762
     C   16        0.304610       -0.030762       -0.347612

     C   17       -0.512656        0.318606       -0.260675
     C   17        0.318606        0.529456        0.404562
     C   17       -0.260675        0.404562       -0.016800

     Cl  18        0.140527       -2.405700       -0.646991
     Cl  18       -2.405700        0.227949        1.621315
     Cl  18       -0.646991        1.621315       -0.368476

     H   19       -0.259823        0.156791       -0.160101
     H   19        0.156791        0.166427       -0.231850
     H   19       -0.160101       -0.231850        0.093395

     C   20        0.107446       -0.346319        0.125848
     C   20       -0.346319       -0.304462        0.261254
     C   20        0.125848        0.261254        0.197016

     H   21        0.223320        0.029751        0.286355
     H   21        0.029751       -0.084102       -0.126283
     H   21        0.286355       -0.126283       -0.139218

     C   22       -0.299267        0.026493       -0.213797
     C   22        0.026493        0.049094        0.099561
     C   22       -0.213797        0.099561        0.250173

     C   23        0.220954       -0.256260       -0.046907
     C   23       -0.256260       -0.184654        0.335889
     C   23       -0.046907        0.335889       -0.036300

     Cl  24        2.009167        1.701287        0.566248
     Cl  24        1.701287        0.093958       -0.474968
     Cl  24        0.566248       -0.474968       -2.103125


     NQR/NMR SPECTROSCOPIC PARAMETERS:
     Cl   1    Vxx=   -1.4044    axis=( -0.241760 -0.808950  0.535866)
     Cl   1    Vyy=   -1.5716    axis=( -0.125031 -0.521674 -0.843934)
     Cl   1    Vzz=    2.9760    axis=(  0.962247 -0.271029  0.024976)
     Cl   1  Q=        -8.1650 1e-30 m^2  Cq=       -57.0930 MHz  eta= 0.05621

     C    2    Vxx=   -0.0234    axis=( -0.257570 -0.703474  0.662406)
     C    2    Vyy=   -0.9360    axis=( -0.514563 -0.480385 -0.710250)
     C    2    Vzz=    0.9593    axis=( -0.817852  0.523789  0.238249)
     C    2  Q=         1.0000 1e-30 m^2  Cq=         2.2541 MHz  eta= 0.95128

     C    3    Vxx=   -0.2049    axis=(  0.322192  0.107053  0.940602)
     C    3    Vyy=   -0.5669    axis=(  0.944274 -0.107058 -0.311265)
     C    3    Vzz=    0.7718    axis=( -0.067378 -0.988473  0.135580)
     C    3  Q=         1.0000 1e-30 m^2  Cq=         1.8133 MHz  eta= 0.46908

     H    4    Vxx=   -0.0366    axis=(  0.357807 -0.563549 -0.744571)
     H    4    Vyy=   -0.7075    axis=( -0.122970 -0.818853  0.560677)
     H    4    Vzz=    0.7441    axis=( -0.925663 -0.109054 -0.362291)
     H    4  Q=         1.0000 1e-30 m^2  Cq=         1.7483 MHz  eta= 0.90162

     C    5    Vxx=    0.0940    axis=(  0.839033  0.323289 -0.437617)
     C    5    Vyy=    0.7678    axis=(  0.450578 -0.863703  0.225825)
     C    5    Vzz=   -0.8618    axis=(  0.304964  0.386655  0.870342)
     C    5  Q=         1.0000 1e-30 m^2  Cq=        -2.0249 MHz  eta= 0.78192

     H    6    Vxx=   -0.0379    axis=( -0.988229  0.104008  0.112182)
     H    6    Vyy=   -0.5426    axis=( -0.004404  0.713669 -0.700469)
     H    6    Vzz=    0.5805    axis=( -0.152915 -0.692719 -0.704811)
     H    6  Q=         1.0000 1e-30 m^2  Cq=         1.3640 MHz  eta= 0.86943

     H    7    Vxx=   -0.0326    axis=(  0.934000  0.339525  0.111204)
     H    7    Vyy=   -0.8626    axis=( -0.232810  0.342290  0.910295)
     H    7    Vzz=    0.8952    axis=(  0.271004 -0.876105  0.398744)
     H    7  Q=         1.0000 1e-30 m^2  Cq=         2.1034 MHz  eta= 0.92717

     C    8    Vxx=    0.0043    axis=( -0.849896  0.015733 -0.526715)
     C    8    Vyy=    0.3128    axis=(  0.166180  0.956551 -0.239572)
     C    8    Vzz=   -0.3171    axis=( -0.500061  0.291141  0.815583)
     C    8  Q=         1.0000 1e-30 m^2  Cq=        -0.7450 MHz  eta= 0.97291

     H    9    Vxx=   -0.0792    axis=(  0.390360  0.846148 -0.362838)
     H    9    Vyy=   -0.8518    axis=( -0.299853  0.489465  0.818848)
     H    9    Vzz=    0.9309    axis=(  0.870463 -0.210847  0.444788)
     H    9  Q=         1.0000 1e-30 m^2  Cq=         2.1874 MHz  eta= 0.82995

     C   10    Vxx=    0.2885    axis=(  0.200310  0.875499 -0.439746)
     C   10    Vyy=    0.5187    axis=( -0.886612 -0.029002 -0.461605)
     C   10    Vzz=   -0.8072    axis=( -0.416888  0.482348  0.770418)
     C   10  Q=         1.0000 1e-30 m^2  Cq=        -1.8966 MHz  eta= 0.28512

     C   11    Vxx=   -0.0433    axis=( -0.798362  0.226332 -0.558025)
     C   11    Vyy=   -0.2929    axis=(  0.308292 -0.642400 -0.701625)
     C   11    Vzz=    0.3362    axis=( -0.517276 -0.732185  0.443091)
     C   11  Q=         1.0000 1e-30 m^2  Cq=         0.7900 MHz  eta= 0.74221

     Cl  12    Vxx=    0.2785    axis=(  0.813396  0.580920 -0.030306)
     Cl  12    Vyy=    1.5468    axis=(  0.422300 -0.625523 -0.656037)
     Cl  12    Vzz=   -1.8253    axis=( -0.400062  0.520820 -0.754120)
     Cl  12  Q=        -8.1650 1e-30 m^2  Cq=        35.0177 MHz  eta= 0.69484

     H   13    Vxx=   -0.0276    axis=(  0.648438 -0.532456  0.544076)
     H   13    Vyy=   -0.7711    axis=(  0.754245  0.352502 -0.553947)
     H   13    Vzz=    0.7987    axis=(  0.103165  0.769566  0.630178)
     H   13  Q=         1.0000 1e-30 m^2  Cq=         1.8766 MHz  eta= 0.93097

     C   14    Vxx=   -0.0663    axis=(  0.854042 -0.279262 -0.438891)
     C   14    Vyy=   -0.5506    axis=( -0.282068  0.460299 -0.841761)
     C   14    Vzz=    0.6168    axis=(  0.437093  0.842696  0.314344)
     C   14  Q=         1.0000 1e-30 m^2  Cq=         1.4493 MHz  eta= 0.78504

     H   15    Vxx=   -0.0805    axis=(  0.146247 -0.931834  0.332109)
     H   15    Vyy=   -0.7652    axis=(  0.607888 -0.180203 -0.773304)
     H   15    Vzz=    0.8457    axis=(  0.780439  0.314978  0.540096)
     H   15  Q=         1.0000 1e-30 m^2  Cq=         1.9871 MHz  eta= 0.80966

     C   16    Vxx=   -0.0832    axis=(  0.417037  0.823463  0.384692)
     C   16    Vyy=   -0.4923    axis=( -0.436942 -0.189492  0.879303)
     C   16    Vzz=    0.5756    axis=(  0.796970 -0.534791  0.280781)
     C   16  Q=         1.0000 1e-30 m^2  Cq=         1.3524 MHz  eta= 0.71077

     C   17    Vxx=    0.0215    axis=( -0.550887 -0.280508  0.786027)
     C   17    Vyy=    0.7667    axis=(  0.138551  0.898016  0.417577)
     C   17    Vzz=   -0.7883    axis=( -0.822999  0.338943 -0.455841)
     C   17  Q=         1.0000 1e-30 m^2  Cq=        -1.8521 MHz  eta= 0.94540

     Cl  18    Vxx=   -0.8092    axis=(  0.558015 -0.002884  0.829826)
     Cl  18    Vyy=   -2.5018    axis=(  0.569840  0.728273 -0.380657)
     Cl  18    Vzz=    3.3110    axis=( -0.603242  0.685281  0.408031)
     Cl  18  Q=        -8.1650 1e-30 m^2  Cq=       -63.5202 MHz  eta= 0.51122

     H   19    Vxx=   -0.1033    axis=( -0.075094  0.674753  0.734214)
     H   19    Vyy=   -0.3330    axis=(  0.949188 -0.177294  0.260016)
     H   19    Vzz=    0.4363    axis=(  0.305618  0.716433 -0.627154)
     H   19  Q=         1.0000 1e-30 m^2  Cq=         1.0251 MHz  eta= 0.52643

     C   20    Vxx=    0.2842    axis=(  0.713669 -0.113055  0.691300)
     C   20    Vyy=    0.3215    axis=(  0.529432 -0.559151 -0.638007)
     C   20    Vzz=   -0.6058    axis=(  0.458670  0.821322 -0.339194)
     C   20  Q=         1.0000 1e-30 m^2  Cq=        -1.4233 MHz  eta= 0.06164

     H   21    Vxx=   -0.0288    axis=(  0.270480  0.903658 -0.332027)
     H   21    Vyy=   -0.3549    axis=( -0.419846  0.421079  0.804004)
     H   21    Vzz=    0.3837    axis=(  0.866354 -0.078067  0.493291)
     H   21  Q=         1.0000 1e-30 m^2  Cq=         0.9015 MHz  eta= 0.84989

     C   22    Vxx=    0.0321    axis=(  0.218107  0.950748 -0.220242)
     C   22    Vyy=    0.3484    axis=( -0.290742  0.278729  0.915303)
     C   22    Vzz=   -0.3805    axis=(  0.931611 -0.135601  0.337215)
     C   22  Q=         1.0000 1e-30 m^2  Cq=        -0.8940 MHz  eta= 0.83124

     C   23    Vxx=    0.0573    axis=(  0.650709  0.286825  0.703071)
     C   23    Vyy=    0.4408    axis=( -0.717908  0.534012  0.446585)
     C   23    Vzz=   -0.4981    axis=(  0.247357  0.795338 -0.553401)
     C   23  Q=         1.0000 1e-30 m^2  Cq=        -1.1703 MHz  eta= 0.76985

     Cl  24    Vxx=   -0.5853    axis=( -0.434789  0.800410 -0.412677)
     Cl  24    Vyy=   -2.4310    axis=( -0.244729  0.335991  0.909515)
     Cl  24    Vzz=    3.0163    axis=( -0.866641 -0.496441 -0.049799)
     Cl  24  Q=        -8.1650 1e-30 m^2  Cq=       -57.8654 MHz  eta= 0.61190

     Initialization:
     gipaw_setup  :      9.26s CPU     10.74s WALL (       1 calls)

     Linear response

     Apply operators

     Induced current

     Other routines
     efg          :      9.11s CPU     11.34s WALL (       1 calls)

     General routines
     calbec       :      3.17s CPU      4.21s WALL (      16 calls)
     fft          :      1.34s CPU      1.59s WALL (      15 calls)
     ffts         :      0.04s CPU      0.04s WALL (       2 calls)
     fftw         :      3.21s CPU      3.75s WALL (     672 calls)
     davcio       :      0.03s CPU      0.33s WALL (      32 calls)

     Parallel routines
     fft_scatter  :      1.80s CPU      2.44s WALL (     689 calls)

     Plugins

     GIPAW        :     61.02s CPU     71.29s WALL (       1 calls)
