
     Program QE v.6.0 (svn rev. 13079) starts on 17Jan2017 at 10:21:40 

     This program is part of the open-source Quantum ESPRESSO suite
     for quantum simulation of materials; please cite
         "P. Giannozzi et al., J. Phys.:Condens. Matter 21 395502 (2009);
          URL http://www.quantum-espresso.org", 
     in publications or presentations arising from this work. More details at
     http://www.quantum-espresso.org/quote

     Parallel version (MPI), running on     8 processors
     R & G space division:  proc/nbgrp/npool/nimage =       8

     ***** This is GIPAW svn revision unknown      *****

     Parallelizing q-star over 1 images

     Reading data from directory:
     /users/majewski/paradichlorobenzene/pbe/9_constraint/scratch/pbe.ecut100.np8.dt60.pcl2phi-129368.save
     Message from routine read_xml_file:
     file /users/majewski/paradichlorobenzene/pbe/9_constraint/scratch/pbe.ecut100.np8.dt60.pcl2phi-129368.save not guaranteed to be safe for post-processing

   Info: using nr1, nr2, nr3 values from input

   Info: using nr1, nr2, nr3 values from input

     IMPORTANT: XC functional enforced from input :
     Exchange-correlation      =  SLA  PW   PBX  PBC ( 1  4  3  4 0 0)
     Any further DFT definition will be discarded
     Please, verify this is what you really want

               file C.pbe-n-kjpaw_psl.1.0.0.UPF: wavefunction(s)  2S 2P renormalized
               file Cl.pbe-n-kjpaw_psl.1.0.0.UPF: wavefunction(s)  3S 3P renormalized
               file H.pbe-kjpaw_psl.1.0.0.UPF: wavefunction(s)  1S renormalized

     Parallelization info
     --------------------
     sticks:   dense  smooth     PW     G-vecs:    dense   smooth      PW
     Min        3057    1223    332               144436    36536    5170
     Max        3059    1225    333               144437    36537    5171
     Sum       24467    9791   2657              1155489   292295   41363


     Subspace diagonalization in iterative solution of the eigenvalue problem:
     a serial algorithm will be used

     GIPAW projectors -----------------------------------------------
     atom=  C    l=0  rc=    1.2000  rs=    0.8000
     atom=  C    l=0  rc=    1.2000  rs=    0.8000
     atom=  C    l=1  rc=    1.4000  rs=    0.9333
     atom=  C    l=1  rc=    1.4000  rs=    0.9333
     projs nearly linearly dependent: l=1  n1,n2= 1, 2  s=  0.99951561

     atom=  Cl   l=0  rc=    1.6000  rs=    1.0667
     atom=  Cl   l=0  rc=    1.6000  rs=    1.0667
     atom=  Cl   l=1  rc=    1.6000  rs=    1.0667
     atom=  Cl   l=1  rc=    1.6000  rs=    1.0667
     atom=  Cl   l=2  rc=    1.6000  rs=    1.0667
     atom=  Cl   l=2  rc=    1.6000  rs=    1.0667
     projs nearly linearly dependent: l=2  n1,n2= 1, 2  s=  0.99993509

     atom=  H    l=0  rc=    1.0000  rs=    0.6667
     atom=  H    l=0  rc=    1.0000  rs=    0.6667
     projs nearly linearly dependent: l=0  n1,n2= 1, 2  s=  0.99968852
     -----------------------------------------------------------------

     GIPAW integrals: -------------------------------------------
     Atom  i/j   nmr_para   nmr_dia   epr_rmc  epr_para   epr_dia
       C   1 1   0.83E+03  0.17E-01  0.93E+01  0.24E+08  0.24E+03
       C   2 1   0.86E+03 -0.61E-01  0.94E+01  0.25E+08  0.25E+03
       C   2 2   0.90E+03 -0.15E+00  0.97E+01  0.26E+08  0.26E+03
       C   3 3   0.33E+01  0.34E+00  0.18E+01  0.55E+03  0.21E+02
       C   4 3   0.35E+01  0.37E+00  0.20E+01  0.59E+03  0.22E+02
       C   4 4   0.38E+01  0.39E+00  0.22E+01  0.63E+03  0.24E+02
       Cl  1 1   0.14E+04 -0.47E+00  0.84E+01  0.32E+09  0.42E+03
       Cl  2 1   0.21E+04 -0.37E+00  0.12E+02  0.49E+09  0.65E+03
       Cl  2 2   0.33E+04 -0.16E+00  0.21E+02  0.76E+09  0.10E+04
       Cl  3 3   0.21E+02  0.79E-01  0.89E+01  0.23E+05  0.13E+03
       Cl  4 3   0.24E+02  0.67E-01  0.99E+01  0.27E+05  0.15E+03
       Cl  4 4   0.28E+02  0.44E-01  0.11E+02  0.32E+05  0.18E+03
       Cl  5 5   0.77E+00  0.19E+00  0.18E+01  0.12E+03  0.22E+02
       Cl  6 5   0.80E+00  0.19E+00  0.19E+01  0.12E+03  0.23E+02
       Cl  6 6   0.83E+00  0.20E+00  0.19E+01  0.12E+03  0.23E+02
       H   1 1   0.39E+02  0.19E+00  0.29E+00  0.78E+05  0.13E+02
       H   2 1   0.41E+02  0.21E+00  0.32E+00  0.82E+05  0.14E+02
       H   2 2   0.43E+02  0.22E+00  0.36E+00  0.86E+05  0.15E+02
     ------------------------------------------------------------

     alpha_pv=     33.8432 eV

     Number of occupied bands for each k-point:
     k-point:     1    nbnd_occ=  42
     k-point:     2    nbnd_occ=  42
     k-point:     3    nbnd_occ=  42
     k-point:     4    nbnd_occ=  42
     k-point:     5    nbnd_occ=  42
     k-point:     6    nbnd_occ=  42
     k-point:     7    nbnd_occ=  42
     k-point:     8    nbnd_occ=  42
     k-point:     9    nbnd_occ=  42
     k-point:    10    nbnd_occ=  42
     k-point:    11    nbnd_occ=  42
     k-point:    12    nbnd_occ=  42
     k-point:    13    nbnd_occ=  42
     k-point:    14    nbnd_occ=  42
     k-point:    15    nbnd_occ=  42
     k-point:    16    nbnd_occ=  42


     q-space interpolation up to   110.00 Rydberg

     GIPAW job: efg                                                                             


     ELECTRIC FIELD GRADIENTS TENSORS IN Hartree/bohrradius^2:

     ----- bare term -----
     Cl   1       -0.052274        0.249499       -0.046329
     Cl   1        0.249499       -0.175852       -0.225656
     Cl   1       -0.046329       -0.225656        0.228125

     C    2        0.102363       -0.085551       -0.299032
     C    2       -0.085551       -0.044959       -0.629619
     C    2       -0.299032       -0.629619       -0.057404

     C    3       -0.584010        0.354882       -0.085945
     C    3        0.354882        0.044522       -0.107667
     C    3       -0.085945       -0.107667        0.539488

     H    4        0.016239       -0.153189       -0.294770
     H    4       -0.153189       -0.353587       -0.355607
     H    4       -0.294770       -0.355607        0.337348

     C    5       -0.020574       -0.213446       -0.452427
     C    5       -0.213446       -0.116186       -0.439882
     C    5       -0.452427       -0.439882        0.136760

     H    6        0.428853        0.087877        0.042347
     H    6        0.087877       -0.619454       -0.520568
     H    6        0.042347       -0.520568        0.190601

     H    7        0.354973        0.088466        0.294495
     H    7        0.088466       -0.031229        0.293614
     H    7        0.294495        0.293614       -0.323744

     C    8       -0.610724       -0.364317       -0.438021
     C    8       -0.364317        0.407808        0.115695
     C    8       -0.438021        0.115695        0.202917

     H    9       -0.214850        0.068863       -0.550746
     H    9        0.068863        0.122148       -0.013962
     H    9       -0.550746       -0.013962        0.092702

     C   10        0.134909       -0.290899       -0.045933
     C   10       -0.290899       -0.137211        0.505722
     C   10       -0.045933        0.505722        0.002302

     C   11       -0.313637       -0.307243       -0.474407
     C   11       -0.307243        0.146292        0.314273
     C   11       -0.474407        0.314273        0.167345

     Cl  12        0.018729       -0.029819       -0.077458
     Cl  12       -0.029819       -0.036116        0.006545
     Cl  12       -0.077458        0.006545        0.017387

     H   13        0.480682       -0.068657        0.143036
     H   13       -0.068657       -0.191938       -0.331843
     H   13        0.143036       -0.331843       -0.288744

     C   14       -0.740964        0.357387       -0.263655
     C   14        0.357387        0.435858       -0.208225
     C   14       -0.263655       -0.208225        0.305106

     H   15       -0.314145       -0.072758       -0.562576
     H   15       -0.072758        0.301038       -0.059950
     H   15       -0.562576       -0.059950        0.013107

     C   16       -0.015378       -0.046617       -0.253605
     C   16       -0.046617       -0.029880       -0.677990
     C   16       -0.253605       -0.677990        0.045258

     C   17       -0.415993        0.359027       -0.167455
     C   17        0.359027        0.018009       -0.311893
     C   17       -0.167455       -0.311893        0.397984

     Cl  18        0.125160       -0.164268       -0.063357
     Cl  18       -0.164268       -0.011942        0.015772
     Cl  18       -0.063357        0.015772       -0.113218

     H   19        0.463193        0.062280       -0.016556
     H   19        0.062280       -0.824454        0.170614
     H   19       -0.016556        0.170614        0.361262

     C   20       -0.085023       -0.027537       -0.215114
     C   20       -0.027537        0.026257        0.455146
     C   20       -0.215114        0.455146        0.058766

     H   21        0.056784        0.240457       -0.341482
     H   21        0.240457       -0.169748        0.467282
     H   21       -0.341482        0.467282        0.112964

     C   22       -0.792248       -0.370738       -0.364211
     C   22       -0.370738        0.341929        0.015277
     C   22       -0.364211        0.015277        0.450319

     C   23        0.079163       -0.233046       -0.061648
     C   23       -0.233046       -0.178970        0.492669
     C   23       -0.061648        0.492669        0.099807

     Cl  24       -0.196174       -0.278231        0.014755
     Cl  24       -0.278231        0.166171       -0.063712
     Cl  24        0.014755       -0.063712        0.030003

     ----- ionic term -----
     Cl   1        0.155199       -0.168798        0.067964
     Cl   1       -0.168798       -0.019126       -0.033942
     Cl   1        0.067964       -0.033942       -0.136073

     C    2        0.200246       -0.155410        0.342068
     C    2       -0.155410        0.059016        0.349156
     C    2        0.342068        0.349156       -0.259262

     C    3        0.174472       -0.259850        0.181540
     C    3       -0.259850        0.141947        0.377656
     C    3        0.181540        0.377656       -0.316419

     H    4        0.458977        0.316919        0.725289
     H    4        0.316919       -0.377276        0.304395
     H    4        0.725289        0.304395       -0.081701

     C    5        0.294574       -0.096367        0.262610
     C    5       -0.096367       -0.001022        0.341270
     C    5        0.262610        0.341270       -0.293553

     H    6       -0.479058        0.140680        0.128212
     H    6        0.140680        0.418404        0.770561
     H    6        0.128212        0.770561        0.060654

     H    7       -0.516555        0.007666        0.010342
     H    7        0.007666        0.433151       -0.778417
     H    7        0.010342       -0.778417        0.083404

     C    8        0.196739        0.210673        0.311810
     C    8        0.210673       -0.006258       -0.303890
     C    8        0.311810       -0.303890       -0.190480

     H    9        0.639811       -0.432754        0.579289
     H    9       -0.432754       -0.318279       -0.277122
     H    9        0.579289       -0.277122       -0.321532

     C   10        0.099894        0.188375        0.207606
     C   10        0.188375        0.207681       -0.426321
     C   10        0.207606       -0.426321       -0.307575

     C   11        0.088873        0.115866        0.351413
     C   11        0.115866        0.139872       -0.475898
     C   11        0.351413       -0.475898       -0.228745

     Cl  12        0.140956        0.214759        0.037400
     Cl  12        0.214759       -0.006149        0.010953
     Cl  12        0.037400        0.010953       -0.134808

     H   13       -0.532282       -0.041322       -0.015560
     H   13       -0.041322        0.586866        0.748655
     H   13       -0.015560        0.748655       -0.054584

     C   14        0.259562       -0.162282        0.249547
     C   14       -0.162282       -0.012241        0.346724
     C   14        0.249547        0.346724       -0.247321

     H   15        0.444989        0.438026        0.640488
     H   15        0.438026       -0.309054        0.359994
     H   15        0.640488        0.359994       -0.135935

     C   16        0.125620       -0.220044        0.126922
     C   16       -0.220044        0.153224        0.465311
     C   16        0.126922        0.465311       -0.278844

     C   17        0.192420       -0.179657        0.177913
     C   17       -0.179657        0.111805        0.479945
     C   17        0.177913        0.479945       -0.304224

     Cl  18        0.182605       -0.241732       -0.006398
     Cl  18       -0.241732       -0.035538        0.008041
     Cl  18       -0.006398        0.008041       -0.147067

     H   19       -0.527587       -0.011482        0.029636
     H   19       -0.011482        0.715944       -0.678873
     H   19        0.029636       -0.678873       -0.188357

     C   20        0.212567        0.174924        0.385683
     C   20        0.174924        0.079203       -0.271222
     C   20        0.385683       -0.271222       -0.291770

     H   21        0.442443       -0.393500        0.686218
     H   21       -0.393500       -0.368599       -0.321774
     H   21        0.686218       -0.321774       -0.073844

     C   22        0.103888        0.254130        0.255785
     C   22        0.254130        0.156235       -0.327289
     C   22        0.255785       -0.327289       -0.260123

     C   23        0.143698        0.246735        0.266188
     C   23        0.246735        0.082727       -0.391247
     C   23        0.266188       -0.391247       -0.226425

     Cl  24        0.132036        0.207118        0.003919
     Cl  24        0.207118        0.023915        0.000309
     Cl  24        0.003919        0.000309       -0.155950

     ----- GIPAW term -----
     Cl   1       -0.781693        0.234111        0.311969
     Cl   1        0.234111        1.000875        1.399044
     Cl   1        0.311969        1.399044       -0.219182

     C    2       -0.051569       -0.056312       -0.033753
     C    2       -0.056312        0.220550       -0.029113
     C    2       -0.033753       -0.029113       -0.168981

     C    3       -0.065736       -0.092179        0.009847
     C    3       -0.092179        0.100314        0.003745
     C    3        0.009847        0.003745       -0.034579

     H    4       -0.000000        0.000000        0.000000
     H    4        0.000000        0.000000        0.000000
     H    4        0.000000        0.000000        0.000000

     C    5       -0.014933       -0.094286       -0.049789
     C    5       -0.094286        0.089504       -0.037746
     C    5       -0.049789       -0.037746       -0.074571

     H    6       -0.000000        0.000000        0.000000
     H    6        0.000000        0.000000        0.000000
     H    6        0.000000        0.000000        0.000000

     H    7       -0.000000        0.000000        0.000000
     H    7        0.000000        0.000000        0.000000
     H    7        0.000000        0.000000        0.000000

     C    8       -0.079628       -0.178409       -0.062449
     C    8       -0.178409        0.172079        0.020273
     C    8       -0.062449        0.020273       -0.092451

     H    9       -0.000000        0.000000        0.000000
     H    9        0.000000        0.000000        0.000000
     H    9        0.000000        0.000000        0.000000

     C   10       -0.042009       -0.103291       -0.023021
     C   10       -0.103291        0.127105        0.114790
     C   10       -0.023021        0.114790       -0.085096

     C   11       -0.044105       -0.105619       -0.123748
     C   11       -0.105619        0.144152        0.141243
     C   11       -0.123748        0.141243       -0.100047

     Cl  12       -0.261391        0.713215       -0.823252
     Cl  12        0.713215        1.030585        2.086021
     Cl  12       -0.823252        2.086021       -0.769194

     H   13       -0.000000        0.000000        0.000000
     H   13        0.000000        0.000000        0.000000
     H   13        0.000000        0.000000        0.000000

     C   14       -0.203676        0.052009       -0.022553
     C   14        0.052009        0.262813       -0.097437
     C   14       -0.022553       -0.097437       -0.059137

     H   15       -0.000000        0.000000        0.000000
     H   15        0.000000        0.000000        0.000000
     H   15        0.000000        0.000000        0.000000

     C   16       -0.110340       -0.113799       -0.030676
     C   16       -0.113799        0.238575       -0.142316
     C   16       -0.030676       -0.142316       -0.128235

     C   17        0.015022       -0.203445        0.013747
     C   17       -0.203445        0.105695       -0.059855
     C   17        0.013747       -0.059855       -0.120717

     Cl  18        2.462694       -3.312306       -0.602177
     Cl  18       -3.312306       -0.188088        0.169855
     Cl  18       -0.602177        0.169855       -2.274606

     H   19       -0.000000        0.000000        0.000000
     H   19        0.000000        0.000000        0.000000
     H   19        0.000000        0.000000        0.000000

     C   20       -0.096718       -0.021523       -0.017247
     C   20       -0.021523        0.244598        0.107435
     C   20       -0.017247        0.107435       -0.147879

     H   21       -0.000000        0.000000        0.000000
     H   21        0.000000        0.000000        0.000000
     H   21        0.000000        0.000000        0.000000

     C   22       -0.229834       -0.030930       -0.056916
     C   22       -0.030930        0.225258       -0.153074
     C   22       -0.056916       -0.153074        0.004576

     C   23       -0.031239       -0.076760        0.059378
     C   23       -0.076760        0.172585       -0.101830
     C   23        0.059378       -0.101830       -0.141346

     Cl  24       -0.323126       -0.125798        0.218424
     Cl  24       -0.125798        2.326129       -0.931311
     Cl  24        0.218424       -0.931311       -2.003003

     ----- total EFG -----
     Cl   1       -0.678768        0.314812        0.333604
     Cl   1        0.314812        0.805897        1.139447
     Cl   1        0.333604        1.139447       -0.127129

     C    2        0.251039       -0.297273        0.009283
     C    2       -0.297273        0.234607       -0.309577
     C    2        0.009283       -0.309577       -0.485646

     C    3       -0.475274        0.002853        0.105442
     C    3        0.002853        0.286783        0.273734
     C    3        0.105442        0.273734        0.188490

     H    4        0.475216        0.163731        0.430520
     H    4        0.163731       -0.730863       -0.051212
     H    4        0.430520       -0.051212        0.255647

     C    5        0.259067       -0.404098       -0.239606
     C    5       -0.404098       -0.027703       -0.136358
     C    5       -0.239606       -0.136358       -0.231363

     H    6       -0.050205        0.228557        0.170560
     H    6        0.228557       -0.201050        0.249993
     H    6        0.170560        0.249993        0.251255

     H    7       -0.161582        0.096132        0.304837
     H    7        0.096132        0.401921       -0.484803
     H    7        0.304837       -0.484803       -0.240339

     C    8       -0.493613       -0.332053       -0.188660
     C    8       -0.332053        0.573629       -0.167922
     C    8       -0.188660       -0.167922       -0.080015

     H    9        0.424961       -0.363891        0.028543
     H    9       -0.363891       -0.196131       -0.291084
     H    9        0.028543       -0.291084       -0.228830

     C   10        0.192794       -0.205815        0.138652
     C   10       -0.205815        0.197574        0.194191
     C   10        0.138652        0.194191       -0.390369

     C   11       -0.268869       -0.296996       -0.246742
     C   11       -0.296996        0.430315       -0.020382
     C   11       -0.246742       -0.020382       -0.161447

     Cl  12       -0.101706        0.898155       -0.863310
     Cl  12        0.898155        0.988321        2.103519
     Cl  12       -0.863310        2.103519       -0.886615

     H   13       -0.051600       -0.109979        0.127475
     H   13       -0.109979        0.394928        0.416813
     H   13        0.127475        0.416813       -0.343328

     C   14       -0.685078        0.247114       -0.036662
     C   14        0.247114        0.686429        0.041061
     C   14       -0.036662        0.041061       -0.001352

     H   15        0.130844        0.365268        0.077912
     H   15        0.365268       -0.008016        0.300044
     H   15        0.077912        0.300044       -0.122828

     C   16       -0.000098       -0.380460       -0.157359
     C   16       -0.380460        0.361920       -0.354994
     C   16       -0.157359       -0.354994       -0.361822

     C   17       -0.208552       -0.024075        0.024204
     C   17       -0.024075        0.235509        0.108198
     C   17        0.024204        0.108198       -0.026957

     Cl  18        2.770459       -3.718307       -0.671932
     Cl  18       -3.718307       -0.235568        0.193669
     Cl  18       -0.671932        0.193669       -2.534891

     H   19       -0.064395        0.050798        0.013080
     H   19        0.050798       -0.108510       -0.508259
     H   19        0.013080       -0.508259        0.172905

     C   20        0.030825        0.125864        0.153322
     C   20        0.125864        0.350058        0.291359
     C   20        0.153322        0.291359       -0.380883

     H   21        0.499228       -0.153043        0.344736
     H   21       -0.153043       -0.538347        0.145508
     H   21        0.344736        0.145508        0.039120

     C   22       -0.918194       -0.147538       -0.165342
     C   22       -0.147538        0.723422       -0.465085
     C   22       -0.165342       -0.465085        0.194772

     C   23        0.191622       -0.063071        0.263919
     C   23       -0.063071        0.076341       -0.000408
     C   23        0.263919       -0.000408       -0.267964

     Cl  24       -0.387265       -0.196911        0.237098
     Cl  24       -0.196911        2.516215       -0.994714
     Cl  24        0.237098       -0.994714       -2.128950

     ----- total EFG (symmetrized) -----
     Cl   1       -0.678768        0.314812        0.333604
     Cl   1        0.314812        0.805897        1.139447
     Cl   1        0.333604        1.139447       -0.127129

     C    2        0.251039       -0.297273        0.009283
     C    2       -0.297273        0.234607       -0.309577
     C    2        0.009283       -0.309577       -0.485646

     C    3       -0.475274        0.002853        0.105442
     C    3        0.002853        0.286783        0.273734
     C    3        0.105442        0.273734        0.188490

     H    4        0.475216        0.163731        0.430520
     H    4        0.163731       -0.730863       -0.051212
     H    4        0.430520       -0.051212        0.255647

     C    5        0.259067       -0.404098       -0.239606
     C    5       -0.404098       -0.027703       -0.136358
     C    5       -0.239606       -0.136358       -0.231363

     H    6       -0.050205        0.228557        0.170560
     H    6        0.228557       -0.201050        0.249993
     H    6        0.170560        0.249993        0.251255

     H    7       -0.161582        0.096132        0.304837
     H    7        0.096132        0.401921       -0.484803
     H    7        0.304837       -0.484803       -0.240339

     C    8       -0.493613       -0.332053       -0.188660
     C    8       -0.332053        0.573629       -0.167922
     C    8       -0.188660       -0.167922       -0.080015

     H    9        0.424961       -0.363891        0.028543
     H    9       -0.363891       -0.196131       -0.291084
     H    9        0.028543       -0.291084       -0.228830

     C   10        0.192794       -0.205815        0.138652
     C   10       -0.205815        0.197574        0.194191
     C   10        0.138652        0.194191       -0.390369

     C   11       -0.268869       -0.296996       -0.246742
     C   11       -0.296996        0.430315       -0.020382
     C   11       -0.246742       -0.020382       -0.161447

     Cl  12       -0.101706        0.898155       -0.863310
     Cl  12        0.898155        0.988321        2.103519
     Cl  12       -0.863310        2.103519       -0.886615

     H   13       -0.051600       -0.109979        0.127475
     H   13       -0.109979        0.394928        0.416813
     H   13        0.127475        0.416813       -0.343328

     C   14       -0.685078        0.247114       -0.036662
     C   14        0.247114        0.686429        0.041061
     C   14       -0.036662        0.041061       -0.001352

     H   15        0.130844        0.365268        0.077912
     H   15        0.365268       -0.008016        0.300044
     H   15        0.077912        0.300044       -0.122828

     C   16       -0.000098       -0.380460       -0.157359
     C   16       -0.380460        0.361920       -0.354994
     C   16       -0.157359       -0.354994       -0.361822

     C   17       -0.208552       -0.024075        0.024204
     C   17       -0.024075        0.235509        0.108198
     C   17        0.024204        0.108198       -0.026957

     Cl  18        2.770459       -3.718307       -0.671932
     Cl  18       -3.718307       -0.235568        0.193669
     Cl  18       -0.671932        0.193669       -2.534891

     H   19       -0.064395        0.050798        0.013080
     H   19        0.050798       -0.108510       -0.508259
     H   19        0.013080       -0.508259        0.172905

     C   20        0.030825        0.125864        0.153322
     C   20        0.125864        0.350058        0.291359
     C   20        0.153322        0.291359       -0.380883

     H   21        0.499228       -0.153043        0.344736
     H   21       -0.153043       -0.538347        0.145508
     H   21        0.344736        0.145508        0.039120

     C   22       -0.918194       -0.147538       -0.165342
     C   22       -0.147538        0.723422       -0.465085
     C   22       -0.165342       -0.465085        0.194772

     C   23        0.191622       -0.063071        0.263919
     C   23       -0.063071        0.076341       -0.000408
     C   23        0.263919       -0.000408       -0.267964

     Cl  24       -0.387265       -0.196911        0.237098
     Cl  24       -0.196911        2.516215       -0.994714
     Cl  24        0.237098       -0.994714       -2.128950


     NQR/NMR SPECTROSCOPIC PARAMETERS:
     Cl   1    Vxx=   -0.7098    axis=(  0.860728 -0.407816  0.304685)
     Cl   1    Vyy=   -0.9466    axis=( -0.472904 -0.419007  0.775109)
     Cl   1    Vzz=    1.6565    axis=(  0.188437  0.811245  0.553509)
     Cl   1  Q=        -8.1650 1e-30 m^2  Cq=       -31.7784 MHz  eta= 0.14295

     C    2    Vxx=    0.0223    axis=(  0.752418  0.568487 -0.332702)
     C    2    Vyy=    0.5896    axis=( -0.647602  0.730728 -0.215983)
     C    2    Vzz=   -0.6119    axis=(  0.120331  0.377968  0.917965)
     C    2  Q=         1.0000 1e-30 m^2  Cq=        -1.4377 MHz  eta= 0.92701

     C    3    Vxx=   -0.0268    axis=(  0.170239 -0.648880  0.741602)
     C    3    Vyy=   -0.4939    axis=( -0.982861 -0.057790  0.175056)
     C    3    Vzz=    0.5207    axis=( -0.070733 -0.758693 -0.647597)
     C    3  Q=         1.0000 1e-30 m^2  Cq=         1.2234 MHz  eta= 0.89701

     H    4    Vxx=   -0.0502    axis=( -0.583129 -0.199511  0.787500)
     H    4    Vyy=   -0.7658    axis=(  0.171007 -0.977800 -0.121095)
     H    4    Vzz=    0.8160    axis=(  0.794177  0.064054  0.604301)
     H    4  Q=         1.0000 1e-30 m^2  Cq=         1.9173 MHz  eta= 0.87703

     C    5    Vxx=   -0.0328    axis=( -0.257042 -0.623477  0.738380)
     C    5    Vyy=   -0.5306    axis=( -0.492116 -0.573123 -0.655250)
     C    5    Vzz=    0.5634    axis=( -0.831716  0.531796  0.159506)
     C    5  Q=         1.0000 1e-30 m^2  Cq=         1.3238 MHz  eta= 0.88351

     H    6    Vxx=   -0.0953    axis=(  0.764530  0.281887 -0.579685)
     H    6    Vyy=   -0.3883    axis=( -0.473462  0.855839 -0.208262)
     H    6    Vzz=    0.4836    axis=(  0.437410  0.433681  0.787777)
     H    6  Q=         1.0000 1e-30 m^2  Cq=         1.1362 MHz  eta= 0.60604

     H    7    Vxx=    0.0217    axis=(  0.854349  0.312976  0.414891)
     H    7    Vyy=    0.6671    axis=(  0.079742 -0.867819  0.490440)
     H    7    Vzz=   -0.6887    axis=(  0.513546 -0.385922 -0.766377)
     H    7  Q=         1.0000 1e-30 m^2  Cq=        -1.6183 MHz  eta= 0.93707

     C    8    Vxx=   -0.0085    axis=( -0.388187  0.044110  0.920524)
     C    8    Vyy=   -0.6766    axis=(  0.888182  0.284374  0.360921)
     C    8    Vzz=    0.6851    axis=( -0.245853  0.957698 -0.149568)
     C    8  Q=         1.0000 1e-30 m^2  Cq=         1.6097 MHz  eta= 0.97518

     H    9    Vxx=   -0.0558    axis=(  0.419035  0.493893 -0.761892)
     H    9    Vyy=   -0.5648    axis=(  0.254705  0.741483  0.620749)
     H    9    Vzz=    0.6207    axis=( -0.871513  0.454173 -0.184910)
     H    9  Q=         1.0000 1e-30 m^2  Cq=         1.4583 MHz  eta= 0.82008

     C   10    Vxx=    0.1007    axis=(  0.682347  0.593184  0.427241)
     C   10    Vyy=    0.4035    axis=(  0.676453 -0.733923 -0.061381)
     C   10    Vzz=   -0.5042    axis=( -0.277152 -0.330892  0.902052)
     C   10  Q=         1.0000 1e-30 m^2  Cq=        -1.1847 MHz  eta= 0.60060

     C   11    Vxx=   -0.0132    axis=( -0.477032 -0.281165  0.832698)
     C   11    Vyy=   -0.5330    axis=(  0.798319  0.257653  0.544336)
     C   11    Vzz=    0.5462    axis=( -0.367596  0.924425  0.101551)
     C   11  Q=         1.0000 1e-30 m^2  Cq=         1.2833 MHz  eta= 0.95162

     Cl  12    Vxx=    0.4099    axis=(  0.902063  0.113576 -0.416392)
     Cl  12    Vyy=    2.3907    axis=(  0.129057  0.849636  0.511335)
     Cl  12    Vzz=   -2.8006    axis=(  0.411857 -0.514995  0.751767)
     Cl  12  Q=        -8.1650 1e-30 m^2  Cq=        53.7278 MHz  eta= 0.70729

     H   13    Vxx=   -0.0059    axis=(  0.952980 -0.049421  0.298977)
     H   13    Vyy=   -0.5804    axis=(  0.292880  0.403477 -0.866849)
     H   13    Vzz=    0.5863    axis=( -0.077790  0.913654  0.398980)
     H   13  Q=         1.0000 1e-30 m^2  Cq=         1.3776 MHz  eta= 0.97986

     C   14    Vxx=   -0.0004    axis=( -0.066299 -0.035761  0.997159)
     C   14    Vyy=   -0.7308    axis=( -0.983120  0.173135 -0.059157)
     C   14    Vzz=    0.7312    axis=( -0.170527 -0.984249 -0.046636)
     C   14  Q=         1.0000 1e-30 m^2  Cq=         1.7180 MHz  eta= 0.99894

     H   15    Vxx=   -0.0922    axis=( -0.648565  0.242095  0.721632)
     H   15    Vyy=   -0.4431    axis=( -0.378943  0.719528 -0.581963)
     H   15    Vzz=    0.5353    axis=(  0.660125  0.650899  0.374921)
     H   15  Q=         1.0000 1e-30 m^2  Cq=         1.2576 MHz  eta= 0.65552

     C   16    Vxx=   -0.0022    axis=(  0.776238  0.244582 -0.581064)
     C   16    Vyy=   -0.6520    axis=(  0.445116  0.440088  0.779868)
     C   16    Vzz=    0.6541    axis=(  0.446461 -0.864004  0.232746)
     C   16  Q=         1.0000 1e-30 m^2  Cq=         1.5370 MHz  eta= 0.99333

     C   17    Vxx=   -0.0594    axis=(  0.202178 -0.322709  0.924653)
     C   17    Vyy=   -0.2154    axis=(  0.978886  0.095622 -0.180663)
     C   17    Vzz=    0.2748    axis=( -0.030116  0.941656  0.335228)
     C   17  Q=         1.0000 1e-30 m^2  Cq=         0.6457 MHz  eta= 0.56749

     Cl  18    Vxx=   -2.4397    axis=( -0.264425 -0.517572  0.813756)
     Cl  18    Vyy=   -2.8946    axis=( -0.495492 -0.650995 -0.575059)
     Cl  18    Vzz=    5.3343    axis=( -0.827385  0.555270  0.084314)
     Cl  18  Q=        -8.1650 1e-30 m^2  Cq=      -102.3366 MHz  eta= 0.08527

     H   19    Vxx=   -0.0597    axis=(  0.993364  0.068010  0.092749)
     H   19    Vyy=   -0.5005    axis=( -0.110274  0.792292  0.600094)
     H   19    Vzz=    0.5602    axis=( -0.032672 -0.606340  0.794534)
     H   19  Q=         1.0000 1e-30 m^2  Cq=         1.3163 MHz  eta= 0.78689

     C   20    Vxx=   -0.0090    axis=(  0.919602 -0.385156  0.077377)
     C   20    Vyy=   -0.5039    axis=( -0.200138 -0.289827  0.935919)
     C   20    Vzz=    0.5129    axis=( -0.338049 -0.876159 -0.343609)
     C   20  Q=         1.0000 1e-30 m^2  Cq=         1.2051 MHz  eta= 0.96495

     H   21    Vxx=   -0.0619    axis=( -0.405181  0.383619  0.829859)
     H   21    Vyy=   -0.6254    axis=(  0.222718  0.921778 -0.317368)
     H   21    Vzz=    0.6874    axis=( -0.886694  0.056233 -0.458925)
     H   21  Q=         1.0000 1e-30 m^2  Cq=         1.6150 MHz  eta= 0.81979

     C   22    Vxx=   -0.0233    axis=( -0.235277  0.479922  0.845174)
     C   22    Vyy=   -0.9718    axis=( -0.971639 -0.137370 -0.192478)
     C   22    Vzz=    0.9951    axis=(  0.023727 -0.866489  0.498631)
     C   22  Q=         1.0000 1e-30 m^2  Cq=         2.3381 MHz  eta= 0.95318

     C   23    Vxx=    0.0644    axis=(  0.183059  0.972474  0.144164)
     C   23    Vyy=    0.3251    axis=( -0.889884  0.226237 -0.396135)
     C   23    Vzz=   -0.3895    axis=( -0.417846 -0.055774  0.906804)
     C   23  Q=         1.0000 1e-30 m^2  Cq=        -0.9153 MHz  eta= 0.66932

     Cl  24    Vxx=   -0.3868    axis=(  0.992194  0.094986  0.080799)
     Cl  24    Vyy=   -2.3520    axis=(  0.098171 -0.195412 -0.975795)
     Cl  24    Vzz=    2.7388    axis=( -0.076898  0.976111 -0.203211)
     Cl  24  Q=        -8.1650 1e-30 m^2  Cq=       -52.5427 MHz  eta= 0.71754

     Initialization:
     gipaw_setup  :      9.10s CPU     11.19s WALL (       1 calls)

     Linear response

     Apply operators

     Induced current

     Other routines
     efg          :      9.40s CPU     12.29s WALL (       1 calls)

     General routines
     calbec       :      3.43s CPU      4.72s WALL (      16 calls)
     fft          :      1.36s CPU      1.68s WALL (      15 calls)
     ffts         :      0.04s CPU      0.05s WALL (       2 calls)
     fftw         :      3.15s CPU      4.04s WALL (     672 calls)
     davcio       :      0.05s CPU      0.36s WALL (      32 calls)

     Parallel routines
     fft_scatter  :      1.91s CPU      2.76s WALL (     689 calls)

     Plugins

     GIPAW        :     61.34s CPU     71.77s WALL (       1 calls)
