
     Program QE v.6.0 (svn rev. 13079) starts on  2Jan2017 at  7:37:11 

     This program is part of the open-source Quantum ESPRESSO suite
     for quantum simulation of materials; please cite
         "P. Giannozzi et al., J. Phys.:Condens. Matter 21 395502 (2009);
          URL http://www.quantum-espresso.org", 
     in publications or presentations arising from this work. More details at
     http://www.quantum-espresso.org/quote

     Parallel version (MPI), running on     8 processors
     R & G space division:  proc/nbgrp/npool/nimage =       8

     ***** This is GIPAW svn revision unknown      *****

     Parallelizing q-star over 1 images

     Reading data from directory:
     /users/majewski/paradichlorobenzene/pbe/9_constraint/scratch/pbe.ecut100.np8.dt60.pcl2phi-129368.save
     Message from routine read_xml_file:
     file /users/majewski/paradichlorobenzene/pbe/9_constraint/scratch/pbe.ecut100.np8.dt60.pcl2phi-129368.save not guaranteed to be safe for post-processing

   Info: using nr1, nr2, nr3 values from input

   Info: using nr1, nr2, nr3 values from input

     IMPORTANT: XC functional enforced from input :
     Exchange-correlation      =  SLA  PW   PBX  PBC ( 1  4  3  4 0 0)
     Any further DFT definition will be discarded
     Please, verify this is what you really want

               file C.pbe-n-kjpaw_psl.1.0.0.UPF: wavefunction(s)  2S 2P renormalized
               file Cl.pbe-n-kjpaw_psl.1.0.0.UPF: wavefunction(s)  3S 3P renormalized
               file H.pbe-kjpaw_psl.1.0.0.UPF: wavefunction(s)  1S renormalized

     Parallelization info
     --------------------
     sticks:   dense  smooth     PW     G-vecs:    dense   smooth      PW
     Min        3057    1223    332               144436    36536    5170
     Max        3059    1225    333               144437    36537    5171
     Sum       24467    9791   2657              1155489   292295   41363


     Subspace diagonalization in iterative solution of the eigenvalue problem:
     a serial algorithm will be used

     GIPAW projectors -----------------------------------------------
     atom=  C    l=0  rc=    1.2000  rs=    0.8000
     atom=  C    l=0  rc=    1.2000  rs=    0.8000
     atom=  C    l=1  rc=    1.4000  rs=    0.9333
     atom=  C    l=1  rc=    1.4000  rs=    0.9333
     projs nearly linearly dependent: l=1  n1,n2= 1, 2  s=  0.99951561

     atom=  Cl   l=0  rc=    1.6000  rs=    1.0667
     atom=  Cl   l=0  rc=    1.6000  rs=    1.0667
     atom=  Cl   l=1  rc=    1.6000  rs=    1.0667
     atom=  Cl   l=1  rc=    1.6000  rs=    1.0667
     atom=  Cl   l=2  rc=    1.6000  rs=    1.0667
     atom=  Cl   l=2  rc=    1.6000  rs=    1.0667
     projs nearly linearly dependent: l=2  n1,n2= 1, 2  s=  0.99993509

     atom=  H    l=0  rc=    1.0000  rs=    0.6667
     atom=  H    l=0  rc=    1.0000  rs=    0.6667
     projs nearly linearly dependent: l=0  n1,n2= 1, 2  s=  0.99968852
     -----------------------------------------------------------------

     GIPAW integrals: -------------------------------------------
     Atom  i/j   nmr_para   nmr_dia   epr_rmc  epr_para   epr_dia
       C   1 1   0.83E+03  0.17E-01  0.93E+01  0.24E+08  0.24E+03
       C   2 1   0.86E+03 -0.61E-01  0.94E+01  0.25E+08  0.25E+03
       C   2 2   0.90E+03 -0.15E+00  0.97E+01  0.26E+08  0.26E+03
       C   3 3   0.33E+01  0.34E+00  0.18E+01  0.55E+03  0.21E+02
       C   4 3   0.35E+01  0.37E+00  0.20E+01  0.59E+03  0.22E+02
       C   4 4   0.38E+01  0.39E+00  0.22E+01  0.63E+03  0.24E+02
       Cl  1 1   0.14E+04 -0.47E+00  0.84E+01  0.32E+09  0.42E+03
       Cl  2 1   0.21E+04 -0.37E+00  0.12E+02  0.49E+09  0.65E+03
       Cl  2 2   0.33E+04 -0.16E+00  0.21E+02  0.76E+09  0.10E+04
       Cl  3 3   0.21E+02  0.79E-01  0.89E+01  0.23E+05  0.13E+03
       Cl  4 3   0.24E+02  0.67E-01  0.99E+01  0.27E+05  0.15E+03
       Cl  4 4   0.28E+02  0.44E-01  0.11E+02  0.32E+05  0.18E+03
       Cl  5 5   0.77E+00  0.19E+00  0.18E+01  0.12E+03  0.22E+02
       Cl  6 5   0.80E+00  0.19E+00  0.19E+01  0.12E+03  0.23E+02
       Cl  6 6   0.83E+00  0.20E+00  0.19E+01  0.12E+03  0.23E+02
       H   1 1   0.39E+02  0.19E+00  0.29E+00  0.78E+05  0.13E+02
       H   2 1   0.41E+02  0.21E+00  0.32E+00  0.82E+05  0.14E+02
       H   2 2   0.43E+02  0.22E+00  0.36E+00  0.86E+05  0.15E+02
     ------------------------------------------------------------

     alpha_pv=     34.3606 eV

     Number of occupied bands for each k-point:
     k-point:     1    nbnd_occ=  42
     k-point:     2    nbnd_occ=  42
     k-point:     3    nbnd_occ=  42
     k-point:     4    nbnd_occ=  42
     k-point:     5    nbnd_occ=  42
     k-point:     6    nbnd_occ=  42
     k-point:     7    nbnd_occ=  42
     k-point:     8    nbnd_occ=  42
     k-point:     9    nbnd_occ=  42
     k-point:    10    nbnd_occ=  42
     k-point:    11    nbnd_occ=  42
     k-point:    12    nbnd_occ=  42
     k-point:    13    nbnd_occ=  42
     k-point:    14    nbnd_occ=  42
     k-point:    15    nbnd_occ=  42
     k-point:    16    nbnd_occ=  42


     q-space interpolation up to   110.00 Rydberg

     GIPAW job: efg                                                                             


     ELECTRIC FIELD GRADIENTS TENSORS IN Hartree/bohrradius^2:

     ----- bare term -----
     Cl   1        0.119946       -0.030875       -0.053605
     Cl   1       -0.030875       -0.016763       -0.014655
     Cl   1       -0.053605       -0.014655       -0.103183

     C    2       -0.067226        0.332782       -0.243073
     C    2        0.332782       -0.248312       -0.478598
     C    2       -0.243073       -0.478598        0.315539

     C    3       -0.120683        0.144623       -0.372018
     C    3        0.144623       -0.205218       -0.507963
     C    3       -0.372018       -0.507963        0.325901

     H    4       -0.651054       -0.226099       -0.284869
     H    4       -0.226099        0.370932       -0.153833
     H    4       -0.284869       -0.153833        0.280121

     C    5       -0.249891        0.370823       -0.089435
     C    5        0.370823       -0.204358       -0.403580
     C    5       -0.089435       -0.403580        0.454249

     H    6        0.402788       -0.021856        0.059348
     H    6       -0.021856       -0.242370       -0.509724
     H    6        0.059348       -0.509724       -0.160417

     H    7        0.338811        0.177348       -0.196157
     H    7        0.177348       -0.302888        0.562858
     H    7       -0.196157        0.562858       -0.035923

     C    8       -0.169194       -0.394450       -0.051322
     C    8       -0.394450       -0.351981        0.400854
     C    8       -0.051322        0.400854        0.521175

     H    9       -0.494658        0.180979       -0.504658
     H    9        0.180979        0.351555        0.164641
     H    9       -0.504658        0.164641        0.143103

     C   10       -0.201478       -0.216653       -0.351604
     C   10       -0.216653       -0.142853        0.470465
     C   10       -0.351604        0.470465        0.344331

     C   11       -0.062030       -0.295023       -0.239778
     C   11       -0.295023       -0.229053        0.513451
     C   11       -0.239778        0.513451        0.291083

     Cl  12       -0.047538       -0.109771       -0.081801
     Cl  12       -0.109771        0.054437        0.100557
     Cl  12       -0.081801        0.100557       -0.006898

     H   13        0.387883       -0.001222       -0.058719
     H   13       -0.001222       -0.609359       -0.357530
     H   13       -0.058719       -0.357530        0.221476

     C   14       -0.295234        0.017691       -0.412669
     C   14        0.017691       -0.024015       -0.421829
     C   14       -0.412669       -0.421829        0.319249

     H   15       -0.419524       -0.404360       -0.213623
     H   15       -0.404360        0.230999       -0.002773
     H   15       -0.213623       -0.002773        0.188525

     C   16       -0.223219        0.389704       -0.013080
     C   16        0.389704       -0.307721       -0.534092
     C   16       -0.013080       -0.534092        0.530940

     C   17       -0.236936       -0.217906       -0.310477
     C   17       -0.217906       -0.079574       -0.627126
     C   17       -0.310477       -0.627126        0.316510

     Cl  18       -0.011176        0.159818        0.038009
     Cl  18        0.159818       -0.011366        0.159950
     Cl  18        0.038009        0.159950        0.022543

     H   19        0.300772       -0.115494       -0.175085
     H   19       -0.115494       -0.522351        0.341104
     H   19       -0.175085        0.341104        0.221579

     C   20       -0.575940       -0.276380       -0.408091
     C   20       -0.276380        0.151557        0.249558
     C   20       -0.408091        0.249558        0.424383

     H   21       -0.480470        0.323831       -0.330852
     H   21        0.323831        0.279305        0.123691
     H   21       -0.330852        0.123691        0.201165

     C   22       -0.106956       -0.237108       -0.175984
     C   22       -0.237108       -0.494728        0.467494
     C   22       -0.175984        0.467494        0.601683

     C   23       -0.494484       -0.055866       -0.336175
     C   23       -0.055866       -0.059611        0.373506
     C   23       -0.336175        0.373506        0.554096

     Cl  24       -0.035737       -0.048329        0.025588
     Cl  24       -0.048329       -0.014301       -0.015691
     Cl  24        0.025588       -0.015691        0.050038

     ----- ionic term -----
     Cl   1        0.140534       -0.229384        0.004246
     Cl   1       -0.229384        0.012048       -0.000604
     Cl   1        0.004246       -0.000604       -0.152582

     C    2        0.238561       -0.162309        0.235344
     C    2       -0.162309        0.111860        0.416953
     C    2        0.235344        0.416953       -0.350420

     C    3        0.220438       -0.262007        0.111428
     C    3       -0.262007        0.144463        0.435704
     C    3        0.111428        0.435704       -0.364901

     H    4        0.672779        0.325781        0.610559
     H    4        0.325781       -0.431433        0.244781
     H    4        0.610559        0.244781       -0.241346

     C    5        0.370901       -0.230981        0.146880
     C    5       -0.230981       -0.004237        0.350418
     C    5        0.146880        0.350418       -0.366664

     H    6       -0.491068       -0.097732       -0.070219
     H    6       -0.097732        0.570371        0.750682
     H    6       -0.070219        0.750682       -0.079304

     H    7       -0.500453       -0.088781        0.064595
     H    7       -0.088781        0.666610       -0.699312
     H    7        0.064595       -0.699312       -0.166157

     C    8        0.301576        0.190937        0.151635
     C    8        0.190937        0.056389       -0.320378
     C    8        0.151635       -0.320378       -0.357966

     H    9        0.559701       -0.250050        0.686340
     H    9       -0.250050       -0.469423       -0.243702
     H    9        0.686340       -0.243702       -0.090279

     C   10        0.142731        0.246537        0.120148
     C   10        0.246537        0.157550       -0.439188
     C   10        0.120148       -0.439188       -0.300281

     C   11        0.280330        0.201070        0.208379
     C   11        0.201070        0.080645       -0.416507
     C   11        0.208379       -0.416507       -0.360975

     Cl  12        0.158491        0.238105       -0.018509
     Cl  12        0.238105        0.005248       -0.016289
     Cl  12       -0.018509       -0.016289       -0.163739

     H   13       -0.504462        0.151826        0.090685
     H   13        0.151826        0.760029        0.656707
     H   13        0.090685        0.656707       -0.255567

     C   14        0.357745       -0.133098        0.224462
     C   14       -0.133098        0.026845        0.317685
     C   14        0.224462        0.317685       -0.384589

     H   15        0.754144        0.361871        0.538860
     H   15        0.361871       -0.412085        0.235460
     H   15        0.538860        0.235460       -0.342059

     C   16        0.232675       -0.210039        0.114763
     C   16       -0.210039        0.110264        0.412229
     C   16        0.114763        0.412229       -0.342938

     C   17        0.309415       -0.107937        0.170692
     C   17       -0.107937        0.001026        0.445113
     C   17        0.170692        0.445113       -0.310440

     Cl  18        0.196745       -0.181825       -0.035419
     Cl  18       -0.181825       -0.070123        0.029894
     Cl  18       -0.035419        0.029894       -0.126622

     H   19       -0.498342       -0.014143        0.017868
     H   19       -0.014143        0.812797       -0.605980
     H   19        0.017868       -0.605980       -0.314455

     C   20        0.361624        0.158849        0.186551
     C   20        0.158849        0.015522       -0.298502
     C   20        0.186551       -0.298502       -0.377147

     H   21        0.543159       -0.382519        0.662314
     H   21       -0.382519       -0.386552       -0.292544
     H   21        0.662314       -0.292544       -0.156607

     C   22        0.143803        0.147096        0.134488
     C   22        0.147096        0.148665       -0.442951
     C   22        0.134488       -0.442951       -0.292467

     C   23        0.129211        0.163485        0.165508
     C   23        0.163485        0.189879       -0.432305
     C   23        0.165508       -0.432305       -0.319090

     Cl  24        0.098583        0.212070       -0.011091
     Cl  24        0.212070        0.042548       -0.019180
     Cl  24       -0.011091       -0.019180       -0.141131

     ----- GIPAW term -----
     Cl   1        2.322940       -2.172635       -0.446640
     Cl   1       -2.172635       -0.191554       -0.124705
     Cl   1       -0.446640       -0.124705       -2.131386

     C    2        0.177991       -0.022651       -0.077296
     C    2       -0.022651       -0.094384       -0.074706
     C    2       -0.077296       -0.074706       -0.083607

     C    3        0.034415        0.013410       -0.129223
     C    3        0.013410       -0.050307       -0.087553
     C    3       -0.129223       -0.087553        0.015892

     H    4       -0.000000        0.000000        0.000000
     H    4        0.000000        0.000000        0.000000
     H    4        0.000000        0.000000        0.000000

     C    5        0.042516        0.002796        0.084900
     C    5        0.002796       -0.092345       -0.109475
     C    5        0.084900       -0.109475        0.049829

     H    6       -0.000000        0.000000        0.000000
     H    6        0.000000        0.000000        0.000000
     H    6        0.000000        0.000000        0.000000

     H    7       -0.000000        0.000000        0.000000
     H    7        0.000000        0.000000        0.000000
     H    7        0.000000        0.000000        0.000000

     C    8       -0.001874       -0.092248        0.107015
     C    8       -0.092248       -0.161836        0.050465
     C    8        0.107015        0.050465        0.163710

     H    9       -0.000000        0.000000        0.000000
     H    9        0.000000        0.000000        0.000000
     H    9        0.000000        0.000000        0.000000

     C   10       -0.000463       -0.052645       -0.103319
     C   10       -0.052645       -0.017539        0.080903
     C   10       -0.103319        0.080903        0.018002

     C   11        0.150097        0.012793       -0.059804
     C   11        0.012793       -0.064289        0.085113
     C   11       -0.059804        0.085113       -0.085808

     Cl  12        1.072137        1.308432       -0.740817
     Cl  12        1.308432        0.478629        0.842661
     Cl  12       -0.740817        0.842661       -1.550766

     H   13       -0.000000        0.000000        0.000000
     H   13        0.000000        0.000000        0.000000
     H   13        0.000000        0.000000        0.000000

     C   14        0.064195       -0.035782       -0.017113
     C   14       -0.035782       -0.065960       -0.086938
     C   14       -0.017113       -0.086938        0.001765

     H   15       -0.000000        0.000000        0.000000
     H   15        0.000000        0.000000        0.000000
     H   15        0.000000        0.000000        0.000000

     C   16       -0.069883        0.010905        0.080112
     C   16        0.010905       -0.058722       -0.153221
     C   16        0.080112       -0.153221        0.128604

     C   17       -0.013450       -0.199080        0.026864
     C   17       -0.199080       -0.042243       -0.176631
     C   17        0.026864       -0.176631        0.055693

     Cl  18       -0.677775       -0.181705       -0.669462
     Cl  18       -0.181705        0.030872       -1.684127
     Cl  18       -0.669462       -1.684127        0.646903

     H   19       -0.000000        0.000000        0.000000
     H   19        0.000000        0.000000        0.000000
     H   19        0.000000        0.000000        0.000000

     C   20       -0.093931       -0.093066       -0.026676
     C   20       -0.093066        0.047835       -0.011902
     C   20       -0.026676       -0.011902        0.046096

     H   21       -0.000000        0.000000        0.000000
     H   21        0.000000        0.000000        0.000000
     H   21        0.000000        0.000000        0.000000

     C   22       -0.104004       -0.017376       -0.066388
     C   22       -0.017376       -0.162621        0.016555
     C   22       -0.066388        0.016555        0.266625

     C   23       -0.117146        0.099670       -0.079389
     C   23        0.099670       -0.098867        0.032800
     C   23       -0.079389        0.032800        0.216014

     Cl  24       -0.468250        0.885467        0.901476
     Cl  24        0.885467       -0.682448       -1.690499
     Cl  24        0.901476       -1.690499        1.150698

     ----- total EFG -----
     Cl   1        2.583420       -2.432895       -0.495999
     Cl   1       -2.432895       -0.196268       -0.139963
     Cl   1       -0.495999       -0.139963       -2.387152

     C    2        0.349325        0.147822       -0.085025
     C    2        0.147822       -0.230836       -0.136351
     C    2       -0.085025       -0.136351       -0.118489

     C    3        0.134169       -0.103975       -0.389813
     C    3       -0.103975       -0.111061       -0.159812
     C    3       -0.389813       -0.159812       -0.023108

     H    4        0.021725        0.099682        0.325690
     H    4        0.099682       -0.060500        0.090948
     H    4        0.325690        0.090948        0.038775

     C    5        0.163526        0.142639        0.142344
     C    5        0.142639       -0.300940       -0.162637
     C    5        0.142344       -0.162637        0.137413

     H    6       -0.088280       -0.119588       -0.010871
     H    6       -0.119588        0.328001        0.240958
     H    6       -0.010871        0.240958       -0.239721

     H    7       -0.161643        0.088568       -0.131562
     H    7        0.088568        0.363722       -0.136454
     H    7       -0.131562       -0.136454       -0.202079

     C    8        0.130508       -0.295761        0.207329
     C    8       -0.295761       -0.457427        0.130940
     C    8        0.207329        0.130940        0.326919

     H    9        0.065043       -0.069072        0.181682
     H    9       -0.069072       -0.117868       -0.079061
     H    9        0.181682       -0.079061        0.052825

     C   10       -0.059209       -0.022761       -0.334775
     C   10       -0.022761       -0.002842        0.112180
     C   10       -0.334775        0.112180        0.062052

     C   11        0.368397       -0.081160       -0.091203
     C   11       -0.081160       -0.212697        0.182057
     C   11       -0.091203        0.182057       -0.155700

     Cl  12        1.183090        1.436766       -0.841127
     Cl  12        1.436766        0.538314        0.926929
     Cl  12       -0.841127        0.926929       -1.721404

     H   13       -0.116579        0.150603        0.031966
     H   13        0.150603        0.150670        0.299177
     H   13        0.031966        0.299177       -0.034091

     C   14        0.126706       -0.151189       -0.205320
     C   14       -0.151189       -0.063131       -0.191083
     C   14       -0.205320       -0.191083       -0.063575

     H   15        0.334620       -0.042488        0.325237
     H   15       -0.042488       -0.181086        0.232687
     H   15        0.325237        0.232687       -0.153534

     C   16       -0.060427        0.190570        0.181795
     C   16        0.190570       -0.256180       -0.275083
     C   16        0.181795       -0.275083        0.316606

     C   17        0.059028       -0.524922       -0.112920
     C   17       -0.524922       -0.120791       -0.358643
     C   17       -0.112920       -0.358643        0.061763

     Cl  18       -0.492206       -0.203713       -0.666873
     Cl  18       -0.203713       -0.050618       -1.494282
     Cl  18       -0.666873       -1.494282        0.542824

     H   19       -0.197570       -0.129637       -0.157217
     H   19       -0.129637        0.290446       -0.264876
     H   19       -0.157217       -0.264876       -0.092876

     C   20       -0.308247       -0.210596       -0.248216
     C   20       -0.210596        0.214914       -0.060846
     C   20       -0.248216       -0.060846        0.093333

     H   21        0.062688       -0.058688        0.331463
     H   21       -0.058688       -0.107246       -0.168853
     H   21        0.331463       -0.168853        0.044558

     C   22       -0.067157       -0.107388       -0.107883
     C   22       -0.107388       -0.508684        0.041098
     C   22       -0.107883        0.041098        0.575841

     C   23       -0.482419        0.207289       -0.250057
     C   23        0.207289        0.031400       -0.025999
     C   23       -0.250057       -0.025999        0.451019

     Cl  24       -0.405404        1.049209        0.915974
     Cl  24        1.049209       -0.654202       -1.725370
     Cl  24        0.915974       -1.725370        1.059605

     ----- total EFG (symmetrized) -----
     Cl   1        2.583420       -2.432895       -0.495999
     Cl   1       -2.432895       -0.196268       -0.139963
     Cl   1       -0.495999       -0.139963       -2.387152

     C    2        0.349325        0.147822       -0.085025
     C    2        0.147822       -0.230836       -0.136351
     C    2       -0.085025       -0.136351       -0.118489

     C    3        0.134169       -0.103975       -0.389813
     C    3       -0.103975       -0.111061       -0.159812
     C    3       -0.389813       -0.159812       -0.023108

     H    4        0.021725        0.099682        0.325690
     H    4        0.099682       -0.060500        0.090948
     H    4        0.325690        0.090948        0.038775

     C    5        0.163526        0.142639        0.142344
     C    5        0.142639       -0.300940       -0.162637
     C    5        0.142344       -0.162637        0.137413

     H    6       -0.088280       -0.119588       -0.010871
     H    6       -0.119588        0.328001        0.240958
     H    6       -0.010871        0.240958       -0.239721

     H    7       -0.161643        0.088568       -0.131562
     H    7        0.088568        0.363722       -0.136454
     H    7       -0.131562       -0.136454       -0.202079

     C    8        0.130508       -0.295761        0.207329
     C    8       -0.295761       -0.457427        0.130940
     C    8        0.207329        0.130940        0.326919

     H    9        0.065043       -0.069072        0.181682
     H    9       -0.069072       -0.117868       -0.079061
     H    9        0.181682       -0.079061        0.052825

     C   10       -0.059209       -0.022761       -0.334775
     C   10       -0.022761       -0.002842        0.112180
     C   10       -0.334775        0.112180        0.062052

     C   11        0.368397       -0.081160       -0.091203
     C   11       -0.081160       -0.212697        0.182057
     C   11       -0.091203        0.182057       -0.155700

     Cl  12        1.183090        1.436766       -0.841127
     Cl  12        1.436766        0.538314        0.926929
     Cl  12       -0.841127        0.926929       -1.721404

     H   13       -0.116579        0.150603        0.031966
     H   13        0.150603        0.150670        0.299177
     H   13        0.031966        0.299177       -0.034091

     C   14        0.126706       -0.151189       -0.205320
     C   14       -0.151189       -0.063131       -0.191083
     C   14       -0.205320       -0.191083       -0.063575

     H   15        0.334620       -0.042488        0.325237
     H   15       -0.042488       -0.181086        0.232687
     H   15        0.325237        0.232687       -0.153534

     C   16       -0.060427        0.190570        0.181795
     C   16        0.190570       -0.256180       -0.275083
     C   16        0.181795       -0.275083        0.316606

     C   17        0.059028       -0.524922       -0.112920
     C   17       -0.524922       -0.120791       -0.358643
     C   17       -0.112920       -0.358643        0.061763

     Cl  18       -0.492206       -0.203713       -0.666873
     Cl  18       -0.203713       -0.050618       -1.494282
     Cl  18       -0.666873       -1.494282        0.542824

     H   19       -0.197570       -0.129637       -0.157217
     H   19       -0.129637        0.290446       -0.264876
     H   19       -0.157217       -0.264876       -0.092876

     C   20       -0.308247       -0.210596       -0.248216
     C   20       -0.210596        0.214914       -0.060846
     C   20       -0.248216       -0.060846        0.093333

     H   21        0.062688       -0.058688        0.331463
     H   21       -0.058688       -0.107246       -0.168853
     H   21        0.331463       -0.168853        0.044558

     C   22       -0.067157       -0.107388       -0.107883
     C   22       -0.107388       -0.508684        0.041098
     C   22       -0.107883        0.041098        0.575841

     C   23       -0.482419        0.207289       -0.250057
     C   23        0.207289        0.031400       -0.025999
     C   23       -0.250057       -0.025999        0.451019

     Cl  24       -0.405404        1.049209        0.915974
     Cl  24        1.049209       -0.654202       -1.725370
     Cl  24        0.915974       -1.725370        1.059605


     NQR/NMR SPECTROSCOPIC PARAMETERS:
     Cl   1    Vxx=   -1.4637    axis=(  0.446741  0.817337 -0.363845)
     Cl   1    Vyy=   -2.5519    axis=(  0.227084  0.289774  0.929766)
     Cl   1    Vzz=    4.0157    axis=(  0.865365 -0.497987 -0.056150)
     Cl   1  Q=        -8.1650 1e-30 m^2  Cq=       -77.0382 MHz  eta= 0.27098

     C    2    Vxx=   -0.0789    axis=(  0.319023 -0.442075  0.838329)
     C    2    Vyy=   -0.3316    axis=(  0.123817 -0.857527 -0.499317)
     C    2    Vzz=    0.4105    axis=( -0.939624 -0.263093  0.218834)
     C    2  Q=         1.0000 1e-30 m^2  Cq=         0.9646 MHz  eta= 0.61540

     C    3    Vxx=   -0.0053    axis=(  0.340863 -0.870809  0.354266)
     C    3    Vyy=   -0.4487    axis=(  0.543328  0.490002  0.681684)
     C    3    Vzz=    0.4540    axis=( -0.767207 -0.039878  0.640158)
     C    3  Q=         1.0000 1e-30 m^2  Cq=         1.0668 MHz  eta= 0.97645

     H    4    Vxx=   -0.1000    axis=(  0.169664 -0.958309  0.229909)
     H    4    Vyy=   -0.2959    axis=( -0.721264  0.038227  0.691604)
     H    4    Vzz=    0.3958    axis=(  0.671559  0.283165  0.684708)
     H    4  Q=         1.0000 1e-30 m^2  Cq=         0.9300 MHz  eta= 0.49488

     C    5    Vxx=    0.1189    axis=( -0.607452 -0.457829  0.649150)
     C    5    Vyy=    0.2935    axis=(  0.733600 -0.009881  0.679509)
     C    5    Vzz=   -0.4124    axis=(  0.304685 -0.888986 -0.341865)
     C    5  Q=         1.0000 1e-30 m^2  Cq=        -0.9689 MHz  eta= 0.42326

     H    6    Vxx=   -0.1095    axis=(  0.967298  0.152995  0.202302)
     H    6    Vyy=   -0.3325    axis=(  0.135818  0.361174 -0.922555)
     H    6    Vzz=    0.4419    axis=( -0.214213  0.919862  0.328583)
     H    6  Q=         1.0000 1e-30 m^2  Cq=         1.0383 MHz  eta= 0.50458

     H    7    Vxx=   -0.1002    axis=( -0.762625  0.312232  0.566493)
     H    7    Vyy=   -0.3185    axis=( -0.614701 -0.077202 -0.784973)
     H    7    Vzz=    0.4187    axis=( -0.201360 -0.946864  0.250805)
     H    7  Q=         1.0000 1e-30 m^2  Cq=         0.9838 MHz  eta= 0.52149

     C    8    Vxx=    0.1624    axis=(  0.711877 -0.453030 -0.536651)
     C    8    Vyy=    0.4614    axis=(  0.572661 -0.067911  0.816975)
     C    8    Vzz=   -0.6238    axis=( -0.406559 -0.888905  0.211088)
     C    8  Q=         1.0000 1e-30 m^2  Cq=        -1.4657 MHz  eta= 0.47921

     H    9    Vxx=   -0.1201    axis=(  0.722924  0.298281 -0.623225)
     H    9    Vyy=   -0.1489    axis=(  0.038655 -0.918060 -0.394553)
     H    9    Vzz=    0.2690    axis=( -0.689846  0.261141 -0.675217)
     H    9  Q=         1.0000 1e-30 m^2  Cq=         0.6321 MHz  eta= 0.10726

     C   10    Vxx=   -0.0214    axis=(  0.294183  0.950728 -0.097839)
     C   10    Vyy=   -0.3478    axis=( -0.741872  0.162612 -0.650525)
     C   10    Vzz=    0.3692    axis=( -0.602563  0.263958  0.753156)
     C   10  Q=         1.0000 1e-30 m^2  Cq=         0.8675 MHz  eta= 0.88391

     C   11    Vxx=   -0.0367    axis=(  0.288491  0.620923  0.728854)
     C   11    Vyy=   -0.3685    axis=( -0.003407 -0.760548  0.649272)
     C   11    Vzz=    0.4052    axis=( -0.957477  0.189792  0.217296)
     C   11  Q=         1.0000 1e-30 m^2  Cq=         0.9520 MHz  eta= 0.81884

     Cl  12    Vxx=    0.1995    axis=( -0.508582  0.666953  0.544534)
     Cl  12    Vyy=    2.3349    axis=( -0.786277 -0.617485  0.021940)
     Cl  12    Vzz=   -2.5344    axis=(  0.350874 -0.416996  0.838452)
     Cl  12  Q=        -8.1650 1e-30 m^2  Cq=        48.6211 MHz  eta= 0.84256

     H   13    Vxx=   -0.1249    axis=(  0.870330  0.055584 -0.489321)
     H   13    Vyy=   -0.2843    axis=( -0.418035  0.608631 -0.674400)
     H   13    Vzz=    0.4092    axis=( -0.260330 -0.791504 -0.552946)
     H   13  Q=         1.0000 1e-30 m^2  Cq=         0.9615 MHz  eta= 0.38940

     C   14    Vxx=    0.1195    axis=(  0.208337 -0.784078  0.584651)
     C   14    Vyy=    0.2609    axis=(  0.869987 -0.124572 -0.477079)
     C   14    Vzz=   -0.3805    axis=( -0.446898 -0.608032 -0.656185)
     C   14  Q=         1.0000 1e-30 m^2  Cq=        -0.8940 MHz  eta= 0.37171

     H   15    Vxx=   -0.0170    axis=(  0.359998 -0.792212 -0.492748)
     H   15    Vyy=   -0.4871    axis=(  0.320789  0.601066 -0.731993)
     H   15    Vzz=    0.5042    axis=(  0.876068  0.105448  0.470516)
     H   15  Q=         1.0000 1e-30 m^2  Cq=         1.1846 MHz  eta= 0.93237

     C   16    Vxx=    0.0557    axis=(  0.843926  0.535969 -0.022939)
     C   16    Vyy=    0.4491    axis=(  0.217679 -0.303044  0.927782)
     C   16    Vzz=   -0.5048    axis=(  0.490311 -0.787973 -0.372416)
     C   16  Q=         1.0000 1e-30 m^2  Cq=        -1.1860 MHz  eta= 0.77946

     C   17    Vxx=    0.1648    axis=( -0.535153 -0.073229  0.841575)
     C   17    Vyy=    0.5560    axis=( -0.641972  0.682789 -0.348814)
     C   17    Vzz=   -0.7207    axis=( -0.549075 -0.726937 -0.412408)
     C   17  Q=         1.0000 1e-30 m^2  Cq=        -1.6935 MHz  eta= 0.54276

     Cl  18    Vxx=   -0.2411    axis=(  0.860410 -0.477447 -0.178155)
     Cl  18    Vyy=   -1.5956    axis=(  0.479971  0.641772  0.598127)
     Cl  18    Vzz=    1.8367    axis=( -0.171239 -0.600144  0.781348)
     Cl  18  Q=        -8.1650 1e-30 m^2  Cq=       -35.2364 MHz  eta= 0.73748

     H   19    Vxx=   -0.0156    axis=( -0.728058  0.245513  0.640043)
     H   19    Vyy=   -0.4135    axis=( -0.681142 -0.364386 -0.635034)
     H   19    Vzz=    0.4291    axis=(  0.077314 -0.898302  0.432523)
     H   19  Q=         1.0000 1e-30 m^2  Cq=         1.0083 MHz  eta= 0.92709

     C   20    Vxx=    0.1979    axis=( -0.285744 -0.360038  0.888101)
     C   20    Vyy=    0.2951    axis=(  0.403505 -0.885787 -0.229273)
     C   20    Vzz=   -0.4930    axis=(  0.869215  0.292839  0.398385)
     C   20  Q=         1.0000 1e-30 m^2  Cq=        -1.1583 MHz  eta= 0.19725

     H   21    Vxx=   -0.1179    axis=(  0.496061  0.860233 -0.117997)
     H   21    Vyy=   -0.3153    axis=( -0.560214  0.420913  0.713437)
     H   21    Vzz=    0.4333    axis=( -0.663388  0.287805 -0.690713)
     H   21  Q=         1.0000 1e-30 m^2  Cq=         1.0180 MHz  eta= 0.45563

     C   22    Vxx=   -0.0629    axis=( -0.960573  0.215155 -0.176089)
     C   22    Vyy=   -0.5336    axis=(  0.221098  0.975142 -0.014623)
     C   22    Vzz=    0.5965    axis=( -0.168566  0.052979  0.984266)
     C   22  Q=         1.0000 1e-30 m^2  Cq=         1.4016 MHz  eta= 0.78918

     C   23    Vxx=    0.0790    axis=( -0.245045 -0.941711 -0.230506)
     C   23    Vyy=    0.5263    axis=(  0.268752  0.162458 -0.949410)
     C   23    Vzz=   -0.6052    axis=(  0.931518 -0.294597  0.213277)
     C   23  Q=         1.0000 1e-30 m^2  Cq=        -1.4220 MHz  eta= 0.73902

     Cl  24    Vxx=    0.4382    axis=(  0.838604  0.512099  0.185737)
     Cl  24    Vyy=    2.1537    axis=(  0.108222 -0.490785  0.864534)
     Cl  24    Vzz=   -2.5919    axis=(  0.533884 -0.704900 -0.466994)
     Cl  24  Q=        -8.1650 1e-30 m^2  Cq=        49.7245 MHz  eta= 0.66189

     Initialization:
     gipaw_setup  :      9.12s CPU     10.86s WALL (       1 calls)

     Linear response

     Apply operators

     Induced current

     Other routines
     efg          :      9.28s CPU     11.33s WALL (       1 calls)

     General routines
     calbec       :      3.25s CPU      4.13s WALL (      16 calls)
     fft          :      1.86s CPU      3.27s WALL (      15 calls)
     ffts         :      0.04s CPU      0.08s WALL (       2 calls)
     fftw         :      3.30s CPU      3.81s WALL (     672 calls)
     davcio       :      0.03s CPU      0.33s WALL (      32 calls)

     Parallel routines
     fft_scatter  :      2.47s CPU      4.33s WALL (     689 calls)

     Plugins

     GIPAW        :     60.74s CPU     73.47s WALL (       1 calls)
