
     Program QE v.6.0 (svn rev. 13079) starts on  7Jan2017 at 10:22:32 

     This program is part of the open-source Quantum ESPRESSO suite
     for quantum simulation of materials; please cite
         "P. Giannozzi et al., J. Phys.:Condens. Matter 21 395502 (2009);
          URL http://www.quantum-espresso.org", 
     in publications or presentations arising from this work. More details at
     http://www.quantum-espresso.org/quote

     Parallel version (MPI), running on     8 processors
     R & G space division:  proc/nbgrp/npool/nimage =       8

     ***** This is GIPAW svn revision unknown      *****

     Parallelizing q-star over 1 images

     Reading data from directory:
     /users/majewski/paradichlorobenzene/pbe/9_constraint/scratch/pbe.ecut100.np8.dt60.pcl2phi-129368.save
     Message from routine read_xml_file:
     file /users/majewski/paradichlorobenzene/pbe/9_constraint/scratch/pbe.ecut100.np8.dt60.pcl2phi-129368.save not guaranteed to be safe for post-processing

   Info: using nr1, nr2, nr3 values from input

   Info: using nr1, nr2, nr3 values from input

     IMPORTANT: XC functional enforced from input :
     Exchange-correlation      =  SLA  PW   PBX  PBC ( 1  4  3  4 0 0)
     Any further DFT definition will be discarded
     Please, verify this is what you really want

               file C.pbe-n-kjpaw_psl.1.0.0.UPF: wavefunction(s)  2S 2P renormalized
               file Cl.pbe-n-kjpaw_psl.1.0.0.UPF: wavefunction(s)  3S 3P renormalized
               file H.pbe-kjpaw_psl.1.0.0.UPF: wavefunction(s)  1S renormalized

     Parallelization info
     --------------------
     sticks:   dense  smooth     PW     G-vecs:    dense   smooth      PW
     Min        3057    1223    332               144436    36536    5170
     Max        3059    1225    333               144437    36537    5171
     Sum       24467    9791   2657              1155489   292295   41363


     Subspace diagonalization in iterative solution of the eigenvalue problem:
     a serial algorithm will be used

     GIPAW projectors -----------------------------------------------
     atom=  C    l=0  rc=    1.2000  rs=    0.8000
     atom=  C    l=0  rc=    1.2000  rs=    0.8000
     atom=  C    l=1  rc=    1.4000  rs=    0.9333
     atom=  C    l=1  rc=    1.4000  rs=    0.9333
     projs nearly linearly dependent: l=1  n1,n2= 1, 2  s=  0.99951561

     atom=  Cl   l=0  rc=    1.6000  rs=    1.0667
     atom=  Cl   l=0  rc=    1.6000  rs=    1.0667
     atom=  Cl   l=1  rc=    1.6000  rs=    1.0667
     atom=  Cl   l=1  rc=    1.6000  rs=    1.0667
     atom=  Cl   l=2  rc=    1.6000  rs=    1.0667
     atom=  Cl   l=2  rc=    1.6000  rs=    1.0667
     projs nearly linearly dependent: l=2  n1,n2= 1, 2  s=  0.99993509

     atom=  H    l=0  rc=    1.0000  rs=    0.6667
     atom=  H    l=0  rc=    1.0000  rs=    0.6667
     projs nearly linearly dependent: l=0  n1,n2= 1, 2  s=  0.99968852
     -----------------------------------------------------------------

     GIPAW integrals: -------------------------------------------
     Atom  i/j   nmr_para   nmr_dia   epr_rmc  epr_para   epr_dia
       C   1 1   0.83E+03  0.17E-01  0.93E+01  0.24E+08  0.24E+03
       C   2 1   0.86E+03 -0.61E-01  0.94E+01  0.25E+08  0.25E+03
       C   2 2   0.90E+03 -0.15E+00  0.97E+01  0.26E+08  0.26E+03
       C   3 3   0.33E+01  0.34E+00  0.18E+01  0.55E+03  0.21E+02
       C   4 3   0.35E+01  0.37E+00  0.20E+01  0.59E+03  0.22E+02
       C   4 4   0.38E+01  0.39E+00  0.22E+01  0.63E+03  0.24E+02
       Cl  1 1   0.14E+04 -0.47E+00  0.84E+01  0.32E+09  0.42E+03
       Cl  2 1   0.21E+04 -0.37E+00  0.12E+02  0.49E+09  0.65E+03
       Cl  2 2   0.33E+04 -0.16E+00  0.21E+02  0.76E+09  0.10E+04
       Cl  3 3   0.21E+02  0.79E-01  0.89E+01  0.23E+05  0.13E+03
       Cl  4 3   0.24E+02  0.67E-01  0.99E+01  0.27E+05  0.15E+03
       Cl  4 4   0.28E+02  0.44E-01  0.11E+02  0.32E+05  0.18E+03
       Cl  5 5   0.77E+00  0.19E+00  0.18E+01  0.12E+03  0.22E+02
       Cl  6 5   0.80E+00  0.19E+00  0.19E+01  0.12E+03  0.23E+02
       Cl  6 6   0.83E+00  0.20E+00  0.19E+01  0.12E+03  0.23E+02
       H   1 1   0.39E+02  0.19E+00  0.29E+00  0.78E+05  0.13E+02
       H   2 1   0.41E+02  0.21E+00  0.32E+00  0.82E+05  0.14E+02
       H   2 2   0.43E+02  0.22E+00  0.36E+00  0.86E+05  0.15E+02
     ------------------------------------------------------------

     alpha_pv=     34.3860 eV

     Number of occupied bands for each k-point:
     k-point:     1    nbnd_occ=  42
     k-point:     2    nbnd_occ=  42
     k-point:     3    nbnd_occ=  42
     k-point:     4    nbnd_occ=  42
     k-point:     5    nbnd_occ=  42
     k-point:     6    nbnd_occ=  42
     k-point:     7    nbnd_occ=  42
     k-point:     8    nbnd_occ=  42
     k-point:     9    nbnd_occ=  42
     k-point:    10    nbnd_occ=  42
     k-point:    11    nbnd_occ=  42
     k-point:    12    nbnd_occ=  42
     k-point:    13    nbnd_occ=  42
     k-point:    14    nbnd_occ=  42
     k-point:    15    nbnd_occ=  42
     k-point:    16    nbnd_occ=  42


     q-space interpolation up to   110.00 Rydberg

     GIPAW job: efg                                                                             


     ELECTRIC FIELD GRADIENTS TENSORS IN Hartree/bohrradius^2:

     ----- bare term -----
     Cl   1       -0.274634        0.299527        0.095126
     Cl   1        0.299527        0.003590       -0.131703
     Cl   1        0.095126       -0.131703        0.271044

     C    2       -0.013319       -0.377067       -0.418308
     C    2       -0.377067       -0.005746       -0.718713
     C    2       -0.418308       -0.718713        0.019065

     C    3       -0.467106        0.316560        0.054369
     C    3        0.316560        0.069382       -0.289935
     C    3        0.054369       -0.289935        0.397724

     H    4       -0.191555       -0.473734       -0.110254
     H    4       -0.473734       -0.149468        0.171813
     H    4       -0.110254        0.171813        0.341023

     C    5       -0.170632       -0.291489       -0.401110
     C    5       -0.291489        0.012148       -0.564546
     C    5       -0.401110       -0.564546        0.158484

     H    6        0.418679        0.069452       -0.033389
     H    6        0.069452       -0.734337       -0.294450
     H    6       -0.033389       -0.294450        0.315658

     H    7        0.032413       -0.014812        0.398401
     H    7       -0.014812        0.152286        0.319159
     H    7        0.398401        0.319159       -0.184699

     C    8       -0.219361        0.007847       -0.390063
     C    8        0.007847        0.291589        0.179457
     C    8       -0.390063        0.179457       -0.072228

     H    9        0.025522        0.057499       -0.155705
     H    9        0.057499        0.528957        0.134931
     H    9       -0.155705        0.134931       -0.554479

     C   10        0.096842       -0.321360        0.117419
     C   10       -0.321360       -0.259216        0.143565
     C   10        0.117419        0.143565        0.162375

     C   11       -0.111281       -0.095899       -0.559872
     C   11       -0.095899       -0.114802        0.505314
     C   11       -0.559872        0.505314        0.226083

     Cl  12       -0.185917       -0.099726       -0.063151
     Cl  12       -0.099726       -0.125016       -0.024217
     Cl  12       -0.063151       -0.024217        0.310933

     H   13        0.365021       -0.007600       -0.210724
     H   13       -0.007600       -0.313871       -0.471756
     H   13       -0.210724       -0.471756       -0.051150

     C   14       -0.437520        0.315270       -0.224099
     C   14        0.315270        0.039145       -0.244068
     C   14       -0.224099       -0.244068        0.398375

     H   15       -0.525656       -0.338836       -0.331003
     H   15       -0.338836        0.277754       -0.148422
     H   15       -0.331003       -0.148422        0.247902

     C   16        0.046171       -0.120495       -0.424728
     C   16       -0.120495       -0.329460       -0.513641
     C   16       -0.424728       -0.513641        0.283289

     C   17       -0.273311        0.384568       -0.347191
     C   17        0.384568       -0.176319       -0.260773
     C   17       -0.347191       -0.260773        0.449631

     Cl  18       -0.113202       -0.024593        0.128005
     Cl  18       -0.024593        0.136012       -0.022974
     Cl  18        0.128005       -0.022974       -0.022809

     H   19        0.402557        0.008389        0.002943
     H   19        0.008389       -0.439046        0.574398
     H   19        0.002943        0.574398        0.036489

     C   20       -0.160725       -0.367263       -0.217101
     C   20       -0.367263       -0.137419        0.465645
     C   20       -0.217101        0.465645        0.298144

     H   21       -0.073084        0.323333       -0.501639
     H   21        0.323333        0.139588        0.450925
     H   21       -0.501639        0.450925       -0.066504

     C   22       -0.603010       -0.341631       -0.280262
     C   22       -0.341631        0.138116        0.112883
     C   22       -0.280262        0.112883        0.464895

     C   23        0.081382       -0.587157        0.115606
     C   23       -0.587157       -0.474257        0.405420
     C   23        0.115606        0.405420        0.392875

     Cl  24       -0.070010       -0.001644       -0.097013
     Cl  24       -0.001644        0.060963        0.005729
     Cl  24       -0.097013        0.005729        0.009048

     ----- ionic term -----
     Cl   1        0.130612       -0.203757       -0.020152
     Cl   1       -0.203757        0.016496        0.024446
     Cl   1       -0.020152        0.024446       -0.147109

     C    2        0.204394       -0.110164        0.193626
     C    2       -0.110164        0.187389        0.422117
     C    2        0.193626        0.422117       -0.391783

     C    3        0.282586       -0.187007        0.077074
     C    3       -0.187007        0.174456        0.385879
     C    3        0.077074        0.385879       -0.457042

     H    4        0.792273        0.397597        0.499339
     H    4        0.397597       -0.398994        0.209642
     H    4        0.499339        0.209642       -0.393279

     C    5        0.402772       -0.117931        0.113123
     C    5       -0.117931        0.039729        0.335996
     C    5        0.113123        0.335996       -0.442501

     H    6       -0.513904        0.135062        0.057471
     H    6        0.135062        0.701626        0.698633
     H    6        0.057471        0.698633       -0.187722

     H    7       -0.531326        0.060829       -0.024523
     H    7        0.060829        0.438441       -0.774625
     H    7       -0.024523       -0.774625        0.092885

     C    8        0.121674        0.246603        0.331772
     C    8        0.246603       -0.037452       -0.284010
     C    8        0.331772       -0.284010       -0.084222

     H    9        0.316082       -0.379159        0.693241
     H    9       -0.379159       -0.305154       -0.395861
     H    9        0.693241       -0.395861       -0.010928

     C   10        0.033911        0.305308        0.167068
     C   10        0.305308        0.108721       -0.442215
     C   10        0.167068       -0.442215       -0.142632

     C   11        0.189175        0.265287        0.253277
     C   11        0.265287       -0.025356       -0.430459
     C   11        0.253277       -0.430459       -0.163819

     Cl  12        0.204699        0.218827        0.053555
     Cl  12        0.218827       -0.065426        0.018030
     Cl  12        0.053555        0.018030       -0.139274

     H   13       -0.509921        0.009935        0.029272
     H   13        0.009935        0.549539        0.762615
     H   13        0.029272        0.762615       -0.039618

     C   14        0.331254       -0.175175        0.181062
     C   14       -0.175175        0.016927        0.360730
     C   14        0.181062        0.360730       -0.348181

     H   15        0.425106        0.447011        0.627951
     H   15        0.447011       -0.336107        0.376691
     H   15        0.627951        0.376691       -0.088999

     C   16        0.138034       -0.225607        0.094900
     C   16       -0.225607        0.153350        0.485318
     C   16        0.094900        0.485318       -0.291384

     C   17        0.287308       -0.116433        0.090469
     C   17       -0.116433        0.060248        0.446933
     C   17        0.090469        0.446933       -0.347556

     Cl  18        0.163079       -0.215311       -0.047384
     Cl  18       -0.215311       -0.025124        0.014281
     Cl  18       -0.047384        0.014281       -0.137955

     H   19       -0.512826        0.083439       -0.047998
     H   19        0.083439        0.498899       -0.765130
     H   19       -0.047998       -0.765130        0.013927

     C   20        0.221695        0.218227        0.316930
     C   20        0.218227        0.003270       -0.281773
     C   20        0.316930       -0.281773       -0.224966

     H   21        0.470903       -0.371003        0.655213
     H   21       -0.371003       -0.384510       -0.317101
     H   21        0.655213       -0.317101       -0.086393

     C   22        0.125940        0.275520        0.226156
     C   22        0.275520        0.151090       -0.337275
     C   22        0.226156       -0.337275       -0.277030

     C   23        0.111446        0.278085        0.334842
     C   23        0.278085        0.051513       -0.340364
     C   23        0.334842       -0.340364       -0.162959

     Cl  24        0.144184        0.227875        0.044226
     Cl  24        0.227875        0.006132        0.028736
     Cl  24        0.044226        0.028736       -0.150316

     ----- GIPAW term -----
     Cl   1       -0.593765       -1.475169        1.200225
     Cl   1       -1.475169        0.179013       -1.988890
     Cl   1        1.200225       -1.988890        0.414752

     C    2        0.003939       -0.257240       -0.033206
     C    2       -0.257240        0.156945       -0.130944
     C    2       -0.033206       -0.130944       -0.160884

     C    3       -0.120577       -0.078031        0.069586
     C    3       -0.078031        0.151318       -0.122292
     C    3        0.069586       -0.122292       -0.030741

     H    4       -0.000000        0.000000        0.000000
     H    4        0.000000        0.000000        0.000000
     H    4        0.000000        0.000000        0.000000

     C    5        0.002538       -0.221153       -0.023683
     C    5       -0.221153        0.097484       -0.158650
     C    5       -0.023683       -0.158650       -0.100022

     H    6       -0.000000        0.000000        0.000000
     H    6        0.000000        0.000000        0.000000
     H    6        0.000000        0.000000        0.000000

     H    7       -0.000000        0.000000        0.000000
     H    7        0.000000        0.000000        0.000000
     H    7        0.000000        0.000000        0.000000

     C    8        0.106043       -0.058478       -0.041953
     C    8       -0.058478       -0.009055        0.008167
     C    8       -0.041953        0.008167       -0.096988

     H    9       -0.000000        0.000000        0.000000
     H    9        0.000000        0.000000        0.000000
     H    9        0.000000        0.000000        0.000000

     C   10        0.039534       -0.037497       -0.007968
     C   10       -0.037497       -0.033034        0.006541
     C   10       -0.007968        0.006541       -0.006500

     C   11        0.057121       -0.003200       -0.204270
     C   11       -0.003200       -0.029818        0.164004
     C   11       -0.204270        0.164004       -0.027303

     Cl  12       -0.484411        1.555163       -0.600004
     Cl  12        1.555163       -1.294656       -0.269995
     Cl  12       -0.600004       -0.269995        1.779067

     H   13       -0.000000        0.000000        0.000000
     H   13        0.000000        0.000000        0.000000
     H   13        0.000000        0.000000        0.000000

     C   14        0.000823       -0.109073       -0.014754
     C   14       -0.109073        0.056687       -0.018034
     C   14       -0.014754       -0.018034       -0.057509

     H   15       -0.000000        0.000000        0.000000
     H   15        0.000000        0.000000        0.000000
     H   15        0.000000        0.000000        0.000000

     C   16        0.052556       -0.156525       -0.200714
     C   16       -0.156525       -0.065278        0.008103
     C   16       -0.200714        0.008103        0.012722

     C   17        0.119150       -0.076495       -0.211293
     C   17       -0.076495       -0.125614        0.021139
     C   17       -0.211293        0.021139        0.006465

     Cl  18        0.969689       -0.609659       -1.735804
     Cl  18       -0.609659       -0.728106       -0.950131
     Cl  18       -1.735804       -0.950131       -0.241582

     H   19       -0.000000        0.000000        0.000000
     H   19        0.000000        0.000000        0.000000
     H   19        0.000000        0.000000        0.000000

     C   20       -0.009589       -0.169958       -0.029896
     C   20       -0.169958        0.055884        0.118733
     C   20       -0.029896        0.118733       -0.046294

     H   21       -0.000000        0.000000        0.000000
     H   21        0.000000        0.000000        0.000000
     H   21        0.000000        0.000000        0.000000

     C   22       -0.181551       -0.127428        0.036388
     C   22       -0.127428        0.066244       -0.138900
     C   22        0.036388       -0.138900        0.115307

     C   23        0.149180       -0.130334        0.181288
     C   23       -0.130334       -0.121226       -0.051296
     C   23        0.181288       -0.051296       -0.027955

     Cl  24        0.718368        0.209278        1.570104
     Cl  24        0.209278       -0.439601       -1.334889
     Cl  24        1.570104       -1.334889       -0.278768

     ----- total EFG -----
     Cl   1       -0.737787       -1.379400        1.275199
     Cl   1       -1.379400        0.199099       -2.096147
     Cl   1        1.275199       -2.096147        0.538687

     C    2        0.195014       -0.744471       -0.257888
     C    2       -0.744471        0.338588       -0.427540
     C    2       -0.257888       -0.427540       -0.533601

     C    3       -0.305097        0.051522        0.201030
     C    3        0.051522        0.395156       -0.026348
     C    3        0.201030       -0.026348       -0.090058

     H    4        0.600717       -0.076137        0.389085
     H    4       -0.076137       -0.548461        0.381455
     H    4        0.389085        0.381455       -0.052256

     C    5        0.234678       -0.630572       -0.311670
     C    5       -0.630572        0.149361       -0.387201
     C    5       -0.311670       -0.387201       -0.384039

     H    6       -0.095226        0.204514        0.024082
     H    6        0.204514       -0.032711        0.404183
     H    6        0.024082        0.404183        0.127937

     H    7       -0.498913        0.046017        0.373878
     H    7        0.046017        0.590727       -0.455466
     H    7        0.373878       -0.455466       -0.091814

     C    8        0.008357        0.195973       -0.100243
     C    8        0.195973        0.245082       -0.096386
     C    8       -0.100243       -0.096386       -0.253438

     H    9        0.341604       -0.321660        0.537536
     H    9       -0.321660        0.223803       -0.260930
     H    9        0.537536       -0.260930       -0.565407

     C   10        0.170288       -0.053549        0.276520
     C   10       -0.053549       -0.183529       -0.292110
     C   10        0.276520       -0.292110        0.013242

     C   11        0.135015        0.166188       -0.510864
     C   11        0.166188       -0.169976        0.238860
     C   11       -0.510864        0.238860        0.034961

     Cl  12       -0.465629        1.674263       -0.609600
     Cl  12        1.674263       -1.485097       -0.276183
     Cl  12       -0.609600       -0.276183        1.950726

     H   13       -0.144900        0.002335       -0.181451
     H   13        0.002335        0.235668        0.290859
     H   13       -0.181451        0.290859       -0.090768

     C   14       -0.105443        0.031022       -0.057792
     C   14        0.031022        0.112758        0.098627
     C   14       -0.057792        0.098627       -0.007316

     H   15       -0.100550        0.108175        0.296948
     H   15        0.108175       -0.058353        0.228270
     H   15        0.296948        0.228270        0.158902

     C   16        0.236761       -0.502626       -0.530543
     C   16       -0.502626       -0.241388       -0.020220
     C   16       -0.530543       -0.020220        0.004627

     C   17        0.133146        0.191640       -0.468015
     C   17        0.191640       -0.241685        0.207299
     C   17       -0.468015        0.207299        0.108539

     Cl  18        1.019565       -0.849563       -1.655183
     Cl  18       -0.849563       -0.617219       -0.958825
     Cl  18       -1.655183       -0.958825       -0.402346

     H   19       -0.110269        0.091829       -0.045055
     H   19        0.091829        0.059853       -0.190732
     H   19       -0.045055       -0.190732        0.050416

     C   20        0.051381       -0.318995        0.069933
     C   20       -0.318995       -0.078265        0.302605
     C   20        0.069933        0.302605        0.026884

     H   21        0.397819       -0.047670        0.153574
     H   21       -0.047670       -0.244922        0.133824
     H   21        0.153574        0.133824       -0.152897

     C   22       -0.658622       -0.193538       -0.017718
     C   22       -0.193538        0.355450       -0.363291
     C   22       -0.017718       -0.363291        0.303172

     C   23        0.342009       -0.439406        0.631736
     C   23       -0.439406       -0.543969        0.013760
     C   23        0.631736        0.013760        0.201960

     Cl  24        0.792542        0.435509        1.517317
     Cl  24        0.435509       -0.372506       -1.300424
     Cl  24        1.517317       -1.300424       -0.420036

     ----- total EFG (symmetrized) -----
     Cl   1       -0.737787       -1.379400        1.275199
     Cl   1       -1.379400        0.199099       -2.096147
     Cl   1        1.275199       -2.096147        0.538687

     C    2        0.195014       -0.744471       -0.257888
     C    2       -0.744471        0.338588       -0.427540
     C    2       -0.257888       -0.427540       -0.533601

     C    3       -0.305097        0.051522        0.201030
     C    3        0.051522        0.395156       -0.026348
     C    3        0.201030       -0.026348       -0.090058

     H    4        0.600717       -0.076137        0.389085
     H    4       -0.076137       -0.548461        0.381455
     H    4        0.389085        0.381455       -0.052256

     C    5        0.234678       -0.630572       -0.311670
     C    5       -0.630572        0.149361       -0.387201
     C    5       -0.311670       -0.387201       -0.384039

     H    6       -0.095226        0.204514        0.024082
     H    6        0.204514       -0.032711        0.404183
     H    6        0.024082        0.404183        0.127937

     H    7       -0.498913        0.046017        0.373878
     H    7        0.046017        0.590727       -0.455466
     H    7        0.373878       -0.455466       -0.091814

     C    8        0.008357        0.195973       -0.100243
     C    8        0.195973        0.245082       -0.096386
     C    8       -0.100243       -0.096386       -0.253438

     H    9        0.341604       -0.321660        0.537536
     H    9       -0.321660        0.223803       -0.260930
     H    9        0.537536       -0.260930       -0.565407

     C   10        0.170288       -0.053549        0.276520
     C   10       -0.053549       -0.183529       -0.292110
     C   10        0.276520       -0.292110        0.013242

     C   11        0.135015        0.166188       -0.510864
     C   11        0.166188       -0.169976        0.238860
     C   11       -0.510864        0.238860        0.034961

     Cl  12       -0.465629        1.674263       -0.609600
     Cl  12        1.674263       -1.485097       -0.276183
     Cl  12       -0.609600       -0.276183        1.950726

     H   13       -0.144900        0.002335       -0.181451
     H   13        0.002335        0.235668        0.290859
     H   13       -0.181451        0.290859       -0.090768

     C   14       -0.105443        0.031022       -0.057792
     C   14        0.031022        0.112758        0.098627
     C   14       -0.057792        0.098627       -0.007316

     H   15       -0.100550        0.108175        0.296948
     H   15        0.108175       -0.058353        0.228270
     H   15        0.296948        0.228270        0.158902

     C   16        0.236761       -0.502626       -0.530543
     C   16       -0.502626       -0.241388       -0.020220
     C   16       -0.530543       -0.020220        0.004627

     C   17        0.133146        0.191640       -0.468015
     C   17        0.191640       -0.241685        0.207299
     C   17       -0.468015        0.207299        0.108539

     Cl  18        1.019565       -0.849563       -1.655183
     Cl  18       -0.849563       -0.617219       -0.958825
     Cl  18       -1.655183       -0.958825       -0.402346

     H   19       -0.110269        0.091829       -0.045055
     H   19        0.091829        0.059853       -0.190732
     H   19       -0.045055       -0.190732        0.050416

     C   20        0.051381       -0.318995        0.069933
     C   20       -0.318995       -0.078265        0.302605
     C   20        0.069933        0.302605        0.026884

     H   21        0.397819       -0.047670        0.153574
     H   21       -0.047670       -0.244922        0.133824
     H   21        0.153574        0.133824       -0.152897

     C   22       -0.658622       -0.193538       -0.017718
     C   22       -0.193538        0.355450       -0.363291
     C   22       -0.017718       -0.363291        0.303172

     C   23        0.342009       -0.439406        0.631736
     C   23       -0.439406       -0.543969        0.013760
     C   23        0.631736        0.013760        0.201960

     Cl  24        0.792542        0.435509        1.517317
     Cl  24        0.435509       -0.372506       -1.300424
     Cl  24        1.517317       -1.300424       -0.420036


     NQR/NMR SPECTROSCOPIC PARAMETERS:
     Cl   1    Vxx=   -1.5152    axis=(  0.769978 -0.141274 -0.622235)
     Cl   1    Vyy=   -1.8188    axis=( -0.481947 -0.767858 -0.422044)
     Cl   1    Vzz=    3.3340    axis=( -0.418164  0.624848 -0.659320)
     Cl   1  Q=        -8.1650 1e-30 m^2  Cq=       -63.9614 MHz  eta= 0.09106

     C    2    Vxx=   -0.0374    axis=(  0.602338  0.422620 -0.677186)
     C    2    Vyy=   -0.9918    axis=(  0.470411  0.497456  0.728870)
     C    2    Vzz=    1.0292    axis=( -0.644905  0.757582 -0.100831)
     C    2  Q=         1.0000 1e-30 m^2  Cq=         2.4183 MHz  eta= 0.92733

     C    3    Vxx=    0.0304    axis=(  0.512830 -0.010429  0.858427)
     C    3    Vyy=    0.3992    axis=( -0.065293 -0.997504  0.026888)
     C    3    Vzz=   -0.4296    axis=(  0.856003 -0.069838 -0.512231)
     C    3  Q=         1.0000 1e-30 m^2  Cq=        -1.0094 MHz  eta= 0.85867

     H    4    Vxx=    0.0149    axis=(  0.412030 -0.548388 -0.727669)
     H    4    Vyy=    0.7892    axis=( -0.891300 -0.076701 -0.446880)
     H    4    Vzz=   -0.8041    axis=(  0.189250  0.832699 -0.520381)
     H    4  Q=         1.0000 1e-30 m^2  Cq=        -1.8894 MHz  eta= 0.96293

     C    5    Vxx=    0.0835    axis=( -0.495448 -0.477442  0.725659)
     C    5    Vyy=    0.8254    axis=( -0.720370  0.692649 -0.036114)
     C    5    Vzz=   -0.9089    axis=( -0.485384 -0.540636 -0.687106)
     C    5  Q=         1.0000 1e-30 m^2  Cq=        -2.1355 MHz  eta= 0.81623

     H    6    Vxx=   -0.0681    axis=(  0.873301  0.169518 -0.456737)
     H    6    Vyy=   -0.4302    axis=( -0.417111  0.744567 -0.521189)
     H    6    Vzz=    0.4983    axis=(  0.251720  0.645665  0.720940)
     H    6  Q=         1.0000 1e-30 m^2  Cq=         1.1709 MHz  eta= 0.72660

     H    7    Vxx=   -0.0500    axis=(  0.602624  0.433157  0.670238)
     H    7    Vyy=   -0.7816    axis=(  0.791391 -0.216300 -0.571765)
     H    7    Vzz=    0.8316    axis=(  0.102691 -0.874979  0.473144)
     H    7  Q=         1.0000 1e-30 m^2  Cq=         1.9540 MHz  eta= 0.87973

     C    8    Vxx=   -0.0942    axis=(  0.823762 -0.531708 -0.196730)
     C    8    Vyy=   -0.2895    axis=( -0.275357 -0.071907 -0.958649)
     C    8    Vzz=    0.3837    axis=(  0.495575  0.843870 -0.205644)
     C    8  Q=         1.0000 1e-30 m^2  Cq=         0.9014 MHz  eta= 0.50895

     H    9    Vxx=   -0.0250    axis=(  0.537197  0.833046  0.132115)
     H    9    Vyy=   -0.8261    axis=( -0.391199  0.107309  0.914028)
     H    9    Vzz=    0.8511    axis=(  0.747250 -0.542696  0.383533)
     H    9  Q=         1.0000 1e-30 m^2  Cq=         1.9998 MHz  eta= 0.94124

     C   10    Vxx=   -0.0396    axis=(  0.696839  0.584453 -0.415728)
     C   10    Vyy=   -0.4217    axis=( -0.232616  0.732465  0.639831)
     C   10    Vzz=    0.4613    axis=( -0.678458  0.349154 -0.646363)
     C   10  Q=         1.0000 1e-30 m^2  Cq=         1.0838 MHz  eta= 0.82833

     C   11    Vxx=    0.0153    axis=(  0.405487  0.837063  0.367295)
     C   11    Vyy=    0.6003    axis=( -0.729397  0.054100  0.681948)
     C   11    Vzz=   -0.6157    axis=(  0.550963 -0.544425  0.632488)
     C   11  Q=         1.0000 1e-30 m^2  Cq=        -1.4465 MHz  eta= 0.95018

     Cl  12    Vxx=    0.4842    axis=(  0.723588  0.558269  0.405902)
     Cl  12    Vyy=    2.2457    axis=( -0.341847 -0.221026  0.913394)
     Cl  12    Vzz=   -2.7299    axis=( -0.599635  0.799677 -0.030911)
     Cl  12  Q=        -8.1650 1e-30 m^2  Cq=        52.3710 MHz  eta= 0.64529

     H   13    Vxx=   -0.0466    axis=(  0.795459  0.431674 -0.425327)
     H   13    Vyy=   -0.3745    axis=( -0.582594  0.351525 -0.732813)
     H   13    Vzz=    0.4212    axis=( -0.166823  0.830715  0.531114)
     H   13  Q=         1.0000 1e-30 m^2  Cq=         0.9896 MHz  eta= 0.77865

     C   14    Vxx=   -0.0151    axis=(  0.587519  0.399985 -0.703443)
     C   14    Vyy=   -0.1531    axis=( -0.809195  0.285054 -0.513759)
     C   14    Vzz=    0.1682    axis=(  0.004976 -0.871066 -0.491141)
     C   14  Q=         1.0000 1e-30 m^2  Cq=         0.3952 MHz  eta= 0.82011

     H   15    Vxx=   -0.1689    axis=( -0.430228  0.875510 -0.219967)
     H   15    Vyy=   -0.3028    axis=( -0.765339 -0.224542  0.603189)
     H   15    Vzz=    0.4717    axis=(  0.478706  0.427858  0.766667)
     H   15  Q=         1.0000 1e-30 m^2  Cq=         1.1083 MHz  eta= 0.28404

     C   16    Vxx=   -0.0955    axis=(  0.163119 -0.663196  0.730454)
     C   16    Vyy=   -0.7170    axis=( -0.600521 -0.654165 -0.459828)
     C   16    Vzz=    0.8125    axis=( -0.782794  0.363646  0.504970)
     C   16  Q=         1.0000 1e-30 m^2  Cq=         1.9091 MHz  eta= 0.76494

     C   17    Vxx=   -0.0074    axis=(  0.452520  0.769326  0.450959)
     C   17    Vyy=   -0.5816    axis=(  0.533958 -0.638781  0.553939)
     C   17    Vzz=    0.5891    axis=(  0.714223 -0.009875 -0.699848)
     C   17  Q=         1.0000 1e-30 m^2  Cq=         1.3841 MHz  eta= 0.97471

     Cl  18    Vxx=    0.2746    axis=(  0.252642 -0.809879  0.529404)
     Cl  18    Vyy=    2.1244    axis=( -0.847361  0.078927  0.525119)
     Cl  18    Vzz=   -2.3990    axis=( -0.467067 -0.581263 -0.666319)
     Cl  18  Q=        -8.1650 1e-30 m^2  Cq=        46.0237 MHz  eta= 0.77110

     H   19    Vxx=   -0.1046    axis=(  0.685627  0.354592  0.635751)
     H   19    Vyy=   -0.1663    axis=( -0.684195  0.612126  0.396457)
     H   19    Vzz=    0.2709    axis=( -0.248579 -0.706800  0.662301)
     H   19  Q=         1.0000 1e-30 m^2  Cq=         0.6364 MHz  eta= 0.22802

     C   20    Vxx=    0.1080    axis=(  0.674693  0.041715  0.736919)
     C   20    Vyy=    0.3867    axis=( -0.555230  0.686515  0.469485)
     C   20    Vzz=   -0.4947    axis=(  0.486321  0.725918 -0.486348)
     C   20  Q=         1.0000 1e-30 m^2  Cq=        -1.1624 MHz  eta= 0.56321

     H   21    Vxx=   -0.0751    axis=(  0.178399 -0.639439 -0.747858)
     H   21    Vyy=   -0.3629    axis=( -0.172531 -0.768603  0.616021)
     H   21    Vzz=    0.4380    axis=( -0.968714  0.019131 -0.247441)
     H   21  Q=         1.0000 1e-30 m^2  Cq=         1.0291 MHz  eta= 0.65703

     C   22    Vxx=   -0.0040    axis=( -0.208529  0.637399  0.741780)
     C   22    Vyy=   -0.7021    axis=( -0.973243 -0.210084 -0.093076)
     C   22    Vzz=    0.7061    axis=(  0.096510 -0.741341  0.664153)
     C   22  Q=         1.0000 1e-30 m^2  Cq=         1.6591 MHz  eta= 0.98862

     C   23    Vxx=   -0.1679    axis=( -0.435435  0.535279  0.723791)
     C   23    Vyy=   -0.8094    axis=(  0.483774  0.817189 -0.313312)
     C   23    Vzz=    0.9773    axis=( -0.759183  0.213724 -0.614787)
     C   23  Q=         1.0000 1e-30 m^2  Cq=         2.2962 MHz  eta= 0.65636

     Cl  24    Vxx=    0.4486    axis=(  0.491325  0.801288 -0.341376)
     Cl  24    Vyy=    1.8979    axis=( -0.761970  0.205584 -0.614114)
     Cl  24    Vzz=   -2.3465    axis=( -0.421901  0.561848  0.711566)
     Cl  24  Q=        -8.1650 1e-30 m^2  Cq=        45.0162 MHz  eta= 0.61768

     Initialization:
     gipaw_setup  :      9.08s CPU     10.78s WALL (       1 calls)

     Linear response

     Apply operators

     Induced current

     Other routines
     efg          :      9.06s CPU     11.63s WALL (       1 calls)

     General routines
     calbec       :      3.25s CPU      4.39s WALL (      16 calls)
     fft          :      1.92s CPU      3.20s WALL (      15 calls)
     ffts         :      0.04s CPU      0.04s WALL (       2 calls)
     fftw         :      3.12s CPU      3.83s WALL (     672 calls)
     davcio       :      0.02s CPU      0.32s WALL (      32 calls)

     Parallel routines
     fft_scatter  :      2.39s CPU      4.17s WALL (     689 calls)

     Plugins

     GIPAW        :     60.72s CPU     71.03s WALL (       1 calls)
