
     Program QE v.6.0 (svn rev. 13079) starts on 23Jan2017 at 23:13:22 

     This program is part of the open-source Quantum ESPRESSO suite
     for quantum simulation of materials; please cite
         "P. Giannozzi et al., J. Phys.:Condens. Matter 21 395502 (2009);
          URL http://www.quantum-espresso.org", 
     in publications or presentations arising from this work. More details at
     http://www.quantum-espresso.org/quote

     Parallel version (MPI), running on     8 processors
     R & G space division:  proc/nbgrp/npool/nimage =       8

     ***** This is GIPAW svn revision unknown      *****

     Parallelizing q-star over 1 images

     Reading data from directory:
     /users/majewski/paradichlorobenzene/pbe/9_constraint/scratch/pbe.ecut100.np8.dt60.pcl2phi-129368.save
     Message from routine read_xml_file:
     file /users/majewski/paradichlorobenzene/pbe/9_constraint/scratch/pbe.ecut100.np8.dt60.pcl2phi-129368.save not guaranteed to be safe for post-processing

   Info: using nr1, nr2, nr3 values from input

   Info: using nr1, nr2, nr3 values from input

     IMPORTANT: XC functional enforced from input :
     Exchange-correlation      =  SLA  PW   PBX  PBC ( 1  4  3  4 0 0)
     Any further DFT definition will be discarded
     Please, verify this is what you really want

               file C.pbe-n-kjpaw_psl.1.0.0.UPF: wavefunction(s)  2S 2P renormalized
               file Cl.pbe-n-kjpaw_psl.1.0.0.UPF: wavefunction(s)  3S 3P renormalized
               file H.pbe-kjpaw_psl.1.0.0.UPF: wavefunction(s)  1S renormalized

     Parallelization info
     --------------------
     sticks:   dense  smooth     PW     G-vecs:    dense   smooth      PW
     Min        3057    1223    332               144436    36536    5170
     Max        3059    1225    333               144437    36537    5171
     Sum       24467    9791   2657              1155489   292295   41363


     Subspace diagonalization in iterative solution of the eigenvalue problem:
     a serial algorithm will be used

     GIPAW projectors -----------------------------------------------
     atom=  C    l=0  rc=    1.2000  rs=    0.8000
     atom=  C    l=0  rc=    1.2000  rs=    0.8000
     atom=  C    l=1  rc=    1.4000  rs=    0.9333
     atom=  C    l=1  rc=    1.4000  rs=    0.9333
     projs nearly linearly dependent: l=1  n1,n2= 1, 2  s=  0.99951561

     atom=  Cl   l=0  rc=    1.6000  rs=    1.0667
     atom=  Cl   l=0  rc=    1.6000  rs=    1.0667
     atom=  Cl   l=1  rc=    1.6000  rs=    1.0667
     atom=  Cl   l=1  rc=    1.6000  rs=    1.0667
     atom=  Cl   l=2  rc=    1.6000  rs=    1.0667
     atom=  Cl   l=2  rc=    1.6000  rs=    1.0667
     projs nearly linearly dependent: l=2  n1,n2= 1, 2  s=  0.99993509

     atom=  H    l=0  rc=    1.0000  rs=    0.6667
     atom=  H    l=0  rc=    1.0000  rs=    0.6667
     projs nearly linearly dependent: l=0  n1,n2= 1, 2  s=  0.99968852
     -----------------------------------------------------------------

     GIPAW integrals: -------------------------------------------
     Atom  i/j   nmr_para   nmr_dia   epr_rmc  epr_para   epr_dia
       C   1 1   0.83E+03  0.17E-01  0.93E+01  0.24E+08  0.24E+03
       C   2 1   0.86E+03 -0.61E-01  0.94E+01  0.25E+08  0.25E+03
       C   2 2   0.90E+03 -0.15E+00  0.97E+01  0.26E+08  0.26E+03
       C   3 3   0.33E+01  0.34E+00  0.18E+01  0.55E+03  0.21E+02
       C   4 3   0.35E+01  0.37E+00  0.20E+01  0.59E+03  0.22E+02
       C   4 4   0.38E+01  0.39E+00  0.22E+01  0.63E+03  0.24E+02
       Cl  1 1   0.14E+04 -0.47E+00  0.84E+01  0.32E+09  0.42E+03
       Cl  2 1   0.21E+04 -0.37E+00  0.12E+02  0.49E+09  0.65E+03
       Cl  2 2   0.33E+04 -0.16E+00  0.21E+02  0.76E+09  0.10E+04
       Cl  3 3   0.21E+02  0.79E-01  0.89E+01  0.23E+05  0.13E+03
       Cl  4 3   0.24E+02  0.67E-01  0.99E+01  0.27E+05  0.15E+03
       Cl  4 4   0.28E+02  0.44E-01  0.11E+02  0.32E+05  0.18E+03
       Cl  5 5   0.77E+00  0.19E+00  0.18E+01  0.12E+03  0.22E+02
       Cl  6 5   0.80E+00  0.19E+00  0.19E+01  0.12E+03  0.23E+02
       Cl  6 6   0.83E+00  0.20E+00  0.19E+01  0.12E+03  0.23E+02
       H   1 1   0.39E+02  0.19E+00  0.29E+00  0.78E+05  0.13E+02
       H   2 1   0.41E+02  0.21E+00  0.32E+00  0.82E+05  0.14E+02
       H   2 2   0.43E+02  0.22E+00  0.36E+00  0.86E+05  0.15E+02
     ------------------------------------------------------------

     alpha_pv=     34.0138 eV

     Number of occupied bands for each k-point:
     k-point:     1    nbnd_occ=  42
     k-point:     2    nbnd_occ=  42
     k-point:     3    nbnd_occ=  42
     k-point:     4    nbnd_occ=  42
     k-point:     5    nbnd_occ=  42
     k-point:     6    nbnd_occ=  42
     k-point:     7    nbnd_occ=  42
     k-point:     8    nbnd_occ=  42
     k-point:     9    nbnd_occ=  42
     k-point:    10    nbnd_occ=  42
     k-point:    11    nbnd_occ=  42
     k-point:    12    nbnd_occ=  42
     k-point:    13    nbnd_occ=  42
     k-point:    14    nbnd_occ=  42
     k-point:    15    nbnd_occ=  42
     k-point:    16    nbnd_occ=  42


     q-space interpolation up to   110.00 Rydberg

     GIPAW job: efg                                                                             


     ELECTRIC FIELD GRADIENTS TENSORS IN Hartree/bohrradius^2:

     ----- bare term -----
     Cl   1        0.077813        0.136785       -0.020299
     Cl   1        0.136785        0.056243       -0.003283
     Cl   1       -0.020299       -0.003283       -0.134057

     C    2       -0.042207        0.383664       -0.208491
     C    2        0.383664       -0.133044       -0.591563
     C    2       -0.208491       -0.591563        0.175251

     C    3       -0.120958       -0.011642       -0.006086
     C    3       -0.011642       -0.037354       -0.055083
     C    3       -0.006086       -0.055083        0.158312

     H    4       -0.315984       -0.409952        0.126684
     H    4       -0.409952        0.053404        0.127910
     H    4        0.126684        0.127910        0.262580

     C    5       -0.077037        0.073719       -0.062369
     C    5        0.073719       -0.157739       -0.058314
     C    5       -0.062369       -0.058314        0.234776

     H    6        0.275041       -0.365547        0.135067
     H    6       -0.365547       -0.553087        0.190046
     H    6        0.135067        0.190046        0.278046

     H    7        0.384624       -0.024081       -0.207401
     H    7       -0.024081       -0.361651        0.475397
     H    7       -0.207401        0.475397       -0.022973

     C    8       -0.543737       -0.318632       -0.092214
     C    8       -0.318632        0.185781        0.260265
     C    8       -0.092214        0.260265        0.357956

     H    9       -0.347106       -0.169289       -0.547610
     H    9       -0.169289        0.188862       -0.030068
     H    9       -0.547610       -0.030068        0.158244

     C   10       -0.030837        0.180088       -0.285991
     C   10        0.180088       -0.096287        0.689587
     C   10       -0.285991        0.689587        0.127125

     C   11       -0.514092       -0.328184       -0.236986
     C   11       -0.328184        0.142331        0.314124
     C   11       -0.236986        0.314124        0.371761

     Cl  12        0.024003        0.166127        0.010385
     Cl  12        0.166127        0.041935        0.075438
     Cl  12        0.010385        0.075438       -0.065938

     H   13        0.482750       -0.202401        0.060813
     H   13       -0.202401       -0.585879       -0.054215
     H   13        0.060813       -0.054215        0.103128

     C   14       -0.790044        0.280119       -0.404482
     C   14        0.280119        0.178892       -0.069410
     C   14       -0.404482       -0.069410        0.611152

     H   15       -0.408133       -0.418501        0.045384
     H   15       -0.418501        0.295786        0.073474
     H   15        0.045384        0.073474        0.112347

     C   16       -0.030234        0.277848       -0.081818
     C   16        0.277848       -0.540236       -0.411527
     C   16       -0.081818       -0.411527        0.570470

     C   17       -0.328679        0.294675       -0.490840
     C   17        0.294675        0.205873       -0.301098
     C   17       -0.490840       -0.301098        0.122806

     Cl  18       -0.055685        0.169596        0.123384
     Cl  18        0.169596       -0.033421        0.119949
     Cl  18        0.123384        0.119949        0.089106

     H   19        0.164703       -0.224340        0.271425
     H   19       -0.224340       -0.179104        0.550095
     H   19        0.271425        0.550095        0.014401

     C   20       -0.067733        0.322735       -0.509457
     C   20        0.322735       -0.072855        0.481490
     C   20       -0.509457        0.481490        0.140588

     H   21       -0.113121        0.061874       -0.276782
     H   21        0.061874        0.365393        0.441597
     H   21       -0.276782        0.441597       -0.252272

     C   22       -0.334099       -0.344484       -0.216207
     C   22       -0.344484       -0.037209        0.192389
     C   22       -0.216207        0.192389        0.371308

     C   23       -0.016134        0.370319       -0.420856
     C   23        0.370319       -0.052996        0.685419
     C   23       -0.420856        0.685419        0.069130

     Cl  24       -0.087986       -0.219342       -0.140875
     Cl  24       -0.219342       -0.100711       -0.038969
     Cl  24       -0.140875       -0.038969        0.188697

     ----- ionic term -----
     Cl   1        0.124154       -0.190768        0.014719
     Cl   1       -0.190768        0.041275       -0.016631
     Cl   1        0.014719       -0.016631       -0.165429

     C    2        0.286524       -0.090163        0.179274
     C    2       -0.090163        0.238105        0.256315
     C    2        0.179274        0.256315       -0.524628

     C    3        0.220845       -0.114259        0.127661
     C    3       -0.114259        0.286110        0.292206
     C    3        0.127661        0.292206       -0.506955

     H    4        0.750319        0.489330        0.401289
     H    4        0.489330       -0.282209        0.217553
     H    4        0.401289        0.217553       -0.468110

     C    5        0.431742       -0.045500        0.178262
     C    5       -0.045500        0.118563        0.232537
     C    5        0.178262        0.232537       -0.550305

     H    6       -0.469090        0.205094        0.076568
     H    6        0.205094        0.872359        0.494886
     H    6        0.076568        0.494886       -0.403269

     H    7       -0.516435        0.012789        0.019711
     H    7        0.012789        0.676288       -0.704984
     H    7        0.019711       -0.704984       -0.159852

     C    8        0.323400        0.317684        0.251114
     C    8        0.317684        0.041607       -0.283427
     C    8        0.251114       -0.283427       -0.365007

     H    9        0.588543       -0.259876        0.673731
     H    9       -0.259876       -0.448723       -0.230399
     H    9        0.673731       -0.230399       -0.139819

     C   10        0.213720        0.321785        0.187928
     C   10        0.321785        0.139445       -0.366424
     C   10        0.187928       -0.366424       -0.353166

     C   11        0.213810        0.206663        0.335668
     C   11        0.206663        0.044550       -0.375604
     C   11        0.335668       -0.375604       -0.258360

     Cl  12        0.162227        0.234204        0.006860
     Cl  12        0.234204        0.002473        0.005509
     Cl  12        0.006860        0.005509       -0.164700

     H   13       -0.494033        0.213392        0.068708
     H   13        0.213392        0.958587        0.406952
     H   13        0.068708        0.406952       -0.464554

     C   14        0.365480       -0.113497        0.140799
     C   14       -0.113497        0.179286        0.208231
     C   14        0.140799        0.208231       -0.544766

     H   15        0.696613        0.568963        0.375520
     H   15        0.568963       -0.191057        0.213371
     H   15        0.375520        0.213371       -0.505556

     C   16        0.179319       -0.093419        0.103814
     C   16       -0.093419        0.350502        0.322360
     C   16        0.103814        0.322360       -0.529821

     C   17        0.343693       -0.036229        0.132205
     C   17       -0.036229        0.218623        0.343293
     C   17        0.132205        0.343293       -0.562316

     Cl  18        0.162851       -0.213078       -0.033447
     Cl  18       -0.213078       -0.008733        0.026488
     Cl  18       -0.033447        0.026488       -0.154118

     H   19       -0.525855        0.027686       -0.007674
     H   19        0.027686        0.475406       -0.786029
     H   19       -0.007674       -0.786029        0.050449

     C   20        0.282707        0.248698        0.301969
     C   20        0.248698       -0.037019       -0.323268
     C   20        0.301969       -0.323268       -0.245687

     H   21        0.409328       -0.179489        0.789239
     H   21       -0.179489       -0.484959       -0.225217
     H   21        0.789239       -0.225217        0.075630

     C   22        0.149725        0.313816        0.204092
     C   22        0.313816        0.102345       -0.367096
     C   22        0.204092       -0.367096       -0.252070

     C   23        0.188807        0.250013        0.283780
     C   23        0.250013        0.082296       -0.331252
     C   23        0.283780       -0.331252       -0.271103

     Cl  24        0.122891        0.206762        0.038090
     Cl  24        0.206762        0.029739        0.015137
     Cl  24        0.038090        0.015137       -0.152630

     ----- GIPAW term -----
     Cl   1        2.161993       -0.575477       -0.176754
     Cl   1       -0.575477        0.374288       -0.041859
     Cl   1       -0.176754       -0.041859       -2.536282

     C    2        0.095440        0.127817       -0.128458
     C    2        0.127817        0.003546       -0.166922
     C    2       -0.128458       -0.166922       -0.098987

     C    3       -0.007845        0.017436       -0.031413
     C    3        0.017436        0.010054       -0.018798
     C    3       -0.031413       -0.018798       -0.002209

     H    4       -0.000000        0.000000        0.000000
     H    4        0.000000        0.000000        0.000000
     H    4        0.000000        0.000000        0.000000

     C    5       -0.005654        0.037627       -0.034706
     C    5        0.037627       -0.011122       -0.053574
     C    5       -0.034706       -0.053574        0.016777

     H    6       -0.000000        0.000000        0.000000
     H    6        0.000000        0.000000        0.000000
     H    6        0.000000        0.000000        0.000000

     H    7       -0.000000        0.000000        0.000000
     H    7        0.000000        0.000000        0.000000
     H    7        0.000000        0.000000        0.000000

     C    8       -0.063328        0.157394        0.060411
     C    8        0.157394        0.158034        0.072065
     C    8        0.060411        0.072065       -0.094706

     H    9       -0.000000        0.000000        0.000000
     H    9        0.000000        0.000000        0.000000
     H    9        0.000000        0.000000        0.000000

     C   10       -0.042290        0.203493       -0.011241
     C   10        0.203493        0.119157        0.181439
     C   10       -0.011241        0.181439       -0.076867

     C   11       -0.079181        0.164392       -0.007057
     C   11        0.164392        0.195823        0.073699
     C   11       -0.007057        0.073699       -0.116642

     Cl  12        1.294904        3.314243        0.361140
     Cl  12        3.314243        0.551915        0.843789
     Cl  12        0.361140        0.843789       -1.846819

     H   13       -0.000000        0.000000        0.000000
     H   13        0.000000        0.000000        0.000000
     H   13        0.000000        0.000000        0.000000

     C   14       -0.214854        0.059382       -0.017148
     C   14        0.059382        0.022258        0.137896
     C   14       -0.017148        0.137896        0.192596

     H   15       -0.000000        0.000000        0.000000
     H   15        0.000000        0.000000        0.000000
     H   15        0.000000        0.000000        0.000000

     C   16       -0.105718        0.036446        0.012652
     C   16        0.036446       -0.120910        0.102689
     C   16        0.012652        0.102689        0.226628

     C   17        0.016354        0.126024       -0.084055
     C   17        0.126024        0.164912       -0.040993
     C   17       -0.084055       -0.040993       -0.181266

     Cl  18        0.942445       -0.674427        1.238536
     Cl  18       -0.674427       -0.186285        1.216941
     Cl  18        1.238536        1.216941       -0.756160

     H   19       -0.000000        0.000000        0.000000
     H   19        0.000000        0.000000        0.000000
     H   19        0.000000        0.000000        0.000000

     C   20        0.090754        0.245188       -0.136864
     C   20        0.245188        0.002234        0.036117
     C   20       -0.136864        0.036117       -0.092988

     H   21       -0.000000        0.000000        0.000000
     H   21        0.000000        0.000000        0.000000
     H   21        0.000000        0.000000        0.000000

     C   22        0.027850        0.157824       -0.069672
     C   22        0.157824        0.060976       -0.050336
     C   22       -0.069672       -0.050336       -0.088826

     C   23        0.061771        0.290358       -0.046888
     C   23        0.290358        0.090868        0.124941
     C   23       -0.046888        0.124941       -0.152639

     Cl  24        1.440206        1.664954       -1.272347
     Cl  24        1.664954       -0.642771       -0.406965
     Cl  24       -1.272347       -0.406965       -0.797435

     ----- total EFG -----
     Cl   1        2.363960       -0.629460       -0.182334
     Cl   1       -0.629460        0.471807       -0.061773
     Cl   1       -0.182334       -0.061773       -2.835767

     C    2        0.339757        0.421318       -0.157676
     C    2        0.421318        0.108607       -0.502170
     C    2       -0.157676       -0.502170       -0.448365

     C    3        0.092042       -0.108465        0.090161
     C    3       -0.108465        0.258809        0.218325
     C    3        0.090161        0.218325       -0.350851

     H    4        0.434335        0.079378        0.527973
     H    4        0.079378       -0.228805        0.345463
     H    4        0.527973        0.345463       -0.205530

     C    5        0.349051        0.065846        0.081187
     C    5        0.065846       -0.050298        0.120650
     C    5        0.081187        0.120650       -0.298752

     H    6       -0.194049       -0.160453        0.211635
     H    6       -0.160453        0.319272        0.684933
     H    6        0.211635        0.684933       -0.125223

     H    7       -0.131812       -0.011292       -0.187689
     H    7       -0.011292        0.314637       -0.229587
     H    7       -0.187689       -0.229587       -0.182825

     C    8       -0.283665        0.156446        0.219310
     C    8        0.156446        0.385422        0.048903
     C    8        0.219310        0.048903       -0.101757

     H    9        0.241437       -0.429165        0.126121
     H    9       -0.429165       -0.259861       -0.260467
     H    9        0.126121       -0.260467        0.018425

     C   10        0.140592        0.705366       -0.109304
     C   10        0.705366        0.162315        0.504602
     C   10       -0.109304        0.504602       -0.302907

     C   11       -0.379463        0.042871        0.091625
     C   11        0.042871        0.382704        0.012219
     C   11        0.091625        0.012219       -0.003241

     Cl  12        1.481134        3.714574        0.378385
     Cl  12        3.714574        0.596323        0.924736
     Cl  12        0.378385        0.924736       -2.077457

     H   13       -0.011283        0.010991        0.129522
     H   13        0.010991        0.372708        0.352737
     H   13        0.129522        0.352737       -0.361425

     C   14       -0.639418        0.226004       -0.280831
     C   14        0.226004        0.380436        0.276717
     C   14       -0.280831        0.276717        0.258983

     H   15        0.288480        0.150462        0.420904
     H   15        0.150462        0.104729        0.286846
     H   15        0.420904        0.286846       -0.393209

     C   16        0.043366        0.220875        0.034648
     C   16        0.220875       -0.310643        0.013522
     C   16        0.034648        0.013522        0.267277

     C   17        0.031369        0.384470       -0.442689
     C   17        0.384470        0.589408        0.001202
     C   17       -0.442689        0.001202       -0.620777

     Cl  18        1.049611       -0.717909        1.328473
     Cl  18       -0.717909       -0.228439        1.363379
     Cl  18        1.328473        1.363379       -0.821173

     H   19       -0.361152       -0.196655        0.263751
     H   19       -0.196655        0.296302       -0.235934
     H   19        0.263751       -0.235934        0.064850

     C   20        0.305728        0.816620       -0.344352
     C   20        0.816620       -0.107641        0.194339
     C   20       -0.344352        0.194339       -0.198087

     H   21        0.296208       -0.117615        0.512457
     H   21       -0.117615       -0.119566        0.216380
     H   21        0.512457        0.216380       -0.176641

     C   22       -0.156525        0.127156       -0.081787
     C   22        0.127156        0.126112       -0.225043
     C   22       -0.081787       -0.225043        0.030412

     C   23        0.234445        0.910690       -0.183964
     C   23        0.910690        0.120167        0.479108
     C   23       -0.183964        0.479108       -0.354611

     Cl  24        1.475111        1.652373       -1.375132
     Cl  24        1.652373       -0.713743       -0.430798
     Cl  24       -1.375132       -0.430798       -0.761368

     ----- total EFG (symmetrized) -----
     Cl   1        2.363960       -0.629460       -0.182334
     Cl   1       -0.629460        0.471807       -0.061773
     Cl   1       -0.182334       -0.061773       -2.835767

     C    2        0.339757        0.421318       -0.157676
     C    2        0.421318        0.108607       -0.502170
     C    2       -0.157676       -0.502170       -0.448365

     C    3        0.092042       -0.108465        0.090161
     C    3       -0.108465        0.258809        0.218325
     C    3        0.090161        0.218325       -0.350851

     H    4        0.434335        0.079378        0.527973
     H    4        0.079378       -0.228805        0.345463
     H    4        0.527973        0.345463       -0.205530

     C    5        0.349051        0.065846        0.081187
     C    5        0.065846       -0.050298        0.120650
     C    5        0.081187        0.120650       -0.298752

     H    6       -0.194049       -0.160453        0.211635
     H    6       -0.160453        0.319272        0.684933
     H    6        0.211635        0.684933       -0.125223

     H    7       -0.131812       -0.011292       -0.187689
     H    7       -0.011292        0.314637       -0.229587
     H    7       -0.187689       -0.229587       -0.182825

     C    8       -0.283665        0.156446        0.219310
     C    8        0.156446        0.385422        0.048903
     C    8        0.219310        0.048903       -0.101757

     H    9        0.241437       -0.429165        0.126121
     H    9       -0.429165       -0.259861       -0.260467
     H    9        0.126121       -0.260467        0.018425

     C   10        0.140592        0.705366       -0.109304
     C   10        0.705366        0.162315        0.504602
     C   10       -0.109304        0.504602       -0.302907

     C   11       -0.379463        0.042871        0.091625
     C   11        0.042871        0.382704        0.012219
     C   11        0.091625        0.012219       -0.003241

     Cl  12        1.481134        3.714574        0.378385
     Cl  12        3.714574        0.596323        0.924736
     Cl  12        0.378385        0.924736       -2.077457

     H   13       -0.011283        0.010991        0.129522
     H   13        0.010991        0.372708        0.352737
     H   13        0.129522        0.352737       -0.361425

     C   14       -0.639418        0.226004       -0.280831
     C   14        0.226004        0.380436        0.276717
     C   14       -0.280831        0.276717        0.258983

     H   15        0.288480        0.150462        0.420904
     H   15        0.150462        0.104729        0.286846
     H   15        0.420904        0.286846       -0.393209

     C   16        0.043366        0.220875        0.034648
     C   16        0.220875       -0.310643        0.013522
     C   16        0.034648        0.013522        0.267277

     C   17        0.031369        0.384470       -0.442689
     C   17        0.384470        0.589408        0.001202
     C   17       -0.442689        0.001202       -0.620777

     Cl  18        1.049611       -0.717909        1.328473
     Cl  18       -0.717909       -0.228439        1.363379
     Cl  18        1.328473        1.363379       -0.821173

     H   19       -0.361152       -0.196655        0.263751
     H   19       -0.196655        0.296302       -0.235934
     H   19        0.263751       -0.235934        0.064850

     C   20        0.305728        0.816620       -0.344352
     C   20        0.816620       -0.107641        0.194339
     C   20       -0.344352        0.194339       -0.198087

     H   21        0.296208       -0.117615        0.512457
     H   21       -0.117615       -0.119566        0.216380
     H   21        0.512457        0.216380       -0.176641

     C   22       -0.156525        0.127156       -0.081787
     C   22        0.127156        0.126112       -0.225043
     C   22       -0.081787       -0.225043        0.030412

     C   23        0.234445        0.910690       -0.183964
     C   23        0.910690        0.120167        0.479108
     C   23       -0.183964        0.479108       -0.354611

     Cl  24        1.475111        1.652373       -1.375132
     Cl  24        1.652373       -0.713743       -0.430798
     Cl  24       -1.375132       -0.430798       -0.761368


     NQR/NMR SPECTROSCOPIC PARAMETERS:
     Cl   1    Vxx=    0.2855    axis=( -0.286798 -0.957326  0.035700)
     Cl   1    Vyy=    2.5588    axis=(  0.957233 -0.287854 -0.029058)
     Cl   1    Vzz=   -2.8443    axis=(  0.038094  0.025839  0.998940)
     Cl   1  Q=        -8.1650 1e-30 m^2  Cq=        54.5668 MHz  eta= 0.79922

     C    2    Vxx=   -0.0674    axis=(  0.726360 -0.545392  0.418268)
     C    2    Vyy=   -0.7507    axis=( -0.084318  0.533250  0.841745)
     C    2    Vzz=    0.8181    axis=( -0.682123 -0.646678  0.341345)
     C    2  Q=         1.0000 1e-30 m^2  Cq=         1.9222 MHz  eta= 0.83525

     C    3    Vxx=    0.0950    axis=( -0.929312 -0.220772 -0.296039)
     C    3    Vyy=    0.3526    axis=( -0.297967  0.921821  0.247914)
     C    3    Vzz=   -0.4476    axis=( -0.218162 -0.318599  0.922442)
     C    3  Q=         1.0000 1e-30 m^2  Cq=        -1.0516 MHz  eta= 0.57551

     H    4    Vxx=   -0.1177    axis=(  0.466062 -0.805415 -0.366187)
     H    4    Vyy=   -0.6730    axis=(  0.329646  0.542162 -0.772912)
     H    4    Vzz=    0.7907    axis=(  0.821048  0.239513  0.518183)
     H    4  Q=         1.0000 1e-30 m^2  Cq=         1.8578 MHz  eta= 0.70237

     C    5    Vxx=   -0.0234    axis=(  0.233861 -0.914006 -0.331514)
     C    5    Vyy=   -0.3515    axis=( -0.074388 -0.356790  0.931218)
     C    5    Vzz=    0.3748    axis=( -0.969420 -0.193115 -0.151430)
     C    5  Q=         1.0000 1e-30 m^2  Cq=         0.8807 MHz  eta= 0.87523

     H    6    Vxx=   -0.0672    axis=(  0.902312 -0.249010  0.351892)
     H    6    Vyy=   -0.7499    axis=(  0.431048  0.531713 -0.729026)
     H    6    Vzz=    0.8171    axis=( -0.005571  0.809491  0.587106)
     H    6  Q=         1.0000 1e-30 m^2  Cq=         1.9200 MHz  eta= 0.83544

     H    7    Vxx=   -0.0153    axis=(  0.815760 -0.311264 -0.487493)
     H    7    Vyy=   -0.3958    axis=(  0.566696  0.261504  0.781326)
     H    7    Vzz=    0.4111    axis=( -0.115718 -0.913636  0.389717)
     H    7  Q=         1.0000 1e-30 m^2  Cq=         0.9660 MHz  eta= 0.92537

     C    8    Vxx=    0.0046    axis=(  0.469452 -0.299489  0.830615)
     C    8    Vyy=    0.4389    axis=(  0.263047  0.945440  0.192221)
     C    8    Vzz=   -0.4435    axis=( -0.842865  0.128252  0.522619)
     C    8  Q=         1.0000 1e-30 m^2  Cq=        -1.0419 MHz  eta= 0.97943

     H    9    Vxx=   -0.0346    axis=( -0.493622 -0.062541  0.867425)
     H    9    Vyy=   -0.5573    axis=(  0.414859  0.859680  0.298065)
     H    9    Vzz=    0.5918    axis=( -0.764349  0.506990 -0.398411)
     H    9  Q=         1.0000 1e-30 m^2  Cq=         1.3906 MHz  eta= 0.88319

     C   10    Vxx=   -0.0340    axis=(  0.608736 -0.266440 -0.747295)
     C   10    Vyy=   -0.8953    axis=( -0.486438  0.618760 -0.616858)
     C   10    Vzz=    0.9292    axis=( -0.626752 -0.739017 -0.247055)
     C   10  Q=         1.0000 1e-30 m^2  Cq=         2.1833 MHz  eta= 0.92691

     C   11    Vxx=    0.0166    axis=(  0.219008 -0.058159  0.973988)
     C   11    Vyy=    0.3859    axis=(  0.061326  0.997069  0.045747)
     C   11    Vzz=   -0.4025    axis=( -0.973794  0.049712  0.221933)
     C   11  Q=         1.0000 1e-30 m^2  Cq=        -0.9458 MHz  eta= 0.91736

     Cl  12    Vxx=   -1.9421    axis=( -0.416393  0.296175  0.859591)
     Cl  12    Vyy=   -2.9532    axis=( -0.532883  0.686533 -0.494680)
     Cl  12    Vzz=    4.8954    axis=(  0.736650  0.664043  0.128040)
     Cl  12  Q=        -8.1650 1e-30 m^2  Cq=       -93.9149 MHz  eta= 0.20654

     H   13    Vxx=    0.0083    axis=(  0.969092 -0.186039  0.162018)
     H   13    Vyy=    0.5213    axis=(  0.112028  0.916990  0.382857)
     H   13    Vzz=   -0.5296    axis=( -0.219795 -0.352873  0.909489)
     H   13  Q=         1.0000 1e-30 m^2  Cq=        -1.2443 MHz  eta= 0.96880

     C   14    Vxx=    0.1926    axis=( -0.397553 -0.575029  0.715048)
     C   14    Vyy=    0.6030    axis=( -0.000092 -0.779252 -0.626711)
     C   14    Vzz=   -0.7956    axis=( -0.917579  0.249216 -0.309741)
     C   14  Q=         1.0000 1e-30 m^2  Cq=        -1.8693 MHz  eta= 0.51587

     H   15    Vxx=    0.0220    axis=(  0.536609 -0.842958 -0.038385)
     H   15    Vyy=    0.6263    axis=(  0.763898  0.465950  0.446487)
     H   15    Vzz=   -0.6483    axis=( -0.358484 -0.268911  0.893966)
     H   15  Q=         1.0000 1e-30 m^2  Cq=        -1.5232 MHz  eta= 0.93210

     C   16    Vxx=    0.1387    axis=(  0.865567  0.417118 -0.277141)
     C   16    Vyy=    0.2780    axis=(  0.251521  0.116452  0.960821)
     C   16    Vzz=   -0.4167    axis=( -0.433049  0.901361  0.004117)
     C   16  Q=         1.0000 1e-30 m^2  Cq=        -0.9791 MHz  eta= 0.33423

     C   17    Vxx=    0.0503    axis=( -0.717338  0.510539  0.474106)
     C   17    Vyy=    0.8167    axis=(  0.503208  0.850286 -0.154256)
     C   17    Vzz=   -0.8670    axis=(  0.481880 -0.127921  0.866850)
     C   17  Q=         1.0000 1e-30 m^2  Cq=        -2.0372 MHz  eta= 0.88393

     Cl  18    Vxx=    0.7993    axis=( -0.248303  0.831868  0.496328)
     Cl  18    Vyy=    1.7390    axis=( -0.889220  0.007494 -0.457419)
     Cl  18    Vzz=   -2.5383    axis=( -0.384231 -0.554923  0.737852)
     Cl  18  Q=        -8.1650 1e-30 m^2  Cq=        48.6967 MHz  eta= 0.37022

     H   19    Vxx=   -0.0533    axis=(  0.231997  0.630396  0.740796)
     H   19    Vyy=   -0.4958    axis=( -0.916568 -0.113329  0.383484)
     H   19    Vzz=    0.5491    axis=(  0.325701 -0.767957  0.551509)
     H   19  Q=         1.0000 1e-30 m^2  Cq=         1.2903 MHz  eta= 0.80579

     C   20    Vxx=   -0.0341    axis=( -0.169818  0.442075  0.880756)
     C   20    Vyy=   -0.9287    axis=( -0.576366  0.680386 -0.452633)
     C   20    Vzz=    0.9628    axis=( -0.799352 -0.584503  0.139256)
     C   20  Q=         1.0000 1e-30 m^2  Cq=         2.2623 MHz  eta= 0.92907

     H   21    Vxx=   -0.0004    axis=(  0.257299 -0.898693 -0.355173)
     H   21    Vyy=   -0.6242    axis=(  0.479404  0.437840 -0.760571)
     H   21    Vzz=    0.6246    axis=(  0.839028  0.025423  0.543493)
     H   21  Q=         1.0000 1e-30 m^2  Cq=         1.4675 MHz  eta= 0.99879

     C   22    Vxx=   -0.1472    axis=(  0.268068  0.534972  0.801215)
     C   22    Vyy=   -0.2055    axis=( -0.920802  0.386840  0.049785)
     C   22    Vzz=    0.3527    axis=( -0.283308 -0.751106  0.596302)
     C   22  Q=         1.0000 1e-30 m^2  Cq=         0.8288 MHz  eta= 0.16531

     C   23    Vxx=   -0.0553    axis=( -0.488682  0.319495  0.811857)
     C   23    Vyy=   -1.0623    axis=( -0.525972  0.634541 -0.566314)
     C   23    Vzz=    1.1176    axis=( -0.696091 -0.703762 -0.142043)
     C   23  Q=         1.0000 1e-30 m^2  Cq=         2.6260 MHz  eta= 0.90098

     Cl  24    Vxx=   -1.1622    axis=( -0.049519 -0.591015 -0.805139)
     Cl  24    Vyy=   -1.7484    axis=( -0.553139  0.687441 -0.470598)
     Cl  24    Vzz=    2.9106    axis=(  0.831616  0.422050 -0.360955)
     Cl  24  Q=        -8.1650 1e-30 m^2  Cq=       -55.8377 MHz  eta= 0.20141

     Initialization:
     gipaw_setup  :      9.18s CPU     10.92s WALL (       1 calls)

     Linear response

     Apply operators

     Induced current

     Other routines
     efg          :      9.20s CPU     11.54s WALL (       1 calls)

     General routines
     calbec       :      3.18s CPU      4.11s WALL (      16 calls)
     fft          :      1.44s CPU      2.06s WALL (      15 calls)
     ffts         :      0.04s CPU      0.04s WALL (       2 calls)
     fftw         :      3.31s CPU      3.96s WALL (     672 calls)
     davcio       :      0.03s CPU      0.32s WALL (      32 calls)

     Parallel routines
     fft_scatter  :      1.99s CPU      3.14s WALL (     689 calls)

     Plugins

     GIPAW        :     60.43s CPU     71.32s WALL (       1 calls)
