
     Program QE v.6.0 (svn rev. 13079) starts on 31Dec2016 at  9:26:36 

     This program is part of the open-source Quantum ESPRESSO suite
     for quantum simulation of materials; please cite
         "P. Giannozzi et al., J. Phys.:Condens. Matter 21 395502 (2009);
          URL http://www.quantum-espresso.org", 
     in publications or presentations arising from this work. More details at
     http://www.quantum-espresso.org/quote

     Parallel version (MPI), running on     8 processors
     R & G space division:  proc/nbgrp/npool/nimage =       8

     ***** This is GIPAW svn revision unknown      *****

     Parallelizing q-star over 1 images

     Reading data from directory:
     /users/majewski/paradichlorobenzene/pbe/9_constraint/scratch/pbe.ecut100.np8.dt60.pcl2phi-129368.save
     Message from routine read_xml_file:
     file /users/majewski/paradichlorobenzene/pbe/9_constraint/scratch/pbe.ecut100.np8.dt60.pcl2phi-129368.save not guaranteed to be safe for post-processing

   Info: using nr1, nr2, nr3 values from input

   Info: using nr1, nr2, nr3 values from input

     IMPORTANT: XC functional enforced from input :
     Exchange-correlation      =  SLA  PW   PBX  PBC ( 1  4  3  4 0 0)
     Any further DFT definition will be discarded
     Please, verify this is what you really want

               file C.pbe-n-kjpaw_psl.1.0.0.UPF: wavefunction(s)  2S 2P renormalized
               file Cl.pbe-n-kjpaw_psl.1.0.0.UPF: wavefunction(s)  3S 3P renormalized
               file H.pbe-kjpaw_psl.1.0.0.UPF: wavefunction(s)  1S renormalized

     Parallelization info
     --------------------
     sticks:   dense  smooth     PW     G-vecs:    dense   smooth      PW
     Min        3057    1223    332               144436    36536    5170
     Max        3059    1225    333               144437    36537    5171
     Sum       24467    9791   2657              1155489   292295   41363


     Subspace diagonalization in iterative solution of the eigenvalue problem:
     a serial algorithm will be used

     GIPAW projectors -----------------------------------------------
     atom=  C    l=0  rc=    1.2000  rs=    0.8000
     atom=  C    l=0  rc=    1.2000  rs=    0.8000
     atom=  C    l=1  rc=    1.4000  rs=    0.9333
     atom=  C    l=1  rc=    1.4000  rs=    0.9333
     projs nearly linearly dependent: l=1  n1,n2= 1, 2  s=  0.99951561

     atom=  Cl   l=0  rc=    1.6000  rs=    1.0667
     atom=  Cl   l=0  rc=    1.6000  rs=    1.0667
     atom=  Cl   l=1  rc=    1.6000  rs=    1.0667
     atom=  Cl   l=1  rc=    1.6000  rs=    1.0667
     atom=  Cl   l=2  rc=    1.6000  rs=    1.0667
     atom=  Cl   l=2  rc=    1.6000  rs=    1.0667
     projs nearly linearly dependent: l=2  n1,n2= 1, 2  s=  0.99993509

     atom=  H    l=0  rc=    1.0000  rs=    0.6667
     atom=  H    l=0  rc=    1.0000  rs=    0.6667
     projs nearly linearly dependent: l=0  n1,n2= 1, 2  s=  0.99968852
     -----------------------------------------------------------------

     GIPAW integrals: -------------------------------------------
     Atom  i/j   nmr_para   nmr_dia   epr_rmc  epr_para   epr_dia
       C   1 1   0.83E+03  0.17E-01  0.93E+01  0.24E+08  0.24E+03
       C   2 1   0.86E+03 -0.61E-01  0.94E+01  0.25E+08  0.25E+03
       C   2 2   0.90E+03 -0.15E+00  0.97E+01  0.26E+08  0.26E+03
       C   3 3   0.33E+01  0.34E+00  0.18E+01  0.55E+03  0.21E+02
       C   4 3   0.35E+01  0.37E+00  0.20E+01  0.59E+03  0.22E+02
       C   4 4   0.38E+01  0.39E+00  0.22E+01  0.63E+03  0.24E+02
       Cl  1 1   0.14E+04 -0.47E+00  0.84E+01  0.32E+09  0.42E+03
       Cl  2 1   0.21E+04 -0.37E+00  0.12E+02  0.49E+09  0.65E+03
       Cl  2 2   0.33E+04 -0.16E+00  0.21E+02  0.76E+09  0.10E+04
       Cl  3 3   0.21E+02  0.79E-01  0.89E+01  0.23E+05  0.13E+03
       Cl  4 3   0.24E+02  0.67E-01  0.99E+01  0.27E+05  0.15E+03
       Cl  4 4   0.28E+02  0.44E-01  0.11E+02  0.32E+05  0.18E+03
       Cl  5 5   0.77E+00  0.19E+00  0.18E+01  0.12E+03  0.22E+02
       Cl  6 5   0.80E+00  0.19E+00  0.19E+01  0.12E+03  0.23E+02
       Cl  6 6   0.83E+00  0.20E+00  0.19E+01  0.12E+03  0.23E+02
       H   1 1   0.39E+02  0.19E+00  0.29E+00  0.78E+05  0.13E+02
       H   2 1   0.41E+02  0.21E+00  0.32E+00  0.82E+05  0.14E+02
       H   2 2   0.43E+02  0.22E+00  0.36E+00  0.86E+05  0.15E+02
     ------------------------------------------------------------

     alpha_pv=     34.5863 eV

     Number of occupied bands for each k-point:
     k-point:     1    nbnd_occ=  42
     k-point:     2    nbnd_occ=  42
     k-point:     3    nbnd_occ=  42
     k-point:     4    nbnd_occ=  42
     k-point:     5    nbnd_occ=  42
     k-point:     6    nbnd_occ=  42
     k-point:     7    nbnd_occ=  42
     k-point:     8    nbnd_occ=  42
     k-point:     9    nbnd_occ=  42
     k-point:    10    nbnd_occ=  42
     k-point:    11    nbnd_occ=  42
     k-point:    12    nbnd_occ=  42
     k-point:    13    nbnd_occ=  42
     k-point:    14    nbnd_occ=  42
     k-point:    15    nbnd_occ=  42
     k-point:    16    nbnd_occ=  42


     q-space interpolation up to   110.00 Rydberg

     GIPAW job: efg                                                                             


     ELECTRIC FIELD GRADIENTS TENSORS IN Hartree/bohrradius^2:

     ----- bare term -----
     Cl   1       -0.156033        0.338247       -0.051975
     Cl   1        0.338247       -0.078095        0.009573
     Cl   1       -0.051975        0.009573        0.234128

     C    2        0.021977       -0.444257       -0.456687
     C    2       -0.444257       -0.083046       -0.712006
     C    2       -0.456687       -0.712006        0.061069

     C    3       -0.388073        0.348101        0.099468
     C    3        0.348101       -0.010380       -0.354712
     C    3        0.099468       -0.354712        0.398453

     H    4       -0.238904       -0.456004       -0.155761
     H    4       -0.456004       -0.051961        0.163179
     H    4       -0.155761        0.163179        0.290865

     C    5       -0.135293       -0.343352       -0.396106
     C    5       -0.343352        0.008236       -0.555091
     C    5       -0.396106       -0.555091        0.127057

     H    6        0.389797        0.168412       -0.039318
     H    6        0.168412       -0.742814       -0.232471
     H    6       -0.039318       -0.232471        0.353017

     H    7       -0.032504        0.004493        0.379527
     H    7        0.004493        0.160328        0.333117
     H    7        0.379527        0.333117       -0.127823

     C    8       -0.303766        0.010214       -0.285939
     C    8        0.010214        0.294571       -0.077908
     C    8       -0.285939       -0.077908        0.009195

     H    9        0.219469        0.040994       -0.166184
     H    9        0.040994        0.271592       -0.247707
     H    9       -0.166184       -0.247707       -0.491061

     C   10        0.184210       -0.086555        0.267888
     C   10       -0.086555       -0.169265        0.008646
     C   10        0.267888        0.008646       -0.014945

     C   11       -0.143035       -0.032362       -0.376280
     C   11       -0.032362        0.117778        0.051472
     C   11       -0.376280        0.051472        0.025257

     Cl  12       -0.055615        0.029321        0.145054
     Cl  12        0.029321       -0.008287       -0.171622
     Cl  12        0.145054       -0.171622        0.063902

     H   13       -0.081088       -0.282870        0.070141
     H   13       -0.282870       -0.330678       -0.373179
     H   13        0.070141       -0.373179        0.411766

     C   14       -0.287050        0.412675       -0.262192
     C   14        0.412675       -0.129320       -0.071590
     C   14       -0.262192       -0.071590        0.416370

     H   15       -0.612766        0.088582        0.065040
     H   15        0.088582        0.288723       -0.247683
     H   15        0.065040       -0.247683        0.324043

     C   16        0.050354       -0.251385       -0.303058
     C   16       -0.251385       -0.298741       -0.546434
     C   16       -0.303058       -0.546434        0.248387

     C   17       -0.649917        0.448368       -0.299282
     C   17        0.448368        0.171124       -0.090123
     C   17       -0.299282       -0.090123        0.478792

     Cl  18        0.007856        0.065542        0.114055
     Cl  18        0.065542       -0.045124       -0.080478
     Cl  18        0.114055       -0.080478        0.037269

     H   19        0.255407        0.408477       -0.125665
     H   19        0.408477       -0.541228        0.411593
     H   19       -0.125665        0.411593        0.285821

     C   20       -0.019050       -0.487679       -0.027577
     C   20       -0.487679       -0.226331        0.398023
     C   20       -0.027577        0.398023        0.245381

     H   21        0.127197        0.102239       -0.383853
     H   21        0.102239        0.471343        0.154725
     H   21       -0.383853        0.154725       -0.598539

     C   22       -0.564336       -0.284432       -0.238682
     C   22       -0.284432        0.088340        0.131638
     C   22       -0.238682        0.131638        0.475996

     C   23        0.088579       -0.523520        0.003756
     C   23       -0.523520       -0.326027        0.472727
     C   23        0.003756        0.472727        0.237448

     Cl  24       -0.071771       -0.087871        0.003682
     Cl  24       -0.087871        0.051920       -0.050272
     Cl  24        0.003682       -0.050272        0.019850

     ----- ionic term -----
     Cl   1        0.130515       -0.209616        0.032831
     Cl   1       -0.209616        0.041615       -0.009290
     Cl   1        0.032831       -0.009290       -0.172131

     C    2        0.235515       -0.132916        0.236090
     C    2       -0.132916        0.235088        0.337016
     C    2        0.236090        0.337016       -0.470603

     C    3        0.222769       -0.193754        0.126621
     C    3       -0.193754        0.242938        0.361742
     C    3        0.126621        0.361742       -0.465707

     H    4        0.803731        0.339484        0.531428
     H    4        0.339484       -0.390449        0.189360
     H    4        0.531428        0.189360       -0.413283

     C    5        0.430611       -0.127100        0.214027
     C    5       -0.127100        0.025581        0.317533
     C    5        0.214027        0.317533       -0.456192

     H    6       -0.487633        0.133024        0.069622
     H    6        0.133024        0.637974        0.704520
     H    6        0.069622        0.704520       -0.150341

     H    7       -0.513114        0.097459       -0.008675
     H    7        0.097459        0.583646       -0.724927
     H    7       -0.008675       -0.724927       -0.070531

     C    8        0.158326        0.331804        0.400234
     C    8        0.331804       -0.031840       -0.219294
     C    8        0.400234       -0.219294       -0.126486

     H    9        0.304383       -0.132956        0.804431
     H    9       -0.132956       -0.489660       -0.203017
     H    9        0.804431       -0.203017        0.185277

     C   10        0.031141        0.317797        0.263171
     C   10        0.317797        0.087145       -0.350821
     C   10        0.263171       -0.350821       -0.118286

     C   11        0.092099        0.250416        0.366893
     C   11        0.250416       -0.004612       -0.393797
     C   11        0.366893       -0.393797       -0.087487

     Cl  12        0.160119        0.217234        0.050157
     Cl  12        0.217234       -0.023206        0.015584
     Cl  12        0.050157        0.015584       -0.136912

     H   13       -0.525693        0.135994        0.062422
     H   13        0.135994        0.789283        0.617394
     H   13        0.062422        0.617394       -0.263591

     C   14        0.288067       -0.128243        0.170078
     C   14       -0.128243        0.153492        0.297174
     C   14        0.170078        0.297174       -0.441559

     H   15        0.777998        0.316473        0.518497
     H   15        0.316473       -0.412266        0.188083
     H   15        0.518497        0.188083       -0.365732

     C   16        0.159873       -0.175896        0.123133
     C   16       -0.175896        0.272722        0.379554
     C   16        0.123133        0.379554       -0.432596

     C   17        0.308515       -0.091408        0.195655
     C   17       -0.091408        0.153537        0.408347
     C   17        0.195655        0.408347       -0.462053

     Cl  18        0.129250       -0.227335       -0.044370
     Cl  18       -0.227335        0.011755        0.031145
     Cl  18       -0.044370        0.031145       -0.141004

     H   19       -0.546442       -0.105156        0.068924
     H   19       -0.105156        0.666019       -0.705735
     H   19        0.068924       -0.705735       -0.119578

     C   20        0.107229        0.216749        0.386277
     C   20        0.216749        0.050150       -0.251246
     C   20        0.386277       -0.251246       -0.157379

     H   21        0.123916       -0.105478        0.776654
     H   21       -0.105478       -0.528694       -0.178594
     H   21        0.776654       -0.178594        0.404779

     C   22       -0.023965        0.315291        0.248302
     C   22        0.315291        0.116795       -0.314488
     C   22        0.248302       -0.314488       -0.092830

     C   23        0.091101        0.359454        0.352133
     C   23        0.359454        0.030756       -0.346568
     C   23        0.352133       -0.346568       -0.121858

     Cl  24        0.117872        0.250174        0.005245
     Cl  24        0.250174        0.056828        0.000231
     Cl  24        0.005245        0.000231       -0.174700

     ----- GIPAW term -----
     Cl   1        1.786462       -1.943386       -0.635805
     Cl   1       -1.943386       -0.420499        0.313388
     Cl   1       -0.635805        0.313388       -1.365963

     C    2        0.086750       -0.283385       -0.016738
     C    2       -0.283385        0.054015       -0.119705
     C    2       -0.016738       -0.119705       -0.140765

     C    3       -0.080285       -0.102491        0.105322
     C    3       -0.102491        0.110498       -0.136548
     C    3        0.105322       -0.136548       -0.030213

     H    4       -0.000000        0.000000        0.000000
     H    4        0.000000        0.000000        0.000000
     H    4        0.000000        0.000000        0.000000

     C    5       -0.011759       -0.214288       -0.001551
     C    5       -0.214288        0.117704       -0.164357
     C    5       -0.001551       -0.164357       -0.105945

     H    6       -0.000000        0.000000        0.000000
     H    6        0.000000        0.000000        0.000000
     H    6        0.000000        0.000000        0.000000

     H    7       -0.000000        0.000000        0.000000
     H    7        0.000000        0.000000        0.000000
     H    7        0.000000        0.000000        0.000000

     C    8        0.027697       -0.020740       -0.003987
     C    8       -0.020740        0.012391       -0.036726
     C    8       -0.003987       -0.036726       -0.040088

     H    9       -0.000000        0.000000        0.000000
     H    9        0.000000        0.000000        0.000000
     H    9        0.000000        0.000000        0.000000

     C   10        0.009503        0.017577        0.037374
     C   10        0.017577       -0.000750       -0.027071
     C   10        0.037374       -0.027071       -0.008754

     C   11        0.046224       -0.037196       -0.039529
     C   11       -0.037196        0.031561        0.003255
     C   11       -0.039529        0.003255       -0.077785

     Cl  12        0.116072       -0.209112       -1.016468
     Cl  12       -0.209112        0.196099        1.275237
     Cl  12       -1.016468        1.275237       -0.312171

     H   13       -0.000000        0.000000        0.000000
     H   13        0.000000        0.000000        0.000000
     H   13        0.000000        0.000000        0.000000

     C   14        0.139880       -0.119718       -0.100992
     C   14       -0.119718       -0.054651        0.074884
     C   14       -0.100992        0.074884       -0.085229

     H   15       -0.000000        0.000000        0.000000
     H   15        0.000000        0.000000        0.000000
     H   15        0.000000        0.000000        0.000000

     C   16        0.001310       -0.152302       -0.119421
     C   16       -0.152302        0.000865        0.050296
     C   16       -0.119421        0.050296       -0.002175

     C   17       -0.056878       -0.155387       -0.084713
     C   17       -0.155387        0.134777        0.093079
     C   17       -0.084713        0.093079       -0.077899

     Cl  18       -0.184299       -1.837061       -0.531332
     Cl  18       -1.837061       -0.077433        1.555524
     Cl  18       -0.531332        1.555524        0.261732

     H   19       -0.000000        0.000000        0.000000
     H   19        0.000000        0.000000        0.000000
     H   19        0.000000        0.000000        0.000000

     C   20        0.025350       -0.251551        0.056478
     C   20       -0.251551        0.074170        0.023481
     C   20        0.056478        0.023481       -0.099520

     H   21       -0.000000        0.000000        0.000000
     H   21        0.000000        0.000000        0.000000
     H   21        0.000000        0.000000        0.000000

     C   22       -0.152834       -0.110216        0.087190
     C   22       -0.110216       -0.000961       -0.123094
     C   22        0.087190       -0.123094        0.153795

     C   23        0.177668       -0.155428        0.089336
     C   23       -0.155428       -0.044891       -0.003092
     C   23        0.089336       -0.003092       -0.132777

     Cl  24        0.980886        1.762014        0.033666
     Cl  24        1.762014        0.523052       -0.409916
     Cl  24        0.033666       -0.409916       -1.503938

     ----- total EFG -----
     Cl   1        1.760944       -1.814755       -0.654950
     Cl   1       -1.814755       -0.456979        0.313671
     Cl   1       -0.654950        0.313671       -1.303965

     C    2        0.344242       -0.860558       -0.237335
     C    2       -0.860558        0.206056       -0.494695
     C    2       -0.237335       -0.494695       -0.550298

     C    3       -0.245589        0.051856        0.331412
     C    3        0.051856        0.343056       -0.129519
     C    3        0.331412       -0.129519       -0.097467

     H    4        0.564828       -0.116520        0.375667
     H    4       -0.116520       -0.442410        0.352539
     H    4        0.375667        0.352539       -0.122418

     C    5        0.283559       -0.684741       -0.183630
     C    5       -0.684741        0.151521       -0.401916
     C    5       -0.183630       -0.401916       -0.435081

     H    6       -0.097836        0.301436        0.030304
     H    6        0.301436       -0.104839        0.472050
     H    6        0.030304        0.472050        0.202675

     H    7       -0.545619        0.101952        0.370853
     H    7        0.101952        0.743973       -0.391810
     H    7        0.370853       -0.391810       -0.198354

     C    8       -0.117742        0.321278        0.110308
     C    8        0.321278        0.275121       -0.333928
     C    8        0.110308       -0.333928       -0.157379

     H    9        0.523853       -0.091962        0.638247
     H    9       -0.091962       -0.218068       -0.450724
     H    9        0.638247       -0.450724       -0.305785

     C   10        0.224855        0.248819        0.568434
     C   10        0.248819       -0.082870       -0.369246
     C   10        0.568434       -0.369246       -0.141985

     C   11       -0.004712        0.180858       -0.048917
     C   11        0.180858        0.144726       -0.339070
     C   11       -0.048917       -0.339070       -0.140014

     Cl  12        0.220576        0.037443       -0.821258
     Cl  12        0.037443        0.164606        1.119200
     Cl  12       -0.821258        1.119200       -0.385182

     H   13       -0.606780       -0.146876        0.132563
     H   13       -0.146876        0.458605        0.244215
     H   13        0.132563        0.244215        0.148175

     C   14        0.140897        0.164714       -0.193106
     C   14        0.164714       -0.030478        0.300468
     C   14       -0.193106        0.300468       -0.110418

     H   15        0.165232        0.405055        0.583537
     H   15        0.405055       -0.123543       -0.059600
     H   15        0.583537       -0.059600       -0.041688

     C   16        0.211537       -0.579583       -0.299346
     C   16       -0.579583       -0.025153       -0.116584
     C   16       -0.299346       -0.116584       -0.186384

     C   17       -0.398280        0.201572       -0.188339
     C   17        0.201572        0.459439        0.411302
     C   17       -0.188339        0.411302       -0.061159

     Cl  18       -0.047193       -1.998855       -0.461648
     Cl  18       -1.998855       -0.110803        1.506190
     Cl  18       -0.461648        1.506190        0.157997

     H   19       -0.291034        0.303321       -0.056741
     H   19        0.303321        0.124791       -0.294142
     H   19       -0.056741       -0.294142        0.166244

     C   20        0.113529       -0.522481        0.415177
     C   20       -0.522481       -0.102011        0.170258
     C   20        0.415177        0.170258       -0.011518

     H   21        0.251113       -0.003239        0.392801
     H   21       -0.003239       -0.057352       -0.023869
     H   21        0.392801       -0.023869       -0.193761

     C   22       -0.741135       -0.079357        0.096810
     C   22       -0.079357        0.204174       -0.305944
     C   22        0.096810       -0.305944        0.536961

     C   23        0.357348       -0.319494        0.445226
     C   23       -0.319494       -0.340161        0.123068
     C   23        0.445226        0.123068       -0.017187

     Cl  24        1.026987        1.924317        0.042593
     Cl  24        1.924317        0.631800       -0.459957
     Cl  24        0.042593       -0.459957       -1.658787

     ----- total EFG (symmetrized) -----
     Cl   1        1.760944       -1.814755       -0.654950
     Cl   1       -1.814755       -0.456979        0.313671
     Cl   1       -0.654950        0.313671       -1.303965

     C    2        0.344242       -0.860558       -0.237335
     C    2       -0.860558        0.206056       -0.494695
     C    2       -0.237335       -0.494695       -0.550298

     C    3       -0.245589        0.051856        0.331412
     C    3        0.051856        0.343056       -0.129519
     C    3        0.331412       -0.129519       -0.097467

     H    4        0.564828       -0.116520        0.375667
     H    4       -0.116520       -0.442410        0.352539
     H    4        0.375667        0.352539       -0.122418

     C    5        0.283559       -0.684741       -0.183630
     C    5       -0.684741        0.151521       -0.401916
     C    5       -0.183630       -0.401916       -0.435081

     H    6       -0.097836        0.301436        0.030304
     H    6        0.301436       -0.104839        0.472050
     H    6        0.030304        0.472050        0.202675

     H    7       -0.545619        0.101952        0.370853
     H    7        0.101952        0.743973       -0.391810
     H    7        0.370853       -0.391810       -0.198354

     C    8       -0.117742        0.321278        0.110308
     C    8        0.321278        0.275121       -0.333928
     C    8        0.110308       -0.333928       -0.157379

     H    9        0.523853       -0.091962        0.638247
     H    9       -0.091962       -0.218068       -0.450724
     H    9        0.638247       -0.450724       -0.305785

     C   10        0.224855        0.248819        0.568434
     C   10        0.248819       -0.082870       -0.369246
     C   10        0.568434       -0.369246       -0.141985

     C   11       -0.004712        0.180858       -0.048917
     C   11        0.180858        0.144726       -0.339070
     C   11       -0.048917       -0.339070       -0.140014

     Cl  12        0.220576        0.037443       -0.821258
     Cl  12        0.037443        0.164606        1.119200
     Cl  12       -0.821258        1.119200       -0.385182

     H   13       -0.606780       -0.146876        0.132563
     H   13       -0.146876        0.458605        0.244215
     H   13        0.132563        0.244215        0.148175

     C   14        0.140897        0.164714       -0.193106
     C   14        0.164714       -0.030478        0.300468
     C   14       -0.193106        0.300468       -0.110418

     H   15        0.165232        0.405055        0.583537
     H   15        0.405055       -0.123543       -0.059600
     H   15        0.583537       -0.059600       -0.041688

     C   16        0.211537       -0.579583       -0.299346
     C   16       -0.579583       -0.025153       -0.116584
     C   16       -0.299346       -0.116584       -0.186384

     C   17       -0.398280        0.201572       -0.188339
     C   17        0.201572        0.459439        0.411302
     C   17       -0.188339        0.411302       -0.061159

     Cl  18       -0.047193       -1.998855       -0.461648
     Cl  18       -1.998855       -0.110803        1.506190
     Cl  18       -0.461648        1.506190        0.157997

     H   19       -0.291034        0.303321       -0.056741
     H   19        0.303321        0.124791       -0.294142
     H   19       -0.056741       -0.294142        0.166244

     C   20        0.113529       -0.522481        0.415177
     C   20       -0.522481       -0.102011        0.170258
     C   20        0.415177        0.170258       -0.011518

     H   21        0.251113       -0.003239        0.392801
     H   21       -0.003239       -0.057352       -0.023869
     H   21        0.392801       -0.023869       -0.193761

     C   22       -0.741135       -0.079357        0.096810
     C   22       -0.079357        0.204174       -0.305944
     C   22        0.096810       -0.305944        0.536961

     C   23        0.357348       -0.319494        0.445226
     C   23       -0.319494       -0.340161        0.123068
     C   23        0.445226        0.123068       -0.017187

     Cl  24        1.026987        1.924317        0.042593
     Cl  24        1.924317        0.631800       -0.459957
     Cl  24        0.042593       -0.459957       -1.658787


     NQR/NMR SPECTROSCOPIC PARAMETERS:
     Cl   1    Vxx=   -1.4002    axis=( -0.130624 -0.529944  0.837912)
     Cl   1    Vyy=   -1.5033    axis=( -0.492563 -0.698781 -0.518736)
     Cl   1    Vzz=    2.9036    axis=(  0.860418 -0.480484 -0.169753)
     Cl   1  Q=        -8.1650 1e-30 m^2  Cq=       -55.7036 MHz  eta= 0.03550

     C    2    Vxx=   -0.0555    axis=(  0.544011  0.448339 -0.709256)
     C    2    Vyy=   -1.0997    axis=(  0.448047  0.559469  0.697315)
     C    2    Vzz=    1.1552    axis=( -0.709440  0.697127 -0.103480)
     C    2  Q=         1.0000 1e-30 m^2  Cq=         2.7144 MHz  eta= 0.90383

     C    3    Vxx=    0.1465    axis=(  0.638769  0.298738  0.709035)
     C    3    Vyy=    0.3816    axis=( -0.089517  0.944141 -0.317150)
     C    3    Vzz=   -0.5282    axis=( -0.764174  0.139115  0.629830)
     C    3  Q=         1.0000 1e-30 m^2  Cq=        -1.2410 MHz  eta= 0.44514

     H    4    Vxx=    0.0117    axis=(  0.341468 -0.629454 -0.697988)
     H    4    Vyy=    0.7315    axis=( -0.909545 -0.034110 -0.414204)
     H    4    Vzz=   -0.7433    axis=(  0.236914  0.776289 -0.584164)
     H    4  Q=         1.0000 1e-30 m^2  Cq=        -1.7464 MHz  eta= 0.96845

     C    5    Vxx=   -0.0412    axis=(  0.542981  0.447994 -0.710263)
     C    5    Vyy=   -0.8789    axis=(  0.443053  0.565672  0.695499)
     C    5    Vzz=    0.9201    axis=( -0.713355  0.692327 -0.108664)
     C    5  Q=         1.0000 1e-30 m^2  Cq=         2.1620 MHz  eta= 0.91046

     H    6    Vxx=   -0.0413    axis=( -0.836857 -0.207960  0.506383)
     H    6    Vyy=   -0.5660    axis=( -0.462450  0.763567 -0.450672)
     H    6    Vzz=    0.6073    axis=(  0.292936  0.611325  0.735167)
     H    6  Q=         1.0000 1e-30 m^2  Cq=         1.4269 MHz  eta= 0.86410

     H    7    Vxx=   -0.0462    axis=( -0.608093 -0.288309 -0.739663)
     H    7    Vyy=   -0.8401    axis=( -0.793533  0.193754  0.576858)
     H    7    Vzz=    0.8863    axis=( -0.023001  0.937730 -0.346603)
     H    7  Q=         1.0000 1e-30 m^2  Cq=         2.0824 MHz  eta= 0.89577

     C    8    Vxx=   -0.0263    axis=( -0.731816  0.025559 -0.681023)
     C    8    Vyy=   -0.5193    axis=( -0.579041  0.503651  0.641130)
     C    8    Vzz=    0.5456    axis=(  0.359384  0.863529 -0.353780)
     C    8  Q=         1.0000 1e-30 m^2  Cq=         1.2820 MHz  eta= 0.90356

     H    9    Vxx=   -0.0890    axis=(  0.467052  0.820241 -0.330253)
     H    9    Vyy=   -0.8615    axis=( -0.332117  0.508875  0.794194)
     H    9    Vzz=    0.9504    axis=(  0.819488 -0.261247  0.510087)
     H    9  Q=         1.0000 1e-30 m^2  Cq=         2.2332 MHz  eta= 0.81281

     C   10    Vxx=    0.1841    axis=(  0.327846  0.856595 -0.398450)
     C   10    Vyy=    0.6392    axis=( -0.801656  0.029085 -0.597078)
     C   10    Vzz=   -0.8233    axis=( -0.499865  0.515169  0.696230)
     C   10  Q=         1.0000 1e-30 m^2  Cq=        -1.9345 MHz  eta= 0.55274

     C   11    Vxx=   -0.0655    axis=(  0.910734 -0.209635  0.355833)
     C   11    Vyy=   -0.3761    axis=( -0.177411  0.579461  0.795456)
     C   11    Vzz=    0.4416    axis=( -0.372947 -0.787577  0.490543)
     C   11  Q=         1.0000 1e-30 m^2  Cq=         1.0375 MHz  eta= 0.70353

     Cl  12    Vxx=    0.2366    axis=(  0.803128  0.595697  0.011464)
     Cl  12    Vyy=    1.2954    axis=(  0.465167 -0.614890 -0.636813)
     Cl  12    Vzz=   -1.5320    axis=( -0.372298  0.516775 -0.770933)
     Cl  12  Q=        -8.1650 1e-30 m^2  Cq=        29.3908 MHz  eta= 0.69109

     H   13    Vxx=    0.0654    axis=( -0.264831  0.435434 -0.860385)
     H   13    Vyy=    0.5964    axis=(  0.056675 -0.883671 -0.464664)
     H   13    Vzz=   -0.6618    axis=( -0.962628 -0.171820  0.209345)
     H   13  Q=         1.0000 1e-30 m^2  Cq=        -1.5550 MHz  eta= 0.80241

     C   14    Vxx=    0.2319    axis=( -0.210577 -0.790562 -0.575039)
     C   14    Vyy=    0.2457    axis=(  0.900876  0.071469 -0.428153)
     C   14    Vzz=   -0.4777    axis=(  0.379579 -0.608197  0.697148)
     C   14  Q=         1.0000 1e-30 m^2  Cq=        -1.1224 MHz  eta= 0.02887

     H   15    Vxx=   -0.0397    axis=( -0.080275 -0.805409  0.587258)
     H   15    Vyy=   -0.7075    axis=(  0.629751 -0.497661 -0.596446)
     H   15    Vzz=    0.7473    axis=(  0.772638  0.321947  0.547157)
     H   15  Q=         1.0000 1e-30 m^2  Cq=         1.7557 MHz  eta= 0.89370

     C   16    Vxx=   -0.0472    axis=( -0.187800 -0.515619  0.835983)
     C   16    Vyy=   -0.6674    axis=(  0.587012  0.623480  0.516421)
     C   16    Vzz=    0.7146    axis=( -0.787495  0.587716  0.185585)
     C   16  Q=         1.0000 1e-30 m^2  Cq=         1.6791 MHz  eta= 0.86782

     C   17    Vxx=   -0.0787    axis=(  0.621555  0.315266 -0.717131)
     C   17    Vyy=   -0.6144    axis=( -0.778893  0.346457 -0.522775)
     C   17    Vzz=    0.6931    axis=( -0.083642 -0.883501 -0.460901)
     C   17  Q=         1.0000 1e-30 m^2  Cq=         1.6285 MHz  eta= 0.77279

     Cl  18    Vxx=   -0.3580    axis=(  0.591846 -0.092896  0.800680)
     Cl  18    Vyy=   -2.3510    axis=(  0.576531  0.742996 -0.339956)
     Cl  18    Vzz=    2.7090    axis=( -0.563321  0.662818  0.493296)
     Cl  18  Q=        -8.1650 1e-30 m^2  Cq=       -51.9702 MHz  eta= 0.73570

     H   19    Vxx=   -0.0559    axis=(  0.442937  0.484424  0.754414)
     H   19    Vyy=   -0.4653    axis=( -0.841755  0.514368  0.163932)
     H   19    Vzz=    0.5213    axis=( -0.308634 -0.707643  0.635599)
     H   19  Q=         1.0000 1e-30 m^2  Cq=         1.2248 MHz  eta= 0.78536

     C   20    Vxx=    0.1193    axis=( -0.008448  0.622161  0.782843)
     C   20    Vyy=    0.6298    axis=( -0.790915  0.474873 -0.385939)
     C   20    Vzz=   -0.7491    axis=( -0.611868 -0.622423  0.488065)
     C   20  Q=         1.0000 1e-30 m^2  Cq=        -1.7602 MHz  eta= 0.68147

     H   21    Vxx=   -0.0568    axis=(  0.049894  0.998277 -0.030876)
     H   21    Vyy=   -0.4237    axis=( -0.502197  0.051798  0.863201)
     H   21    Vzz=    0.4805    axis=(  0.863313 -0.027563  0.503916)
     H   21  Q=         1.0000 1e-30 m^2  Cq=         1.1290 MHz  eta= 0.76368

     C   22    Vxx=    0.0227    axis=( -0.023846  0.857168  0.514485)
     C   22    Vyy=    0.7293    axis=(  0.083904 -0.511099  0.855417)
     C   22    Vzz=   -0.7520    axis=( -0.996188 -0.063566  0.059733)
     C   22  Q=         1.0000 1e-30 m^2  Cq=        -1.7669 MHz  eta= 0.93950

     C   23    Vxx=   -0.0714    axis=(  0.265331 -0.643944 -0.717590)
     C   23    Vyy=   -0.6227    axis=(  0.463463  0.737823 -0.490734)
     C   23    Vzz=    0.6941    axis=( -0.845460  0.202369 -0.494211)
     C   23  Q=         1.0000 1e-30 m^2  Cq=         1.6308 MHz  eta= 0.79434

     Cl  24    Vxx=   -0.9239    axis=( -0.625902  0.644267 -0.439507)
     Cl  24    Vyy=   -1.8573    axis=( -0.255470  0.363082  0.896051)
     Cl  24    Vzz=    2.7812    axis=(  0.736873  0.673120 -0.062663)
     Cl  24  Q=        -8.1650 1e-30 m^2  Cq=       -53.3558 MHz  eta= 0.33562

     Initialization:
     gipaw_setup  :      9.08s CPU     10.69s WALL (       1 calls)

     Linear response

     Apply operators

     Induced current

     Other routines
     efg          :      9.09s CPU     11.31s WALL (       1 calls)

     General routines
     calbec       :      3.09s CPU      3.80s WALL (      16 calls)
     fft          :      1.27s CPU      1.51s WALL (      15 calls)
     ffts         :      0.03s CPU      0.04s WALL (       2 calls)
     fftw         :      3.21s CPU      3.87s WALL (     672 calls)
     davcio       :      0.02s CPU      0.33s WALL (      32 calls)

     Parallel routines
     fft_scatter  :      1.81s CPU      2.46s WALL (     689 calls)

     Plugins

     GIPAW        :     61.52s CPU     74.74s WALL (       1 calls)
