
     Program QE v.6.0 (svn rev. 13079) starts on  3Jan2017 at 23:13:50 

     This program is part of the open-source Quantum ESPRESSO suite
     for quantum simulation of materials; please cite
         "P. Giannozzi et al., J. Phys.:Condens. Matter 21 395502 (2009);
          URL http://www.quantum-espresso.org", 
     in publications or presentations arising from this work. More details at
     http://www.quantum-espresso.org/quote

     Parallel version (MPI), running on     8 processors
     R & G space division:  proc/nbgrp/npool/nimage =       8

     ***** This is GIPAW svn revision unknown      *****

     Parallelizing q-star over 1 images

     Reading data from directory:
     /users/majewski/paradichlorobenzene/pbe/9_constraint/scratch/pbe.ecut100.np8.dt60.pcl2phi-129368.save
     Message from routine read_xml_file:
     file /users/majewski/paradichlorobenzene/pbe/9_constraint/scratch/pbe.ecut100.np8.dt60.pcl2phi-129368.save not guaranteed to be safe for post-processing

   Info: using nr1, nr2, nr3 values from input

   Info: using nr1, nr2, nr3 values from input

     IMPORTANT: XC functional enforced from input :
     Exchange-correlation      =  SLA  PW   PBX  PBC ( 1  4  3  4 0 0)
     Any further DFT definition will be discarded
     Please, verify this is what you really want

               file C.pbe-n-kjpaw_psl.1.0.0.UPF: wavefunction(s)  2S 2P renormalized
               file Cl.pbe-n-kjpaw_psl.1.0.0.UPF: wavefunction(s)  3S 3P renormalized
               file H.pbe-kjpaw_psl.1.0.0.UPF: wavefunction(s)  1S renormalized

     Parallelization info
     --------------------
     sticks:   dense  smooth     PW     G-vecs:    dense   smooth      PW
     Min        3057    1223    332               144436    36536    5170
     Max        3059    1225    333               144437    36537    5171
     Sum       24467    9791   2657              1155489   292295   41363


     Subspace diagonalization in iterative solution of the eigenvalue problem:
     a serial algorithm will be used

     GIPAW projectors -----------------------------------------------
     atom=  C    l=0  rc=    1.2000  rs=    0.8000
     atom=  C    l=0  rc=    1.2000  rs=    0.8000
     atom=  C    l=1  rc=    1.4000  rs=    0.9333
     atom=  C    l=1  rc=    1.4000  rs=    0.9333
     projs nearly linearly dependent: l=1  n1,n2= 1, 2  s=  0.99951561

     atom=  Cl   l=0  rc=    1.6000  rs=    1.0667
     atom=  Cl   l=0  rc=    1.6000  rs=    1.0667
     atom=  Cl   l=1  rc=    1.6000  rs=    1.0667
     atom=  Cl   l=1  rc=    1.6000  rs=    1.0667
     atom=  Cl   l=2  rc=    1.6000  rs=    1.0667
     atom=  Cl   l=2  rc=    1.6000  rs=    1.0667
     projs nearly linearly dependent: l=2  n1,n2= 1, 2  s=  0.99993509

     atom=  H    l=0  rc=    1.0000  rs=    0.6667
     atom=  H    l=0  rc=    1.0000  rs=    0.6667
     projs nearly linearly dependent: l=0  n1,n2= 1, 2  s=  0.99968852
     -----------------------------------------------------------------

     GIPAW integrals: -------------------------------------------
     Atom  i/j   nmr_para   nmr_dia   epr_rmc  epr_para   epr_dia
       C   1 1   0.83E+03  0.17E-01  0.93E+01  0.24E+08  0.24E+03
       C   2 1   0.86E+03 -0.61E-01  0.94E+01  0.25E+08  0.25E+03
       C   2 2   0.90E+03 -0.15E+00  0.97E+01  0.26E+08  0.26E+03
       C   3 3   0.33E+01  0.34E+00  0.18E+01  0.55E+03  0.21E+02
       C   4 3   0.35E+01  0.37E+00  0.20E+01  0.59E+03  0.22E+02
       C   4 4   0.38E+01  0.39E+00  0.22E+01  0.63E+03  0.24E+02
       Cl  1 1   0.14E+04 -0.47E+00  0.84E+01  0.32E+09  0.42E+03
       Cl  2 1   0.21E+04 -0.37E+00  0.12E+02  0.49E+09  0.65E+03
       Cl  2 2   0.33E+04 -0.16E+00  0.21E+02  0.76E+09  0.10E+04
       Cl  3 3   0.21E+02  0.79E-01  0.89E+01  0.23E+05  0.13E+03
       Cl  4 3   0.24E+02  0.67E-01  0.99E+01  0.27E+05  0.15E+03
       Cl  4 4   0.28E+02  0.44E-01  0.11E+02  0.32E+05  0.18E+03
       Cl  5 5   0.77E+00  0.19E+00  0.18E+01  0.12E+03  0.22E+02
       Cl  6 5   0.80E+00  0.19E+00  0.19E+01  0.12E+03  0.23E+02
       Cl  6 6   0.83E+00  0.20E+00  0.19E+01  0.12E+03  0.23E+02
       H   1 1   0.39E+02  0.19E+00  0.29E+00  0.78E+05  0.13E+02
       H   2 1   0.41E+02  0.21E+00  0.32E+00  0.82E+05  0.14E+02
       H   2 2   0.43E+02  0.22E+00  0.36E+00  0.86E+05  0.15E+02
     ------------------------------------------------------------

     alpha_pv=     34.2129 eV

     Number of occupied bands for each k-point:
     k-point:     1    nbnd_occ=  42
     k-point:     2    nbnd_occ=  42
     k-point:     3    nbnd_occ=  42
     k-point:     4    nbnd_occ=  42
     k-point:     5    nbnd_occ=  42
     k-point:     6    nbnd_occ=  42
     k-point:     7    nbnd_occ=  42
     k-point:     8    nbnd_occ=  42
     k-point:     9    nbnd_occ=  42
     k-point:    10    nbnd_occ=  42
     k-point:    11    nbnd_occ=  42
     k-point:    12    nbnd_occ=  42
     k-point:    13    nbnd_occ=  42
     k-point:    14    nbnd_occ=  42
     k-point:    15    nbnd_occ=  42
     k-point:    16    nbnd_occ=  42


     q-space interpolation up to   110.00 Rydberg

     GIPAW job: efg                                                                             


     ELECTRIC FIELD GRADIENTS TENSORS IN Hartree/bohrradius^2:

     ----- bare term -----
     Cl   1        0.005500        0.099183       -0.016599
     Cl   1        0.099183        0.044969        0.008545
     Cl   1       -0.016599        0.008545       -0.050469

     C    2       -0.796814        0.367589       -0.309775
     C    2        0.367589        0.287789       -0.016937
     C    2       -0.309775       -0.016937        0.509025

     C    3        0.140132        0.283672       -0.021562
     C    3        0.283672       -0.549951       -0.436973
     C    3       -0.021562       -0.436973        0.409819

     H    4       -0.367246        0.139949       -0.369215
     H    4        0.139949       -0.000083       -0.371151
     H    4       -0.369215       -0.371151        0.367329

     C    5       -0.868504        0.304524       -0.412709
     C    5        0.304524        0.362278       -0.096950
     C    5       -0.412709       -0.096950        0.506225

     H    6        0.398378       -0.006287       -0.238480
     H    6       -0.006287       -0.545543       -0.412246
     H    6       -0.238480       -0.412246        0.147165

     H    7        0.391966        0.197191        0.034889
     H    7        0.197191       -0.661071       -0.198750
     H    7        0.034889       -0.198750        0.269105

     C    8        0.088682        0.127912       -0.022957
     C    8        0.127912       -0.188381       -0.123350
     C    8       -0.022957       -0.123350        0.099700

     H    9       -0.223859        0.359242        0.169619
     H    9        0.359242        0.019521       -0.173309
     H    9        0.169619       -0.173309        0.204338

     C   10        0.082317       -0.068771        0.235818
     C   10       -0.068771       -0.075754       -0.184600
     C   10        0.235818       -0.184600       -0.006563

     C   11        0.021910        0.152362       -0.123807
     C   11        0.152362        0.014280        0.103722
     C   11       -0.123807        0.103722       -0.036191

     Cl  12       -0.012470       -0.315621       -0.037952
     Cl  12       -0.315621        0.059152       -0.210048
     Cl  12       -0.037952       -0.210048       -0.046682

     H   13        0.297603        0.099236        0.206463
     H   13        0.099236       -0.062556       -0.481275
     H   13        0.206463       -0.481275       -0.235047

     C   14        0.195574       -0.015535       -0.018396
     C   14       -0.015535       -0.243503       -0.281142
     C   14       -0.018396       -0.281142        0.047929

     H   15        0.110835       -0.102977       -0.325923
     H   15       -0.102977        0.336773       -0.264090
     H   15       -0.325923       -0.264090       -0.447608

     C   16       -0.300211        0.254798       -0.178007
     C   16        0.254798        0.393360       -0.166943
     C   16       -0.178007       -0.166943       -0.093149

     C   17        0.332125        0.078205       -0.086946
     C   17        0.078205       -0.556226       -0.509860
     C   17       -0.086946       -0.509860        0.224101

     Cl  18       -0.114373        0.200474       -0.003282
     Cl  18        0.200474       -0.017479       -0.014453
     Cl  18       -0.003282       -0.014453        0.131852

     H   19        0.046318        0.079213       -0.189262
     H   19        0.079213       -0.309586        0.507903
     H   19       -0.189262        0.507903        0.263267

     C   20       -0.524627       -0.310974       -0.082646
     C   20       -0.310974        0.163573        0.312036
     C   20       -0.082646        0.312036        0.361054

     H   21       -0.627081        0.216480        0.159097
     H   21        0.216480        0.427292        0.118372
     H   21        0.159097        0.118372        0.199788

     C   22        0.037810        0.212676       -0.374461
     C   22        0.212676       -0.179005        0.599463
     C   22       -0.374461        0.599463        0.141195

     C   23       -0.464675       -0.383196       -0.312677
     C   23       -0.383196        0.151797        0.259660
     C   23       -0.312677        0.259660        0.312878

     Cl  24       -0.024183        0.125820       -0.007521
     Cl  24        0.125820        0.043578        0.113870
     Cl  24       -0.007521        0.113870       -0.019395

     ----- ionic term -----
     Cl   1        0.135677       -0.232527        0.071321
     Cl   1       -0.232527        0.035093       -0.037385
     Cl   1        0.071321       -0.037385       -0.170771

     C    2        0.047932       -0.244405        0.382625
     C    2       -0.244405        0.178023        0.354722
     C    2        0.382625        0.354722       -0.225956

     C    3        0.147003       -0.288708        0.234828
     C    3       -0.288708        0.195711        0.342835
     C    3        0.234828        0.342835       -0.342715

     H    4        0.592104        0.168886        0.730742
     H    4        0.168886       -0.441899        0.177573
     H    4        0.730742        0.177573       -0.150205

     C    5        0.261218       -0.196936        0.291176
     C    5       -0.196936        0.073448        0.290770
     C    5        0.291176        0.290770       -0.334666

     H    6       -0.507842        0.027452        0.007480
     H    6        0.027452        0.742420        0.659003
     H    6        0.007480        0.659003       -0.234578

     H    7       -0.537678       -0.061550        0.012056
     H    7       -0.061550        0.725438       -0.664624
     H    7        0.012056       -0.664624       -0.187760

     C    8        0.319544        0.135573        0.102478
     C    8        0.135573        0.142245       -0.313955
     C    8        0.102478       -0.313955       -0.461790

     H    9        0.856434       -0.415575        0.389119
     H    9       -0.415575       -0.340353       -0.180383
     H    9        0.389119       -0.180383       -0.516081

     C   10        0.197441        0.167833        0.058487
     C   10        0.167833        0.284149       -0.383303
     C   10        0.058487       -0.383303       -0.481590

     C   11        0.290541        0.106378        0.115063
     C   11        0.106378        0.232703       -0.343779
     C   11        0.115063       -0.343779       -0.523244

     Cl  12        0.137476        0.210937       -0.005307
     Cl  12        0.210937        0.042110       -0.017096
     Cl  12       -0.005307       -0.017096       -0.179586

     H   13       -0.514956       -0.148009       -0.055283
     H   13       -0.148009        0.583173        0.720817
     H   13       -0.055283        0.720817       -0.068217

     C   14        0.168018       -0.253859        0.318820
     C   14       -0.253859        0.000970        0.283748
     C   14        0.318820        0.283748       -0.168989

     H   15        0.396136        0.268854        0.842617
     H   15        0.268854       -0.513123        0.273770
     H   15        0.842617        0.273770        0.116987

     C   16        0.070542       -0.231100        0.244540
     C   16       -0.231100        0.061582        0.411651
     C   16        0.244540        0.411651       -0.132124

     C   17        0.144293       -0.158967        0.262896
     C   17       -0.158967        0.036949        0.469636
     C   17        0.262896        0.469636       -0.181242

     Cl  18        0.116846       -0.189185       -0.006077
     Cl  18       -0.189185        0.010564        0.002841
     Cl  18       -0.006077        0.002841       -0.127410

     H   19       -0.473584       -0.195778        0.079321
     H   19       -0.195778        0.814941       -0.561025
     H   19        0.079321       -0.561025       -0.341358

     C   20        0.426407        0.107656        0.083468
     C   20        0.107656        0.116090       -0.269023
     C   20        0.083468       -0.269023       -0.542496

     H   21        0.781768       -0.531468        0.256897
     H   21       -0.531468       -0.250601       -0.160506
     H   21        0.256897       -0.160506       -0.531167

     C   22        0.275429        0.136081        0.037520
     C   22        0.136081        0.249864       -0.300567
     C   22        0.037520       -0.300567       -0.525293

     C   23        0.353984        0.036406        0.180306
     C   23        0.036406        0.143114       -0.281684
     C   23        0.180306       -0.281684       -0.497098

     Cl  24        0.158297        0.208632        0.014344
     Cl  24        0.208632       -0.026933       -0.001059
     Cl  24        0.014344       -0.001059       -0.131364

     ----- GIPAW term -----
     Cl   1        0.468484        0.393929       -0.077469
     Cl   1        0.393929        2.190794        0.004503
     Cl   1       -0.077469        0.004503       -2.659278

     C    2       -0.158984        0.041646        0.028102
     C    2        0.041646        0.095502        0.186386
     C    2        0.028102        0.186386        0.063481

     C    3       -0.087127        0.054453        0.050752
     C    3        0.054453       -0.000130        0.176582
     C    3        0.050752        0.176582        0.087258

     H    4       -0.000000        0.000000        0.000000
     H    4        0.000000        0.000000        0.000000
     H    4        0.000000        0.000000        0.000000

     C    5       -0.136367        0.055188        0.022021
     C    5        0.055188        0.046127        0.108391
     C    5        0.022021        0.108391        0.090240

     H    6       -0.000000        0.000000        0.000000
     H    6        0.000000        0.000000        0.000000
     H    6        0.000000        0.000000        0.000000

     H    7       -0.000000        0.000000        0.000000
     H    7        0.000000        0.000000        0.000000
     H    7        0.000000        0.000000        0.000000

     C    8        0.019577        0.011864        0.009676
     C    8        0.011864       -0.003869       -0.014272
     C    8        0.009676       -0.014272       -0.015708

     H    9       -0.000000        0.000000        0.000000
     H    9        0.000000        0.000000        0.000000
     H    9        0.000000        0.000000        0.000000

     C   10        0.023112        0.009713        0.024153
     C   10        0.009713        0.006729       -0.037827
     C   10        0.024153       -0.037827       -0.029841

     C   11        0.014380        0.031018       -0.006227
     C   11        0.031018       -0.009017       -0.000803
     C   11       -0.006227       -0.000803       -0.005363

     Cl  12       -0.763365        0.370355        0.206655
     Cl  12        0.370355       -0.399117        1.182117
     Cl  12        0.206655        1.182117        1.162482

     H   13       -0.000000        0.000000        0.000000
     H   13        0.000000        0.000000        0.000000
     H   13        0.000000        0.000000        0.000000

     C   14       -0.005558       -0.027305        0.008654
     C   14       -0.027305       -0.019209        0.070193
     C   14        0.008654        0.070193        0.024767

     H   15       -0.000000        0.000000        0.000000
     H   15        0.000000        0.000000        0.000000
     H   15        0.000000        0.000000        0.000000

     C   16       -0.020400        0.010657        0.008407
     C   16        0.010657        0.041493       -0.006749
     C   16        0.008407       -0.006749       -0.021093

     C   17       -0.013013       -0.017452        0.028708
     C   17       -0.017452        0.003362        0.103972
     C   17        0.028708        0.103972        0.009651

     Cl  18       -0.897447       -0.404780        0.600339
     Cl  18       -0.404780       -0.109290        1.997315
     Cl  18        0.600339        1.997315        1.006737

     H   19       -0.000000        0.000000        0.000000
     H   19        0.000000        0.000000        0.000000
     H   19        0.000000        0.000000        0.000000

     C   20       -0.074804        0.136955        0.073928
     C   20        0.136955        0.144120        0.107923
     C   20        0.073928        0.107923       -0.069315

     H   21       -0.000000        0.000000        0.000000
     H   21        0.000000        0.000000        0.000000
     H   21        0.000000        0.000000        0.000000

     C   22        0.018165        0.229442       -0.109068
     C   22        0.229442        0.079552        0.042595
     C   22       -0.109068        0.042595       -0.097717

     C   23       -0.122904       -0.024341       -0.046837
     C   23       -0.024341        0.176558        0.140542
     C   23       -0.046837        0.140542       -0.053655

     Cl  24        0.714909        2.991798        0.326657
     Cl  24        2.991798        0.699688        1.336571
     Cl  24        0.326657        1.336571       -1.414597

     ----- total EFG -----
     Cl   1        0.609662        0.260585       -0.022747
     Cl   1        0.260585        2.270856       -0.024337
     Cl   1       -0.022747       -0.024337       -2.880518

     C    2       -0.907866        0.164831        0.100952
     C    2        0.164831        0.561315        0.524171
     C    2        0.100952        0.524171        0.346551

     C    3        0.200008        0.049417        0.264018
     C    3        0.049417       -0.354370        0.082444
     C    3        0.264018        0.082444        0.154362

     H    4        0.224858        0.308835        0.361527
     H    4        0.308835       -0.441982       -0.193578
     H    4        0.361527       -0.193578        0.217124

     C    5       -0.743653        0.162777       -0.099512
     C    5        0.162777        0.481854        0.302211
     C    5       -0.099512        0.302211        0.261799

     H    6       -0.109464        0.021165       -0.231000
     H    6        0.021165        0.196877        0.246757
     H    6       -0.231000        0.246757       -0.087413

     H    7       -0.145712        0.135641        0.046945
     H    7        0.135641        0.064367       -0.863375
     H    7        0.046945       -0.863375        0.081345

     C    8        0.427803        0.275349        0.089197
     C    8        0.275349       -0.050005       -0.451577
     C    8        0.089197       -0.451577       -0.377798

     H    9        0.632575       -0.056333        0.558738
     H    9       -0.056333       -0.320832       -0.353692
     H    9        0.558738       -0.353692       -0.311743

     C   10        0.302870        0.108775        0.318458
     C   10        0.108775        0.215124       -0.605731
     C   10        0.318458       -0.605731       -0.517994

     C   11        0.326831        0.289759       -0.014971
     C   11        0.289759        0.237967       -0.240859
     C   11       -0.014971       -0.240859       -0.564798

     Cl  12       -0.638360        0.265671        0.163396
     Cl  12        0.265671       -0.297855        0.954973
     Cl  12        0.163396        0.954973        0.936214

     H   13       -0.217353       -0.048773        0.151180
     H   13       -0.048773        0.520618        0.239542
     H   13        0.151180        0.239542       -0.303265

     C   14        0.358035       -0.296699        0.309078
     C   14       -0.296699       -0.261742        0.072799
     C   14        0.309078        0.072799       -0.096293

     H   15        0.506971        0.165877        0.516694
     H   15        0.165877       -0.176350        0.009680
     H   15        0.516694        0.009680       -0.330621

     C   16       -0.250069        0.034354        0.074940
     C   16        0.034354        0.496435        0.237959
     C   16        0.074940        0.237959       -0.246366

     C   17        0.463405       -0.098214        0.204658
     C   17       -0.098214       -0.515915        0.063749
     C   17        0.204658        0.063749        0.052510

     Cl  18       -0.894974       -0.393490        0.590981
     Cl  18       -0.393490       -0.116206        1.985703
     Cl  18        0.590981        1.985703        1.011179

     H   19       -0.427265       -0.116564       -0.109941
     H   19       -0.116564        0.505356       -0.053122
     H   19       -0.109941       -0.053122       -0.078091

     C   20       -0.173025       -0.066362        0.074750
     C   20       -0.066362        0.423783        0.150935
     C   20        0.074750        0.150935       -0.250758

     H   21        0.154687       -0.314988        0.415994
     H   21       -0.314988        0.176691       -0.042134
     H   21        0.415994       -0.042134       -0.331378

     C   22        0.331404        0.578199       -0.446009
     C   22        0.578199        0.150411        0.341491
     C   22       -0.446009        0.341491       -0.481815

     C   23       -0.233595       -0.371130       -0.179209
     C   23       -0.371130        0.471469        0.118518
     C   23       -0.179209        0.118518       -0.237874

     Cl  24        0.849023        3.326250        0.333480
     Cl  24        3.326250        0.716334        1.449382
     Cl  24        0.333480        1.449382       -1.565356

     ----- total EFG (symmetrized) -----
     Cl   1        0.609662        0.260585       -0.022747
     Cl   1        0.260585        2.270856       -0.024337
     Cl   1       -0.022747       -0.024337       -2.880518

     C    2       -0.907866        0.164831        0.100952
     C    2        0.164831        0.561315        0.524171
     C    2        0.100952        0.524171        0.346551

     C    3        0.200008        0.049417        0.264018
     C    3        0.049417       -0.354370        0.082444
     C    3        0.264018        0.082444        0.154362

     H    4        0.224858        0.308835        0.361527
     H    4        0.308835       -0.441982       -0.193578
     H    4        0.361527       -0.193578        0.217124

     C    5       -0.743653        0.162777       -0.099512
     C    5        0.162777        0.481854        0.302211
     C    5       -0.099512        0.302211        0.261799

     H    6       -0.109464        0.021165       -0.231000
     H    6        0.021165        0.196877        0.246757
     H    6       -0.231000        0.246757       -0.087413

     H    7       -0.145712        0.135641        0.046945
     H    7        0.135641        0.064367       -0.863375
     H    7        0.046945       -0.863375        0.081345

     C    8        0.427803        0.275349        0.089197
     C    8        0.275349       -0.050005       -0.451577
     C    8        0.089197       -0.451577       -0.377798

     H    9        0.632575       -0.056333        0.558738
     H    9       -0.056333       -0.320832       -0.353692
     H    9        0.558738       -0.353692       -0.311743

     C   10        0.302870        0.108775        0.318458
     C   10        0.108775        0.215124       -0.605731
     C   10        0.318458       -0.605731       -0.517994

     C   11        0.326831        0.289759       -0.014971
     C   11        0.289759        0.237967       -0.240859
     C   11       -0.014971       -0.240859       -0.564798

     Cl  12       -0.638360        0.265671        0.163396
     Cl  12        0.265671       -0.297855        0.954973
     Cl  12        0.163396        0.954973        0.936214

     H   13       -0.217353       -0.048773        0.151180
     H   13       -0.048773        0.520618        0.239542
     H   13        0.151180        0.239542       -0.303265

     C   14        0.358035       -0.296699        0.309078
     C   14       -0.296699       -0.261742        0.072799
     C   14        0.309078        0.072799       -0.096293

     H   15        0.506971        0.165877        0.516694
     H   15        0.165877       -0.176350        0.009680
     H   15        0.516694        0.009680       -0.330621

     C   16       -0.250069        0.034354        0.074940
     C   16        0.034354        0.496435        0.237959
     C   16        0.074940        0.237959       -0.246366

     C   17        0.463405       -0.098214        0.204658
     C   17       -0.098214       -0.515915        0.063749
     C   17        0.204658        0.063749        0.052510

     Cl  18       -0.894974       -0.393490        0.590981
     Cl  18       -0.393490       -0.116206        1.985703
     Cl  18        0.590981        1.985703        1.011179

     H   19       -0.427265       -0.116564       -0.109941
     H   19       -0.116564        0.505356       -0.053122
     H   19       -0.109941       -0.053122       -0.078091

     C   20       -0.173025       -0.066362        0.074750
     C   20       -0.066362        0.423783        0.150935
     C   20        0.074750        0.150935       -0.250758

     H   21        0.154687       -0.314988        0.415994
     H   21       -0.314988        0.176691       -0.042134
     H   21        0.415994       -0.042134       -0.331378

     C   22        0.331404        0.578199       -0.446009
     C   22        0.578199        0.150411        0.341491
     C   22       -0.446009        0.341491       -0.481815

     C   23       -0.233595       -0.371130       -0.179209
     C   23       -0.371130        0.471469        0.118518
     C   23       -0.179209        0.118518       -0.237874

     Cl  24        0.849023        3.326250        0.333480
     Cl  24        3.326250        0.716334        1.449382
     Cl  24        0.333480        1.449382       -1.565356


     NQR/NMR SPECTROSCOPIC PARAMETERS:
     Cl   1    Vxx=    0.5698    axis=(  0.988442 -0.151502 -0.005448)
     Cl   1    Vyy=    2.3109    axis=(  0.151473  0.988447 -0.005297)
     Cl   1    Vzz=   -2.8808    axis=(  0.006187  0.004411  0.999971)
     Cl   1  Q=        -8.1650 1e-30 m^2  Cq=        55.2660 MHz  eta= 0.60438

     C    2    Vxx=   -0.0803    axis=( -0.030135 -0.627703  0.777869)
     C    2    Vyy=   -0.9278    axis=( -0.994581  0.096299  0.039179)
     C    2    Vzz=    1.0081    axis=( -0.099501 -0.772473 -0.627204)
     C    2  Q=         1.0000 1e-30 m^2  Cq=         2.3687 MHz  eta= 0.84062

     C    3    Vxx=   -0.0852    axis=( -0.685080  0.095424  0.722191)
     C    3    Vyy=   -0.3675    axis=( -0.017569  0.988931 -0.147335)
     C    3    Vzz=    0.4527    axis=( -0.728256 -0.113624 -0.675820)
     C    3  Q=         1.0000 1e-30 m^2  Cq=         1.0637 MHz  eta= 0.62363

     H    4    Vxx=    0.0900    axis=( -0.521963 -0.542535  0.658187)
     H    4    Vyy=    0.5906    axis=(  0.739679  0.096369  0.666024)
     H    4    Vzz=   -0.6806    axis=(  0.424770 -0.834487 -0.351001)
     H    4  Q=         1.0000 1e-30 m^2  Cq=        -1.5992 MHz  eta= 0.73557

     C    5    Vxx=    0.0866    axis=( -0.203782 -0.540330  0.816404)
     C    5    Vyy=    0.6976    axis=( -0.054624 -0.826328 -0.560533)
     C    5    Vzz=   -0.7842    axis=(  0.977491 -0.158821  0.138876)
     C    5  Q=         1.0000 1e-30 m^2  Cq=        -1.8426 MHz  eta= 0.77909

     H    6    Vxx=    0.0303    axis=(  0.755208  0.511403 -0.410033)
     H    6    Vyy=    0.3633    axis=(  0.236581 -0.796036 -0.557096)
     H    6    Vzz=   -0.3936    axis=( -0.611302  0.323718 -0.722161)
     H    6  Q=         1.0000 1e-30 m^2  Cq=        -0.9247 MHz  eta= 0.84609

     H    7    Vxx=   -0.1242    axis=( -0.980041 -0.094881 -0.174694)
     H    7    Vyy=   -0.8156    axis=( -0.190268  0.702321  0.685961)
     H    7    Vzz=    0.9399    axis=(  0.057607  0.705509 -0.706356)
     H    7  Q=         1.0000 1e-30 m^2  Cq=         2.2083 MHz  eta= 0.73568

     C    8    Vxx=    0.1711    axis=( -0.476249  0.639502 -0.603510)
     C    8    Vyy=    0.5701    axis=( -0.856557 -0.492525  0.154039)
     C    8    Vzz=   -0.7412    axis=( -0.198736  0.590302  0.782335)
     C    8  Q=         1.0000 1e-30 m^2  Cq=        -1.7415 MHz  eta= 0.53831

     H    9    Vxx=   -0.1498    axis=(  0.380310  0.807388 -0.451098)
     H    9    Vyy=   -0.7759    axis=( -0.284286  0.566187  0.773702)
     H    9    Vzz=    0.9256    axis=(  0.880083 -0.166006  0.444856)
     H    9  Q=         1.0000 1e-30 m^2  Cq=         2.1749 MHz  eta= 0.67642

     C   10    Vxx=    0.3713    axis=(  0.919451  0.387774  0.065130)
     C   10    Vyy=    0.5759    axis=( -0.298181  0.795593 -0.527371)
     C   10    Vzz=   -0.9472    axis=( -0.256317  0.465471  0.847135)
     C   10  Q=         1.0000 1e-30 m^2  Cq=        -2.2255 MHz  eta= 0.21598

     C   11    Vxx=    0.0351    axis=( -0.687924  0.679303 -0.255555)
     C   11    Vyy=    0.6009    axis=(  0.722252  0.675426 -0.148835)
     C   11    Vzz=   -0.6360    axis=( -0.071504  0.286962  0.955269)
     C   11  Q=         1.0000 1e-30 m^2  Cq=        -1.4944 MHz  eta= 0.88949

     Cl  12    Vxx=   -0.5751    axis=( -0.837182 -0.416939  0.353961)
     Cl  12    Vyy=   -0.9156    axis=( -0.532055  0.770744 -0.350530)
     Cl  12    Vzz=    1.4907    axis=(  0.126664  0.481784  0.867088)
     Cl  12  Q=        -8.1650 1e-30 m^2  Cq=       -28.5983 MHz  eta= 0.22837

     H   13    Vxx=   -0.1171    axis=(  0.845041 -0.130183  0.518612)
     H   13    Vyy=   -0.4682    axis=(  0.534609  0.223783 -0.814932)
     H   13    Vzz=    0.5853    axis=( -0.009966  0.965906  0.258703)
     H   13  Q=         1.0000 1e-30 m^2  Cq=         1.3752 MHz  eta= 0.59999

     C   14    Vxx=   -0.0965    axis=( -0.142086  0.601378  0.786229)
     C   14    Vyy=   -0.4855    axis=(  0.443784  0.748689 -0.492464)
     C   14    Vzz=    0.5820    axis=( -0.884798  0.278944 -0.373260)
     C   14  Q=         1.0000 1e-30 m^2  Cq=         1.3674 MHz  eta= 0.66848

     H   15    Vxx=   -0.1913    axis=(  0.075227 -0.974542  0.211206)
     H   15    Vyy=   -0.5869    axis=(  0.441189 -0.157418 -0.883500)
     H   15    Vzz=    0.7782    axis=(  0.894255  0.159645  0.418116)
     H   15  Q=         1.0000 1e-30 m^2  Cq=         1.8284 MHz  eta= 0.50846

     C   16    Vxx=   -0.2153    axis=(  0.849167 -0.203867  0.487189)
     C   16    Vyy=   -0.3544    axis=(  0.523968  0.209725 -0.825514)
     C   16    Vzz=    0.5697    axis=(  0.066120  0.956271  0.284911)
     C   16  Q=         1.0000 1e-30 m^2  Cq=         1.3386 MHz  eta= 0.24410

     C   17    Vxx=   -0.0138    axis=( -0.354756  0.185728  0.916326)
     C   17    Vyy=   -0.5383    axis=(  0.126721  0.980579 -0.149692)
     C   17    Vzz=    0.5521    axis=( -0.926331  0.063014 -0.371402)
     C   17  Q=         1.0000 1e-30 m^2  Cq=         1.2973 MHz  eta= 0.95000

     Cl  18    Vxx=   -0.5080    axis=(  0.853901 -0.451785  0.258347)
     Cl  18    Vyy=   -2.0202    axis=(  0.515639  0.667190 -0.537564)
     Cl  18    Vzz=    2.5282    axis=(  0.070497  0.592240  0.802672)
     Cl  18  Q=        -8.1650 1e-30 m^2  Cq=       -48.5024 MHz  eta= 0.59815

     H   19    Vxx=   -0.0470    axis=( -0.286505  0.031633  0.957556)
     H   19    Vyy=   -0.4754    axis=(  0.951280  0.128250  0.280390)
     H   19    Vzz=    0.5223    axis=( -0.113937  0.991237 -0.066836)
     H   19  Q=         1.0000 1e-30 m^2  Cq=         1.2273 MHz  eta= 0.82023

     C   20    Vxx=   -0.1283    axis=(  0.869359 -0.030351  0.493248)
     C   20    Vyy=   -0.3316    axis=(  0.487843  0.212051 -0.846784)
     C   20    Vzz=    0.4599    axis=( -0.078893  0.976787  0.199155)
     C   20  Q=         1.0000 1e-30 m^2  Cq=         1.0806 MHz  eta= 0.44209

     H   21    Vxx=   -0.0113    axis=(  0.417041  0.796908  0.437051)
     H   21    Vyy=   -0.5914    axis=( -0.534549 -0.173848  0.827064)
     H   21    Vzz=    0.6026    axis=(  0.735074 -0.578545  0.353485)
     H   21  Q=         1.0000 1e-30 m^2  Cq=         1.4160 MHz  eta= 0.96264

     C   22    Vxx=    0.1321    axis=( -0.404909  0.641872  0.651190)
     C   22    Vyy=    0.8390    axis=( -0.787186 -0.607030  0.108873)
     C   22    Vzz=   -0.9711    axis=(  0.465175 -0.468524  0.751064)
     C   22  Q=         1.0000 1e-30 m^2  Cq=        -2.2816 MHz  eta= 0.72790

     C   23    Vxx=   -0.2033    axis=( -0.406228 -0.370193  0.835426)
     C   23    Vyy=   -0.4637    axis=( -0.818206 -0.259696 -0.512930)
     C   23    Vzz=    0.6670    axis=( -0.406840  0.891917  0.197398)
     C   23  Q=         1.0000 1e-30 m^2  Cq=         1.5672 MHz  eta= 0.39054

     Cl  24    Vxx=   -1.3264    axis=( -0.512926  0.253232  0.820232)
     Cl  24    Vyy=   -3.0514    axis=( -0.522478  0.666043 -0.532357)
     Cl  24    Vzz=    4.3778    axis=(  0.681119  0.701613  0.209323)
     Cl  24  Q=        -8.1650 1e-30 m^2  Cq=       -83.9867 MHz  eta= 0.39403

     Initialization:
     gipaw_setup  :      9.16s CPU     10.93s WALL (       1 calls)

     Linear response

     Apply operators

     Induced current

     Other routines
     efg          :      9.27s CPU     11.55s WALL (       1 calls)

     General routines
     calbec       :      3.32s CPU      4.48s WALL (      16 calls)
     fft          :      1.52s CPU      2.26s WALL (      15 calls)
     ffts         :      0.04s CPU      0.05s WALL (       2 calls)
     fftw         :      3.21s CPU      3.76s WALL (     672 calls)
     davcio       :      0.02s CPU      0.33s WALL (      32 calls)

     Parallel routines
     fft_scatter  :      2.11s CPU      3.30s WALL (     689 calls)

     Plugins

     GIPAW        :     60.92s CPU     71.55s WALL (       1 calls)
