
     Program QE v.6.0 (svn rev. 13079) starts on 18Jan2017 at  1:15:56 

     This program is part of the open-source Quantum ESPRESSO suite
     for quantum simulation of materials; please cite
         "P. Giannozzi et al., J. Phys.:Condens. Matter 21 395502 (2009);
          URL http://www.quantum-espresso.org", 
     in publications or presentations arising from this work. More details at
     http://www.quantum-espresso.org/quote

     Parallel version (MPI), running on     8 processors
     R & G space division:  proc/nbgrp/npool/nimage =       8

     ***** This is GIPAW svn revision unknown      *****

     Parallelizing q-star over 1 images

     Reading data from directory:
     /users/majewski/paradichlorobenzene/pbe/9_constraint/scratch/pbe.ecut100.np8.dt60.pcl2phi-129368.save
     Message from routine read_xml_file:
     file /users/majewski/paradichlorobenzene/pbe/9_constraint/scratch/pbe.ecut100.np8.dt60.pcl2phi-129368.save not guaranteed to be safe for post-processing

   Info: using nr1, nr2, nr3 values from input

   Info: using nr1, nr2, nr3 values from input

     IMPORTANT: XC functional enforced from input :
     Exchange-correlation      =  SLA  PW   PBX  PBC ( 1  4  3  4 0 0)
     Any further DFT definition will be discarded
     Please, verify this is what you really want

               file C.pbe-n-kjpaw_psl.1.0.0.UPF: wavefunction(s)  2S 2P renormalized
               file Cl.pbe-n-kjpaw_psl.1.0.0.UPF: wavefunction(s)  3S 3P renormalized
               file H.pbe-kjpaw_psl.1.0.0.UPF: wavefunction(s)  1S renormalized

     Parallelization info
     --------------------
     sticks:   dense  smooth     PW     G-vecs:    dense   smooth      PW
     Min        3057    1223    332               144436    36536    5170
     Max        3059    1225    333               144437    36537    5171
     Sum       24467    9791   2657              1155489   292295   41363


     Subspace diagonalization in iterative solution of the eigenvalue problem:
     a serial algorithm will be used

     GIPAW projectors -----------------------------------------------
     atom=  C    l=0  rc=    1.2000  rs=    0.8000
     atom=  C    l=0  rc=    1.2000  rs=    0.8000
     atom=  C    l=1  rc=    1.4000  rs=    0.9333
     atom=  C    l=1  rc=    1.4000  rs=    0.9333
     projs nearly linearly dependent: l=1  n1,n2= 1, 2  s=  0.99951561

     atom=  Cl   l=0  rc=    1.6000  rs=    1.0667
     atom=  Cl   l=0  rc=    1.6000  rs=    1.0667
     atom=  Cl   l=1  rc=    1.6000  rs=    1.0667
     atom=  Cl   l=1  rc=    1.6000  rs=    1.0667
     atom=  Cl   l=2  rc=    1.6000  rs=    1.0667
     atom=  Cl   l=2  rc=    1.6000  rs=    1.0667
     projs nearly linearly dependent: l=2  n1,n2= 1, 2  s=  0.99993509

     atom=  H    l=0  rc=    1.0000  rs=    0.6667
     atom=  H    l=0  rc=    1.0000  rs=    0.6667
     projs nearly linearly dependent: l=0  n1,n2= 1, 2  s=  0.99968852
     -----------------------------------------------------------------

     GIPAW integrals: -------------------------------------------
     Atom  i/j   nmr_para   nmr_dia   epr_rmc  epr_para   epr_dia
       C   1 1   0.83E+03  0.17E-01  0.93E+01  0.24E+08  0.24E+03
       C   2 1   0.86E+03 -0.61E-01  0.94E+01  0.25E+08  0.25E+03
       C   2 2   0.90E+03 -0.15E+00  0.97E+01  0.26E+08  0.26E+03
       C   3 3   0.33E+01  0.34E+00  0.18E+01  0.55E+03  0.21E+02
       C   4 3   0.35E+01  0.37E+00  0.20E+01  0.59E+03  0.22E+02
       C   4 4   0.38E+01  0.39E+00  0.22E+01  0.63E+03  0.24E+02
       Cl  1 1   0.14E+04 -0.47E+00  0.84E+01  0.32E+09  0.42E+03
       Cl  2 1   0.21E+04 -0.37E+00  0.12E+02  0.49E+09  0.65E+03
       Cl  2 2   0.33E+04 -0.16E+00  0.21E+02  0.76E+09  0.10E+04
       Cl  3 3   0.21E+02  0.79E-01  0.89E+01  0.23E+05  0.13E+03
       Cl  4 3   0.24E+02  0.67E-01  0.99E+01  0.27E+05  0.15E+03
       Cl  4 4   0.28E+02  0.44E-01  0.11E+02  0.32E+05  0.18E+03
       Cl  5 5   0.77E+00  0.19E+00  0.18E+01  0.12E+03  0.22E+02
       Cl  6 5   0.80E+00  0.19E+00  0.19E+01  0.12E+03  0.23E+02
       Cl  6 6   0.83E+00  0.20E+00  0.19E+01  0.12E+03  0.23E+02
       H   1 1   0.39E+02  0.19E+00  0.29E+00  0.78E+05  0.13E+02
       H   2 1   0.41E+02  0.21E+00  0.32E+00  0.82E+05  0.14E+02
       H   2 2   0.43E+02  0.22E+00  0.36E+00  0.86E+05  0.15E+02
     ------------------------------------------------------------

     alpha_pv=     33.9534 eV

     Number of occupied bands for each k-point:
     k-point:     1    nbnd_occ=  42
     k-point:     2    nbnd_occ=  42
     k-point:     3    nbnd_occ=  42
     k-point:     4    nbnd_occ=  42
     k-point:     5    nbnd_occ=  42
     k-point:     6    nbnd_occ=  42
     k-point:     7    nbnd_occ=  42
     k-point:     8    nbnd_occ=  42
     k-point:     9    nbnd_occ=  42
     k-point:    10    nbnd_occ=  42
     k-point:    11    nbnd_occ=  42
     k-point:    12    nbnd_occ=  42
     k-point:    13    nbnd_occ=  42
     k-point:    14    nbnd_occ=  42
     k-point:    15    nbnd_occ=  42
     k-point:    16    nbnd_occ=  42


     q-space interpolation up to   110.00 Rydberg

     GIPAW job: efg                                                                             


     ELECTRIC FIELD GRADIENTS TENSORS IN Hartree/bohrradius^2:

     ----- bare term -----
     Cl   1       -0.188673        0.277756       -0.020931
     Cl   1        0.277756       -0.026298        0.012217
     Cl   1       -0.020931        0.012217        0.214971

     C    2        0.084972        0.068487       -0.141436
     C    2        0.068487       -0.325555       -0.422651
     C    2       -0.141436       -0.422651        0.240583

     C    3       -0.394470        0.377521       -0.307127
     C    3        0.377521        0.145555       -0.016906
     C    3       -0.307127       -0.016906        0.248915

     H    4        0.121711       -0.046148       -0.175577
     H    4       -0.046148        0.394365       -0.184781
     H    4       -0.175577       -0.184781       -0.516076

     C    5       -0.053810       -0.259225       -0.463239
     C    5       -0.259225       -0.154060       -0.371436
     C    5       -0.463239       -0.371436        0.207870

     H    6        0.279190        0.057189        0.320478
     H    6        0.057189        0.092984       -0.395016
     H    6        0.320478       -0.395016       -0.372174

     H    7        0.383935        0.063045       -0.051646
     H    7        0.063045       -0.570102        0.426253
     H    7       -0.051646        0.426253        0.186167

     C    8       -0.410206       -0.273384       -0.453502
     C    8       -0.273384        0.067472        0.398993
     C    8       -0.453502        0.398993        0.342733

     H    9       -0.308946        0.151992       -0.539628
     H    9        0.151992        0.332769        0.119792
     H    9       -0.539628        0.119792       -0.023823

     C   10       -0.105596       -0.360897       -0.234009
     C   10       -0.360897       -0.217623        0.590993
     C   10       -0.234009        0.590993        0.323219

     C   11       -0.104556       -0.123634       -0.472262
     C   11       -0.123634       -0.054988        0.356923
     C   11       -0.472262        0.356923        0.159544

     Cl  12       -0.010326       -0.019334        0.002141
     Cl  12       -0.019334       -0.041670       -0.057287
     Cl  12        0.002141       -0.057287        0.051996

     H   13        0.162443       -0.087609        0.323830
     H   13       -0.087609       -0.043558       -0.396658
     H   13        0.323830       -0.396658       -0.118885

     C   14       -0.705495        0.396455       -0.406005
     C   14        0.396455        0.454768       -0.142893
     C   14       -0.406005       -0.142893        0.250727

     H   15        0.012760       -0.143630       -0.325907
     H   15       -0.143630        0.468862        0.051401
     H   15       -0.325907        0.051401       -0.481621

     C   16        0.021514        0.365173       -0.144200
     C   16        0.365173       -0.120916       -0.618196
     C   16       -0.144200       -0.618196        0.099402

     C   17       -0.559471        0.311155       -0.324654
     C   17        0.311155        0.223913       -0.289456
     C   17       -0.324654       -0.289456        0.335558

     Cl  18       -0.016462       -0.021416        0.062843
     Cl  18       -0.021416       -0.055169        0.062125
     Cl  18        0.062843        0.062125        0.071631

     H   19        0.321957        0.386538        0.142170
     H   19        0.386538       -0.609325       -0.134216
     H   19        0.142170       -0.134216        0.287368

     C   20       -0.244894       -0.223472       -0.277891
     C   20       -0.223472       -0.129587        0.359280
     C   20       -0.277891        0.359280        0.374481

     H   21       -0.312038        0.397010       -0.446022
     H   21        0.397010        0.108712        0.271892
     H   21       -0.446022        0.271892        0.203326

     C   22       -0.371491       -0.352210       -0.345006
     C   22       -0.352210        0.035694        0.386612
     C   22       -0.345006        0.386612        0.335797

     C   23       -0.068204       -0.142579       -0.269548
     C   23       -0.142579       -0.134325        0.583654
     C   23       -0.269548        0.583654        0.202529

     Cl  24       -0.142339       -0.084853       -0.046058
     Cl  24       -0.084853       -0.046470       -0.075241
     Cl  24       -0.046058       -0.075241        0.188809

     ----- ionic term -----
     Cl   1        0.116402       -0.228977        0.054611
     Cl   1       -0.228977        0.024307       -0.028486
     Cl   1        0.054611       -0.028486       -0.140708

     C    2        0.059697       -0.337619        0.271059
     C    2       -0.337619        0.035653        0.390617
     C    2        0.271059        0.390617       -0.095350

     C    3        0.030175       -0.345460        0.214482
     C    3       -0.345460        0.021921        0.380871
     C    3        0.214482        0.380871       -0.052096

     H    4        0.148515        0.129498        0.813403
     H    4        0.129498       -0.535456        0.228584
     H    4        0.813403        0.228584        0.386941

     C    5        0.173566       -0.226150        0.365055
     C    5       -0.226150       -0.121040        0.295047
     C    5        0.365055        0.295047       -0.052527

     H    6       -0.537636       -0.049494       -0.034588
     H    6       -0.049494        0.288562        0.793022
     H    6       -0.034588        0.793022        0.249074

     H    7       -0.491209       -0.203403        0.080603
     H    7       -0.203403        0.867927       -0.492263
     H    7        0.080603       -0.492263       -0.376718

     C    8        0.245247        0.131571        0.301745
     C    8        0.131571        0.117876       -0.261909
     C    8        0.301745       -0.261909       -0.363123

     H    9        0.578019       -0.360714        0.694528
     H    9       -0.360714       -0.371671       -0.265520
     H    9        0.694528       -0.265520       -0.206348

     C   10        0.138112        0.135436        0.223932
     C   10        0.135436        0.273942       -0.336101
     C   10        0.223932       -0.336101       -0.412054

     C   11        0.167253        0.077296        0.358141
     C   11        0.077296        0.216684       -0.349417
     C   11        0.358141       -0.349417       -0.383937

     Cl  12        0.120410        0.198863        0.029178
     Cl  12        0.198863        0.024744        0.008653
     Cl  12        0.029178        0.008653       -0.145154

     H   13       -0.498542       -0.156680       -0.071687
     H   13       -0.156680        0.530039        0.736779
     H   13       -0.071687        0.736779       -0.031497

     C   14        0.219093       -0.318225        0.274329
     C   14       -0.318225       -0.044310        0.279076
     C   14        0.274329        0.279076       -0.174783

     H   15        0.295648        0.318584        0.749156
     H   15        0.318584       -0.391745        0.368196
     H   15        0.749156        0.368196        0.096097

     C   16        0.131478       -0.323251        0.196357
     C   16       -0.323251        0.057998        0.398671
     C   16        0.196357        0.398671       -0.189476

     C   17        0.160083       -0.222417        0.363810
     C   17       -0.222417       -0.082355        0.376544
     C   17        0.363810        0.376544       -0.077728

     Cl  18        0.181043       -0.201635        0.052597
     Cl  18       -0.201635       -0.065207       -0.026128
     Cl  18        0.052597       -0.026128       -0.115836

     H   19       -0.483309       -0.209026        0.103876
     H   19       -0.209026        0.851993       -0.514724
     H   19        0.103876       -0.514724       -0.368684

     C   20        0.262052        0.134332        0.404845
     C   20        0.134332        0.127465       -0.215845
     C   20        0.404845       -0.215845       -0.389517

     H   21        0.464577       -0.327348        0.725833
     H   21       -0.327348       -0.425909       -0.283775
     H   21        0.725833       -0.283775       -0.038668

     C   22        0.077840        0.216282        0.287187
     C   22        0.216282        0.232400       -0.325813
     C   22        0.287187       -0.325813       -0.310239

     C   23        0.155462        0.180991        0.339580
     C   23        0.180991        0.179706       -0.359826
     C   23        0.339580       -0.359826       -0.335168

     Cl  24        0.114931        0.224629        0.037952
     Cl  24        0.224629        0.058428        0.026234
     Cl  24        0.037952        0.026234       -0.173359

     ----- GIPAW term -----
     Cl   1       -1.115708       -0.874734       -0.660389
     Cl   1       -0.874734       -0.641622        1.679722
     Cl   1       -0.660389        1.679722        1.757330

     C    2       -0.071881       -0.025066        0.033074
     C    2       -0.025066        0.090568        0.182529
     C    2        0.033074        0.182529       -0.018687

     C    3       -0.065137       -0.020651       -0.115003
     C    3       -0.020651       -0.002400        0.086907
     C    3       -0.115003        0.086907        0.067537

     H    4       -0.000000        0.000000        0.000000
     H    4        0.000000        0.000000        0.000000
     H    4        0.000000        0.000000        0.000000

     C    5        0.043312       -0.160602       -0.191946
     C    5       -0.160602       -0.088700        0.045492
     C    5       -0.191946        0.045492        0.045388

     H    6       -0.000000        0.000000        0.000000
     H    6        0.000000        0.000000        0.000000
     H    6        0.000000        0.000000        0.000000

     H    7       -0.000000        0.000000        0.000000
     H    7        0.000000        0.000000        0.000000
     H    7        0.000000        0.000000        0.000000

     C    8       -0.040594       -0.109977       -0.131889
     C    8       -0.109977        0.004983        0.125329
     C    8       -0.131889        0.125329        0.035611

     H    9       -0.000000        0.000000        0.000000
     H    9        0.000000        0.000000        0.000000
     H    9        0.000000        0.000000        0.000000

     C   10       -0.055933       -0.103855       -0.079917
     C   10       -0.103855        0.027965        0.159439
     C   10       -0.079917        0.159439        0.027968

     C   11        0.010884       -0.050786       -0.163099
     C   11       -0.050786       -0.004658        0.146518
     C   11       -0.163099        0.146518       -0.006226

     Cl  12        0.128933       -0.190348       -1.132233
     Cl  12       -0.190348        0.772292        1.695360
     Cl  12       -1.132233        1.695360       -0.901225

     H   13       -0.000000        0.000000        0.000000
     H   13        0.000000        0.000000        0.000000
     H   13        0.000000        0.000000        0.000000

     C   14       -0.145414        0.161366       -0.057133
     C   14        0.161366        0.234299       -0.034121
     C   14       -0.057133       -0.034121       -0.088885

     H   15       -0.000000        0.000000        0.000000
     H   15        0.000000        0.000000        0.000000
     H   15        0.000000        0.000000        0.000000

     C   16       -0.070711        0.144112       -0.060905
     C   16        0.144112        0.142107       -0.187355
     C   16       -0.060905       -0.187355       -0.071397

     C   17       -0.124229       -0.103085       -0.043688
     C   17       -0.103085        0.245284       -0.040981
     C   17       -0.043688       -0.040981       -0.121055

     Cl  18        1.395929       -1.886942        1.861965
     Cl  18       -1.886942       -1.231602        0.174724
     Cl  18        1.861965        0.174724       -0.164327

     H   19       -0.000000        0.000000        0.000000
     H   19        0.000000        0.000000        0.000000
     H   19        0.000000        0.000000        0.000000

     C   20       -0.067035       -0.107220       -0.118314
     C   20       -0.107220       -0.013058        0.193722
     C   20       -0.118314        0.193722        0.080093

     H   21       -0.000000        0.000000        0.000000
     H   21        0.000000        0.000000        0.000000
     H   21        0.000000        0.000000        0.000000

     C   22       -0.084767       -0.142249       -0.104526
     C   22       -0.142249        0.100324        0.076569
     C   22       -0.104526        0.076569       -0.015557

     C   23        0.063692        0.036016       -0.050754
     C   23        0.036016        0.043737        0.099872
     C   23       -0.050754        0.099872       -0.107429

     Cl  24        0.447754        1.933105       -0.353849
     Cl  24        1.933105       -0.234754       -0.644935
     Cl  24       -0.353849       -0.644935       -0.213000

     ----- total EFG -----
     Cl   1       -1.187979       -0.825955       -0.626709
     Cl   1       -0.825955       -0.643613        1.663453
     Cl   1       -0.626709        1.663453        1.831592

     C    2        0.072788       -0.294197        0.162698
     C    2       -0.294197       -0.199334        0.150495
     C    2        0.162698        0.150495        0.126546

     C    3       -0.429432        0.011410       -0.207649
     C    3        0.011410        0.165075        0.450871
     C    3       -0.207649        0.450871        0.264357

     H    4        0.270226        0.083350        0.637826
     H    4        0.083350       -0.141091        0.043803
     H    4        0.637826        0.043803       -0.129135

     C    5        0.163068       -0.645977       -0.290129
     C    5       -0.645977       -0.363799       -0.030897
     C    5       -0.290129       -0.030897        0.200731

     H    6       -0.258446        0.007695        0.285890
     H    6        0.007695        0.381546        0.398006
     H    6        0.285890        0.398006       -0.123100

     H    7       -0.107274       -0.140357        0.028957
     H    7       -0.140357        0.297825       -0.066011
     H    7        0.028957       -0.066011       -0.190551

     C    8       -0.205552       -0.251790       -0.283646
     C    8       -0.251790        0.190331        0.262413
     C    8       -0.283646        0.262413        0.015221

     H    9        0.269073       -0.208722        0.154900
     H    9       -0.208722       -0.038902       -0.145727
     H    9        0.154900       -0.145727       -0.230171

     C   10       -0.023417       -0.329316       -0.089994
     C   10       -0.329316        0.084284        0.414332
     C   10       -0.089994        0.414332       -0.060867

     C   11        0.073581       -0.097124       -0.277221
     C   11       -0.097124        0.157038        0.154024
     C   11       -0.277221        0.154024       -0.230619

     Cl  12        0.239016       -0.010818       -1.100914
     Cl  12       -0.010818        0.755367        1.646727
     Cl  12       -1.100914        1.646727       -0.994383

     H   13       -0.336099       -0.244288        0.252143
     H   13       -0.244288        0.486481        0.340121
     H   13        0.252143        0.340121       -0.150383

     C   14       -0.631816        0.239595       -0.188808
     C   14        0.239595        0.644756        0.102063
     C   14       -0.188808        0.102063       -0.012940

     H   15        0.308408        0.174954        0.423249
     H   15        0.174954        0.077117        0.419597
     H   15        0.423249        0.419597       -0.385525

     C   16        0.082281        0.186034       -0.008748
     C   16        0.186034        0.079189       -0.406881
     C   16       -0.008748       -0.406881       -0.161471

     C   17       -0.523617       -0.014347       -0.004532
     C   17       -0.014347        0.386843        0.046107
     C   17       -0.004532        0.046107        0.136774

     Cl  18        1.560509       -2.109993        1.977405
     Cl  18       -2.109993       -1.351977        0.210721
     Cl  18        1.977405        0.210721       -0.208532

     H   19       -0.161352        0.177512        0.246046
     H   19        0.177512        0.242668       -0.648939
     H   19        0.246046       -0.648939       -0.081316

     C   20       -0.049877       -0.196360        0.008641
     C   20       -0.196360       -0.015180        0.337157
     C   20        0.008641        0.337157        0.065057

     H   21        0.152539        0.069662        0.279812
     H   21        0.069662       -0.317197       -0.011882
     H   21        0.279812       -0.011882        0.164658

     C   22       -0.378419       -0.278177       -0.162344
     C   22       -0.278177        0.368418        0.137368
     C   22       -0.162344        0.137368        0.010001

     C   23        0.150950        0.074428        0.019278
     C   23        0.074428        0.089118        0.323699
     C   23        0.019278        0.323699       -0.240069

     Cl  24        0.420346        2.072882       -0.361955
     Cl  24        2.072882       -0.222795       -0.693943
     Cl  24       -0.361955       -0.693943       -0.197551

     ----- total EFG (symmetrized) -----
     Cl   1       -1.187979       -0.825955       -0.626709
     Cl   1       -0.825955       -0.643613        1.663453
     Cl   1       -0.626709        1.663453        1.831592

     C    2        0.072788       -0.294197        0.162698
     C    2       -0.294197       -0.199334        0.150495
     C    2        0.162698        0.150495        0.126546

     C    3       -0.429432        0.011410       -0.207649
     C    3        0.011410        0.165075        0.450871
     C    3       -0.207649        0.450871        0.264357

     H    4        0.270226        0.083350        0.637826
     H    4        0.083350       -0.141091        0.043803
     H    4        0.637826        0.043803       -0.129135

     C    5        0.163068       -0.645977       -0.290129
     C    5       -0.645977       -0.363799       -0.030897
     C    5       -0.290129       -0.030897        0.200731

     H    6       -0.258446        0.007695        0.285890
     H    6        0.007695        0.381546        0.398006
     H    6        0.285890        0.398006       -0.123100

     H    7       -0.107274       -0.140357        0.028957
     H    7       -0.140357        0.297825       -0.066011
     H    7        0.028957       -0.066011       -0.190551

     C    8       -0.205552       -0.251790       -0.283646
     C    8       -0.251790        0.190331        0.262413
     C    8       -0.283646        0.262413        0.015221

     H    9        0.269073       -0.208722        0.154900
     H    9       -0.208722       -0.038902       -0.145727
     H    9        0.154900       -0.145727       -0.230171

     C   10       -0.023417       -0.329316       -0.089994
     C   10       -0.329316        0.084284        0.414332
     C   10       -0.089994        0.414332       -0.060867

     C   11        0.073581       -0.097124       -0.277221
     C   11       -0.097124        0.157038        0.154024
     C   11       -0.277221        0.154024       -0.230619

     Cl  12        0.239016       -0.010818       -1.100914
     Cl  12       -0.010818        0.755367        1.646727
     Cl  12       -1.100914        1.646727       -0.994383

     H   13       -0.336099       -0.244288        0.252143
     H   13       -0.244288        0.486481        0.340121
     H   13        0.252143        0.340121       -0.150383

     C   14       -0.631816        0.239595       -0.188808
     C   14        0.239595        0.644756        0.102063
     C   14       -0.188808        0.102063       -0.012940

     H   15        0.308408        0.174954        0.423249
     H   15        0.174954        0.077117        0.419597
     H   15        0.423249        0.419597       -0.385525

     C   16        0.082281        0.186034       -0.008748
     C   16        0.186034        0.079189       -0.406881
     C   16       -0.008748       -0.406881       -0.161471

     C   17       -0.523617       -0.014347       -0.004532
     C   17       -0.014347        0.386843        0.046107
     C   17       -0.004532        0.046107        0.136774

     Cl  18        1.560509       -2.109993        1.977405
     Cl  18       -2.109993       -1.351977        0.210721
     Cl  18        1.977405        0.210721       -0.208532

     H   19       -0.161352        0.177512        0.246046
     H   19        0.177512        0.242668       -0.648939
     H   19        0.246046       -0.648939       -0.081316

     C   20       -0.049877       -0.196360        0.008641
     C   20       -0.196360       -0.015180        0.337157
     C   20        0.008641        0.337157        0.065057

     H   21        0.152539        0.069662        0.279812
     H   21        0.069662       -0.317197       -0.011882
     H   21        0.279812       -0.011882        0.164658

     C   22       -0.378419       -0.278177       -0.162344
     C   22       -0.278177        0.368418        0.137368
     C   22       -0.162344        0.137368        0.010001

     C   23        0.150950        0.074428        0.019278
     C   23        0.074428        0.089118        0.323699
     C   23        0.019278        0.323699       -0.240069

     Cl  24        0.420346        2.072882       -0.361955
     Cl  24        2.072882       -0.222795       -0.693943
     Cl  24       -0.361955       -0.693943       -0.197551


     NQR/NMR SPECTROSCOPIC PARAMETERS:
     Cl   1    Vxx=   -0.9945    axis=( -0.715808  0.520732 -0.465249)
     Cl   1    Vyy=   -1.8882    axis=(  0.660932  0.720250 -0.210733)
     Cl   1    Vzz=    2.8827    axis=( -0.225361  0.458342  0.859730)
     Cl   1  Q=        -8.1650 1e-30 m^2  Cq=       -55.3031 MHz  eta= 0.31005

     C    2    Vxx=    0.1729    axis=( -0.265336  0.534190  0.802645)
     C    2    Vyy=    0.2927    axis=( -0.806670  0.332975 -0.488274)
     C    2    Vzz=   -0.4656    axis=( -0.528092 -0.777026  0.342564)
     C    2  Q=         1.0000 1e-30 m^2  Cq=        -1.0940 MHz  eta= 0.25726

     C    3    Vxx=   -0.1645    axis=(  0.449779  0.715562 -0.534481)
     C    3    Vyy=   -0.5235    axis=( -0.883158  0.267104 -0.385601)
     C    3    Vzz=    0.6881    axis=( -0.133159  0.645466  0.752091)
     C    3  Q=         1.0000 1e-30 m^2  Cq=         1.6167 MHz  eta= 0.52177

     H    4    Vxx=   -0.1504    axis=(  0.065376 -0.994079  0.086791)
     H    4    Vyy=   -0.5982    axis=( -0.593590  0.031173  0.804164)
     H    4    Vzz=    0.7486    axis=(  0.802108  0.104091  0.588037)
     H    4  Q=         1.0000 1e-30 m^2  Cq=         1.7590 MHz  eta= 0.59821

     C    5    Vxx=    0.1313    axis=(  0.253373 -0.385942  0.887046)
     C    5    Vyy=    0.7019    axis=( -0.780167  0.460639  0.423262)
     C    5    Vzz=   -0.8332    axis=( -0.571962 -0.799288 -0.184386)
     C    5  Q=         1.0000 1e-30 m^2  Cq=        -1.9576 MHz  eta= 0.68482

     H    6    Vxx=   -0.0677    axis=(  0.734011 -0.457359  0.502047)
     H    6    Vyy=   -0.5582    axis=(  0.656703  0.289544 -0.696352)
     H    6    Vzz=    0.6259    axis=(  0.173118  0.840825  0.512877)
     H    6  Q=         1.0000 1e-30 m^2  Cq=         1.4706 MHz  eta= 0.78368

     H    7    Vxx=   -0.1499    axis=(  0.936198  0.316126  0.153619)
     H    7    Vyy=   -0.2013    axis=( -0.186716  0.077027  0.979390)
     H    7    Vzz=    0.3512    axis=(  0.297777 -0.945585  0.131138)
     H    7  Q=         1.0000 1e-30 m^2  Cq=         0.8251 MHz  eta= 0.14621

     C    8    Vxx=   -0.1518    axis=(  0.253149  0.699172 -0.668636)
     C    8    Vyy=   -0.4087    axis=( -0.862161 -0.150480 -0.483771)
     C    8    Vzz=    0.5604    axis=(  0.438856 -0.698937 -0.564705)
     C    8  Q=         1.0000 1e-30 m^2  Cq=         1.3168 MHz  eta= 0.45834

     H    9    Vxx=   -0.1250    axis=(  0.536216  0.788093 -0.302295)
     H    9    Vyy=   -0.3123    axis=( -0.093781  0.411543  0.906553)
     H    9    Vzz=    0.4374    axis=(  0.838855 -0.457758  0.294584)
     H    9  Q=         1.0000 1e-30 m^2  Cq=         1.0276 MHz  eta= 0.42832

     C   10    Vxx=   -0.1243    axis=(  0.800040  0.082762  0.594211)
     C   10    Vyy=   -0.4692    axis=( -0.384936 -0.688880  0.614222)
     C   10    Vzz=    0.5935    axis=( -0.460175  0.720135  0.519273)
     C   10  Q=         1.0000 1e-30 m^2  Cq=         1.3945 MHz  eta= 0.58103

     C   11    Vxx=    0.0401    axis=(  0.614197  0.765003 -0.193736)
     C   11    Vyy=    0.3678    axis=(  0.634694 -0.624754 -0.454803)
     C   11    Vzz=   -0.4079    axis=( -0.468963  0.156375 -0.869265)
     C   11  Q=         1.0000 1e-30 m^2  Cq=        -0.9584 MHz  eta= 0.80360

     Cl  12    Vxx=    0.3708    axis=(  0.865628  0.488800 -0.108453)
     Cl  12    Vyy=    1.9661    axis=(  0.356533 -0.753847 -0.551904)
     Cl  12    Vzz=   -2.3369    axis=( -0.351528  0.439077 -0.826825)
     Cl  12  Q=        -8.1650 1e-30 m^2  Cq=        44.8326 MHz  eta= 0.68263

     H   13    Vxx=    0.0009    axis=(  0.667075 -0.172112  0.724836)
     H   13    Vyy=    0.6515    axis=( -0.140106  0.926604  0.348963)
     H   13    Vzz=   -0.6524    axis=( -0.731697 -0.334339  0.594001)
     H   13  Q=         1.0000 1e-30 m^2  Cq=        -1.5329 MHz  eta= 0.99722

     C   14    Vxx=    0.0385    axis=( -0.286605 -0.047819  0.956855)
     C   14    Vyy=    0.6948    axis=( -0.163352 -0.981690 -0.097989)
     C   14    Vzz=   -0.7333    axis=(  0.944020 -0.184388  0.273545)
     C   14  Q=         1.0000 1e-30 m^2  Cq=        -1.7230 MHz  eta= 0.89496

     H   15    Vxx=    0.0065    axis=(  0.631713 -0.763356 -0.135004)
     H   15    Vyy=    0.7113    axis=( -0.718202 -0.510775 -0.472540)
     H   15    Vzz=   -0.7179    axis=(  0.291760  0.395470 -0.870907)
     H   15  Q=         1.0000 1e-30 m^2  Cq=        -1.6867 MHz  eta= 0.98177

     C   16    Vxx=    0.0355    axis=(  0.897908 -0.207324  0.388302)
     C   16    Vyy=    0.4500    axis=(  0.397336  0.761375 -0.512281)
     C   16    Vzz=   -0.4856    axis=( -0.189435  0.614268  0.766022)
     C   16  Q=         1.0000 1e-30 m^2  Cq=        -1.1409 MHz  eta= 0.85361

     C   17    Vxx=    0.1285    axis=( -0.002972 -0.175888  0.984406)
     C   17    Vyy=    0.3953    axis=( -0.016234  0.984289  0.175818)
     C   17    Vzz=   -0.5239    axis=( -0.999864 -0.015458 -0.005781)
     C   17  Q=         1.0000 1e-30 m^2  Cq=        -1.2309 MHz  eta= 0.50923

     Cl  18    Vxx=   -0.4667    axis=( -0.166001  0.584696  0.794087)
     Cl  18    Vyy=   -2.9910    axis=(  0.526718  0.733341 -0.429860)
     Cl  18    Vzz=    3.4577    axis=( -0.833674  0.346902 -0.429705)
     Cl  18  Q=        -8.1650 1e-30 m^2  Cq=       -66.3348 MHz  eta= 0.73003

     H   19    Vxx=   -0.0041    axis=(  0.887458  0.294302  0.354691)
     H   19    Vyy=   -0.7455    axis=( -0.460685  0.543530  0.701673)
     H   19    Vzz=    0.7497    axis=(  0.013719 -0.786105  0.617940)
     H   19  Q=         1.0000 1e-30 m^2  Cq=         1.7615 MHz  eta= 0.98894

     C   20    Vxx=   -0.0133    axis=(  0.856241 -0.137641  0.497902)
     C   20    Vyy=   -0.3879    axis=(  0.431900  0.719519 -0.543834)
     C   20    Vzz=    0.4012    axis=( -0.283396  0.680697  0.675528)
     C   20  Q=         1.0000 1e-30 m^2  Cq=         0.9426 MHz  eta= 0.93376

     H   21    Vxx=   -0.1056    axis=( -0.676249 -0.261252  0.688792)
     H   21    Vyy=   -0.3351    axis=(  0.222247 -0.963791 -0.147356)
     H   21    Vzz=    0.4406    axis=(  0.702349  0.053433  0.709825)
     H   21  Q=         1.0000 1e-30 m^2  Cq=         1.0353 MHz  eta= 0.52091

     C   22    Vxx=   -0.0294    axis=( -0.111289 -0.393041  0.912761)
     C   22    Vyy=   -0.4967    axis=( -0.936828 -0.264989 -0.228329)
     C   22    Vzz=    0.5260    axis=(  0.331615 -0.880511 -0.338722)
     C   22  Q=         1.0000 1e-30 m^2  Cq=         1.2360 MHz  eta= 0.88838

     C   23    Vxx=    0.1197    axis=(  0.915478 -0.322270 -0.240920)
     C   23    Vyy=    0.3198    axis=(  0.400519  0.787207  0.468924)
     C   23    Vzz=   -0.4395    axis=(  0.038534 -0.525782  0.849746)
     C   23  Q=         1.0000 1e-30 m^2  Cq=        -1.0326 MHz  eta= 0.45538

     Cl  24    Vxx=   -0.3529    axis=(  0.314359  0.048282  0.948076)
     Cl  24    Vyy=   -2.0481    axis=( -0.619688  0.767003  0.166413)
     Cl  24    Vzz=    2.4010    axis=( -0.719142 -0.639825  0.271034)
     Cl  24  Q=        -8.1650 1e-30 m^2  Cq=       -46.0623 MHz  eta= 0.70604

     Initialization:
     gipaw_setup  :      9.10s CPU     10.96s WALL (       1 calls)

     Linear response

     Apply operators

     Induced current

     Other routines
     efg          :      9.34s CPU     11.78s WALL (       1 calls)

     General routines
     calbec       :      3.34s CPU      4.51s WALL (      16 calls)
     fft          :      1.82s CPU      3.19s WALL (      15 calls)
     ffts         :      0.05s CPU      0.09s WALL (       2 calls)
     fftw         :      3.25s CPU      3.90s WALL (     672 calls)
     davcio       :      0.02s CPU      0.32s WALL (      32 calls)

     Parallel routines
     fft_scatter  :      2.46s CPU      4.30s WALL (     689 calls)

     Plugins

     GIPAW        :     61.52s CPU     73.71s WALL (       1 calls)
