
     Program QE v.6.0 (svn rev. 13079) starts on 20Jan2017 at  7:21: 1 

     This program is part of the open-source Quantum ESPRESSO suite
     for quantum simulation of materials; please cite
         "P. Giannozzi et al., J. Phys.:Condens. Matter 21 395502 (2009);
          URL http://www.quantum-espresso.org", 
     in publications or presentations arising from this work. More details at
     http://www.quantum-espresso.org/quote

     Parallel version (MPI), running on     8 processors
     R & G space division:  proc/nbgrp/npool/nimage =       8

     ***** This is GIPAW svn revision unknown      *****

     Parallelizing q-star over 1 images

     Reading data from directory:
     /users/majewski/paradichlorobenzene/pbe/9_constraint/scratch/pbe.ecut100.np8.dt60.pcl2phi-129368.save
     Message from routine read_xml_file:
     file /users/majewski/paradichlorobenzene/pbe/9_constraint/scratch/pbe.ecut100.np8.dt60.pcl2phi-129368.save not guaranteed to be safe for post-processing

   Info: using nr1, nr2, nr3 values from input

   Info: using nr1, nr2, nr3 values from input

     IMPORTANT: XC functional enforced from input :
     Exchange-correlation      =  SLA  PW   PBX  PBC ( 1  4  3  4 0 0)
     Any further DFT definition will be discarded
     Please, verify this is what you really want

               file C.pbe-n-kjpaw_psl.1.0.0.UPF: wavefunction(s)  2S 2P renormalized
               file Cl.pbe-n-kjpaw_psl.1.0.0.UPF: wavefunction(s)  3S 3P renormalized
               file H.pbe-kjpaw_psl.1.0.0.UPF: wavefunction(s)  1S renormalized

     Parallelization info
     --------------------
     sticks:   dense  smooth     PW     G-vecs:    dense   smooth      PW
     Min        3057    1223    332               144436    36536    5170
     Max        3059    1225    333               144437    36537    5171
     Sum       24467    9791   2657              1155489   292295   41363


     Subspace diagonalization in iterative solution of the eigenvalue problem:
     a serial algorithm will be used

     GIPAW projectors -----------------------------------------------
     atom=  C    l=0  rc=    1.2000  rs=    0.8000
     atom=  C    l=0  rc=    1.2000  rs=    0.8000
     atom=  C    l=1  rc=    1.4000  rs=    0.9333
     atom=  C    l=1  rc=    1.4000  rs=    0.9333
     projs nearly linearly dependent: l=1  n1,n2= 1, 2  s=  0.99951561

     atom=  Cl   l=0  rc=    1.6000  rs=    1.0667
     atom=  Cl   l=0  rc=    1.6000  rs=    1.0667
     atom=  Cl   l=1  rc=    1.6000  rs=    1.0667
     atom=  Cl   l=1  rc=    1.6000  rs=    1.0667
     atom=  Cl   l=2  rc=    1.6000  rs=    1.0667
     atom=  Cl   l=2  rc=    1.6000  rs=    1.0667
     projs nearly linearly dependent: l=2  n1,n2= 1, 2  s=  0.99993509

     atom=  H    l=0  rc=    1.0000  rs=    0.6667
     atom=  H    l=0  rc=    1.0000  rs=    0.6667
     projs nearly linearly dependent: l=0  n1,n2= 1, 2  s=  0.99968852
     -----------------------------------------------------------------

     GIPAW integrals: -------------------------------------------
     Atom  i/j   nmr_para   nmr_dia   epr_rmc  epr_para   epr_dia
       C   1 1   0.83E+03  0.17E-01  0.93E+01  0.24E+08  0.24E+03
       C   2 1   0.86E+03 -0.61E-01  0.94E+01  0.25E+08  0.25E+03
       C   2 2   0.90E+03 -0.15E+00  0.97E+01  0.26E+08  0.26E+03
       C   3 3   0.33E+01  0.34E+00  0.18E+01  0.55E+03  0.21E+02
       C   4 3   0.35E+01  0.37E+00  0.20E+01  0.59E+03  0.22E+02
       C   4 4   0.38E+01  0.39E+00  0.22E+01  0.63E+03  0.24E+02
       Cl  1 1   0.14E+04 -0.47E+00  0.84E+01  0.32E+09  0.42E+03
       Cl  2 1   0.21E+04 -0.37E+00  0.12E+02  0.49E+09  0.65E+03
       Cl  2 2   0.33E+04 -0.16E+00  0.21E+02  0.76E+09  0.10E+04
       Cl  3 3   0.21E+02  0.79E-01  0.89E+01  0.23E+05  0.13E+03
       Cl  4 3   0.24E+02  0.67E-01  0.99E+01  0.27E+05  0.15E+03
       Cl  4 4   0.28E+02  0.44E-01  0.11E+02  0.32E+05  0.18E+03
       Cl  5 5   0.77E+00  0.19E+00  0.18E+01  0.12E+03  0.22E+02
       Cl  6 5   0.80E+00  0.19E+00  0.19E+01  0.12E+03  0.23E+02
       Cl  6 6   0.83E+00  0.20E+00  0.19E+01  0.12E+03  0.23E+02
       H   1 1   0.39E+02  0.19E+00  0.29E+00  0.78E+05  0.13E+02
       H   2 1   0.41E+02  0.21E+00  0.32E+00  0.82E+05  0.14E+02
       H   2 2   0.43E+02  0.22E+00  0.36E+00  0.86E+05  0.15E+02
     ------------------------------------------------------------

     alpha_pv=     34.2767 eV

     Number of occupied bands for each k-point:
     k-point:     1    nbnd_occ=  42
     k-point:     2    nbnd_occ=  42
     k-point:     3    nbnd_occ=  42
     k-point:     4    nbnd_occ=  42
     k-point:     5    nbnd_occ=  42
     k-point:     6    nbnd_occ=  42
     k-point:     7    nbnd_occ=  42
     k-point:     8    nbnd_occ=  42
     k-point:     9    nbnd_occ=  42
     k-point:    10    nbnd_occ=  42
     k-point:    11    nbnd_occ=  42
     k-point:    12    nbnd_occ=  42
     k-point:    13    nbnd_occ=  42
     k-point:    14    nbnd_occ=  42
     k-point:    15    nbnd_occ=  42
     k-point:    16    nbnd_occ=  42


     q-space interpolation up to   110.00 Rydberg

     GIPAW job: efg                                                                             


     ELECTRIC FIELD GRADIENTS TENSORS IN Hartree/bohrradius^2:

     ----- bare term -----
     Cl   1        0.115655        0.035320        0.038992
     Cl   1        0.035320       -0.142548       -0.081428
     Cl   1        0.038992       -0.081428        0.026892

     C    2       -0.707055        0.445230       -0.343963
     C    2        0.445230        0.345105       -0.129438
     C    2       -0.343963       -0.129438        0.361950

     C    3        0.349690        0.042800       -0.214211
     C    3        0.042800       -0.247970       -0.407628
     C    3       -0.214211       -0.407628       -0.101720

     H    4        0.036374        0.198072       -0.385331
     H    4        0.198072       -0.056130        0.119435
     H    4       -0.385331        0.119435        0.019756

     C    5       -0.521206        0.288801       -0.063090
     C    5        0.288801        0.158882        0.032319
     C    5       -0.063090        0.032319        0.362324

     H    6        0.503319       -0.009511        0.117620
     H    6       -0.009511        0.039251       -0.139504
     H    6        0.117620       -0.139504       -0.542570

     H    7        0.340469        0.225770        0.042451
     H    7        0.225770       -0.628042       -0.113839
     H    7        0.042451       -0.113839        0.287573

     C    8        0.120850        0.022497       -0.089367
     C    8        0.022497       -0.190501        0.264232
     C    8       -0.089367        0.264232        0.069651

     H    9       -0.202277        0.381952        0.077593
     H    9        0.381952       -0.081705       -0.146602
     H    9        0.077593       -0.146602        0.283982

     C   10       -0.160098        0.044126        0.150790
     C   10        0.044126       -0.153981       -0.268028
     C   10        0.150790       -0.268028        0.314079

     C   11        0.268448        0.021206       -0.125970
     C   11        0.021206       -0.173178        0.413156
     C   11       -0.125970        0.413156       -0.095270

     Cl  12        0.085326       -0.166270        0.093181
     Cl  12       -0.166270       -0.168478       -0.382146
     Cl  12        0.093181       -0.382146        0.083152

     H   13        0.434074        0.047590        0.163244
     H   13        0.047590       -0.054574       -0.572096
     H   13        0.163244       -0.572096       -0.379500

     C   14       -0.124402       -0.126743       -0.360175
     C   14       -0.126743       -0.138264       -0.334138
     C   14       -0.360175       -0.334138        0.262665

     H   15       -0.199638       -0.167174       -0.511084
     H   15       -0.167174        0.391572       -0.166643
     H   15       -0.511084       -0.166643       -0.191934

     C   16       -0.672732        0.327359       -0.311615
     C   16        0.327359        0.267119       -0.103815
     C   16       -0.311615       -0.103815        0.405613

     C   17        0.062797       -0.144240       -0.323705
     C   17       -0.144240       -0.013550       -0.639276
     C   17       -0.323705       -0.639276       -0.049246

     Cl  18       -0.243264        0.296543       -0.001635
     Cl  18        0.296543        0.087738       -0.067127
     Cl  18       -0.001635       -0.067127        0.155526

     H   19        0.447245        0.209795        0.054923
     H   19        0.209795       -0.562959       -0.065669
     H   19        0.054923       -0.065669        0.115714

     C   20       -0.847408       -0.356081       -0.481703
     C   20       -0.356081        0.315924       -0.038179
     C   20       -0.481703       -0.038179        0.531484

     H   21       -0.535298        0.123704        0.215344
     H   21        0.123704        0.361713        0.206957
     H   21        0.215344        0.206957        0.173585

     C   22        0.193321        0.005835       -0.047718
     C   22        0.005835       -0.515991        0.414596
     C   22       -0.047718        0.414596        0.322670

     C   23       -0.807273       -0.468730       -0.360177
     C   23       -0.468730        0.340612        0.019995
     C   23       -0.360177        0.019995        0.466661

     Cl  24       -0.032790        0.007238        0.051063
     Cl  24        0.007238       -0.024952       -0.071070
     Cl  24        0.051063       -0.071070        0.057742

     ----- ionic term -----
     Cl   1        0.123958       -0.232968       -0.023427
     Cl   1       -0.232968        0.012209        0.024896
     Cl   1       -0.023427        0.024896       -0.136167

     C    2        0.074911       -0.227069        0.268774
     C    2       -0.227069        0.011123        0.515831
     C    2        0.268774        0.515831       -0.086034

     C    3        0.079742       -0.272637        0.197783
     C    3       -0.272637        0.059088        0.448989
     C    3        0.197783        0.448989       -0.138830

     H    4        0.535586        0.064732        0.749610
     H    4        0.064732       -0.513217        0.109676
     H    4        0.749610        0.109676       -0.022369

     C    5        0.251873       -0.245964        0.245123
     C    5       -0.245964       -0.046712        0.328653
     C    5        0.245123        0.328653       -0.205160

     H    6       -0.530435       -0.055718       -0.032884
     H    6       -0.055718        0.467171        0.802491
     H    6       -0.032884        0.802491        0.063264

     H    7       -0.522610       -0.158586        0.044736
     H    7       -0.158586        0.946837       -0.438411
     H    7        0.044736       -0.438411       -0.424228

     C    8        0.374569        0.087673        0.053793
     C    8        0.087673        0.112104       -0.280004
     C    8        0.053793       -0.280004       -0.486673

     H    9        0.872799       -0.369432        0.418525
     H    9       -0.369432       -0.388085       -0.185523
     H    9        0.418525       -0.185523       -0.484714

     C   10        0.262978        0.138084        0.006445
     C   10        0.138084        0.218653       -0.364573
     C   10        0.006445       -0.364573       -0.481631

     C   11        0.232913        0.023808        0.018705
     C   11        0.023808        0.267887       -0.348720
     C   11        0.018705       -0.348720       -0.500801

     Cl  12        0.126853        0.166479       -0.037548
     Cl  12        0.166479        0.012648       -0.037841
     Cl  12       -0.037548       -0.037841       -0.139501

     H   13       -0.521357        0.009147        0.037070
     H   13        0.009147        0.337772        0.803815
     H   13        0.037070        0.803815        0.183585

     C   14        0.255751       -0.278693        0.259319
     C   14       -0.278693       -0.106165        0.332036
     C   14        0.259319        0.332036       -0.149585

     H   15        0.585883       -0.003798        0.731689
     H   15       -0.003798       -0.568560        0.091338
     H   15        0.731689        0.091338       -0.017323

     C   16        0.171656       -0.345136        0.166249
     C   16       -0.345136       -0.011961        0.401238
     C   16        0.166249        0.401238       -0.159695

     C   17        0.195334       -0.196296        0.293834
     C   17       -0.196296       -0.073113        0.431115
     C   17        0.293834        0.431115       -0.122221

     Cl  18        0.137520       -0.183268        0.004950
     Cl  18       -0.183268        0.000711        0.012394
     Cl  18        0.004950        0.012394       -0.138231

     H   19       -0.518734       -0.103202       -0.002821
     H   19       -0.103202        1.066170       -0.248552
     H   19       -0.002821       -0.248552       -0.547436

     C   20        0.333918        0.095070        0.008362
     C   20        0.095070        0.230416       -0.195347
     C   20        0.008362       -0.195347       -0.564334

     H   21        0.804112       -0.439202        0.432227
     H   21       -0.439202       -0.315002       -0.192066
     H   21        0.432227       -0.192066       -0.489110

     C   22        0.226998        0.149741        0.055527
     C   22        0.149741        0.299745       -0.315644
     C   22        0.055527       -0.315644       -0.526743

     C   23        0.298239        0.084915        0.113989
     C   23        0.084915        0.228877       -0.318288
     C   23        0.113989       -0.318288       -0.527116

     Cl  24        0.179662        0.230832       -0.021529
     Cl  24        0.230832       -0.018856       -0.016120
     Cl  24       -0.021529       -0.016120       -0.160806

     ----- GIPAW term -----
     Cl   1       -0.189092       -0.668837        0.426151
     Cl   1       -0.668837        1.324069        1.659394
     Cl   1        0.426151        1.659394       -1.134977

     C    2       -0.167899       -0.006233       -0.035537
     C    2       -0.006233        0.290160        0.017238
     C    2       -0.035537        0.017238       -0.122261

     C    3       -0.000198       -0.010994       -0.019814
     C    3       -0.010994        0.074129        0.009354
     C    3       -0.019814        0.009354       -0.073931

     H    4       -0.000000        0.000000        0.000000
     H    4        0.000000        0.000000        0.000000
     H    4        0.000000        0.000000        0.000000

     C    5       -0.055543       -0.032977        0.023176
     C    5       -0.032977        0.059794        0.003324
     C    5        0.023176        0.003324       -0.004251

     H    6       -0.000000        0.000000        0.000000
     H    6        0.000000        0.000000        0.000000
     H    6        0.000000        0.000000        0.000000

     H    7       -0.000000        0.000000        0.000000
     H    7        0.000000        0.000000        0.000000
     H    7        0.000000        0.000000        0.000000

     C    8       -0.015775       -0.018813        0.008390
     C    8       -0.018813        0.108375        0.021206
     C    8        0.008390        0.021206       -0.092600

     H    9       -0.000000        0.000000        0.000000
     H    9        0.000000        0.000000        0.000000
     H    9        0.000000        0.000000        0.000000

     C   10        0.009819        0.027065        0.019331
     C   10        0.027065       -0.016749       -0.042673
     C   10        0.019331       -0.042673        0.006930

     C   11        0.020720       -0.002593       -0.013170
     C   11       -0.002593        0.067340        0.004579
     C   11       -0.013170        0.004579       -0.088060

     Cl  12       -0.359341       -0.117047       -0.353238
     Cl  12       -0.117047        0.281289        0.843330
     Cl  12       -0.353238        0.843330        0.078052

     H   13       -0.000000        0.000000        0.000000
     H   13        0.000000        0.000000        0.000000
     H   13        0.000000        0.000000        0.000000

     C   14       -0.087989       -0.128449       -0.110330
     C   14       -0.128449        0.065150        0.114863
     C   14       -0.110330        0.114863        0.022839

     H   15       -0.000000        0.000000        0.000000
     H   15        0.000000        0.000000        0.000000
     H   15        0.000000        0.000000        0.000000

     C   16       -0.205426       -0.075206       -0.086886
     C   16       -0.075206        0.251684        0.107115
     C   16       -0.086886        0.107115       -0.046258

     C   17       -0.045112       -0.073519       -0.036445
     C   17       -0.073519        0.176034       -0.112976
     C   17       -0.036445       -0.112976       -0.130922

     Cl  18       -1.128358       -0.064167       -0.308327
     Cl  18       -0.064167        2.447024       -1.552628
     Cl  18       -0.308327       -1.552628       -1.318666

     H   19       -0.000000        0.000000        0.000000
     H   19        0.000000        0.000000        0.000000
     H   19        0.000000        0.000000        0.000000

     C   20       -0.173495        0.030926       -0.108023
     C   20        0.030926        0.097646       -0.182663
     C   20       -0.108023       -0.182663        0.075849

     H   21       -0.000000        0.000000        0.000000
     H   21        0.000000        0.000000        0.000000
     H   21        0.000000        0.000000        0.000000

     C   22       -0.046249        0.045219       -0.018281
     C   22        0.045219       -0.032505       -0.113856
     C   22       -0.018281       -0.113856        0.078754

     C   23       -0.166994       -0.005022       -0.031586
     C   23       -0.005022        0.216809       -0.133948
     C   23       -0.031586       -0.133948       -0.049815

     Cl  24       -0.353947        1.784501       -0.027156
     Cl  24        1.784501        0.212749       -2.067337
     Cl  24       -0.027156       -2.067337        0.141198

     ----- total EFG -----
     Cl   1        0.050522       -0.866485        0.441716
     Cl   1       -0.866485        1.193730        1.602862
     Cl   1        0.441716        1.602862       -1.244252

     C    2       -0.800043        0.211928       -0.110726
     C    2        0.211928        0.646388        0.403632
     C    2       -0.110726        0.403632        0.153655

     C    3        0.429235       -0.240831       -0.036243
     C    3       -0.240831       -0.114753        0.050715
     C    3       -0.036243        0.050715       -0.314482

     H    4        0.571959        0.262805        0.364278
     H    4        0.262805       -0.569347        0.229111
     H    4        0.364278        0.229111       -0.002613

     C    5       -0.324876        0.009860        0.205209
     C    5        0.009860        0.171964        0.364296
     C    5        0.205209        0.364296        0.152913

     H    6       -0.027116       -0.065230        0.084737
     H    6       -0.065230        0.506422        0.662987
     H    6        0.084737        0.662987       -0.479306

     H    7       -0.182140        0.067184        0.087186
     H    7        0.067184        0.318795       -0.552250
     H    7        0.087186       -0.552250       -0.136655

     C    8        0.479644        0.091357       -0.027184
     C    8        0.091357        0.029978        0.005434
     C    8       -0.027184        0.005434       -0.509622

     H    9        0.670522        0.012520        0.496118
     H    9        0.012520       -0.469790       -0.332125
     H    9        0.496118       -0.332125       -0.200732

     C   10        0.112699        0.209275        0.176567
     C   10        0.209275        0.047923       -0.675274
     C   10        0.176567       -0.675274       -0.160622

     C   11        0.522081        0.042421       -0.120435
     C   11        0.042421        0.162050        0.069016
     C   11       -0.120435        0.069016       -0.684131

     Cl  12       -0.147163       -0.116838       -0.297606
     Cl  12       -0.116838        0.125460        0.423343
     Cl  12       -0.297606        0.423343        0.021703

     H   13       -0.087283        0.056737        0.200315
     H   13        0.056737        0.283198        0.231719
     H   13        0.200315        0.231719       -0.195915

     C   14        0.043361       -0.533886       -0.211186
     C   14       -0.533886       -0.179279        0.112762
     C   14       -0.211186        0.112762        0.135918

     H   15        0.386245       -0.170972        0.220605
     H   15       -0.170972       -0.176987       -0.075305
     H   15        0.220605       -0.075305       -0.209257

     C   16       -0.706502       -0.092982       -0.232251
     C   16       -0.092982        0.506842        0.404538
     C   16       -0.232251        0.404538        0.199659

     C   17        0.213018       -0.414055       -0.066316
     C   17       -0.414055        0.089371       -0.321136
     C   17       -0.066316       -0.321136       -0.302389

     Cl  18       -1.234102        0.049108       -0.305012
     Cl  18        0.049108        2.535473       -1.607362
     Cl  18       -0.305012       -1.607362       -1.301372

     H   19       -0.071489        0.106592        0.052102
     H   19        0.106592        0.503211       -0.314221
     H   19        0.052102       -0.314221       -0.431722

     C   20       -0.686985       -0.230085       -0.581364
     C   20       -0.230085        0.643986       -0.416189
     C   20       -0.581364       -0.416189        0.042999

     H   21        0.268814       -0.315499        0.647570
     H   21       -0.315499        0.046711        0.014892
     H   21        0.647570        0.014892       -0.315525

     C   22        0.374069        0.200795       -0.010472
     C   22        0.200795       -0.248750       -0.014904
     C   22       -0.010472       -0.014904       -0.125320

     C   23       -0.676028       -0.388837       -0.277775
     C   23       -0.388837        0.786298       -0.432241
     C   23       -0.277775       -0.432241       -0.110270

     Cl  24       -0.207075        2.022571        0.002379
     Cl  24        2.022571        0.168941       -2.154528
     Cl  24        0.002379       -2.154528        0.038134

     ----- total EFG (symmetrized) -----
     Cl   1        0.050522       -0.866485        0.441716
     Cl   1       -0.866485        1.193730        1.602862
     Cl   1        0.441716        1.602862       -1.244252

     C    2       -0.800043        0.211928       -0.110726
     C    2        0.211928        0.646388        0.403632
     C    2       -0.110726        0.403632        0.153655

     C    3        0.429235       -0.240831       -0.036243
     C    3       -0.240831       -0.114753        0.050715
     C    3       -0.036243        0.050715       -0.314482

     H    4        0.571959        0.262805        0.364278
     H    4        0.262805       -0.569347        0.229111
     H    4        0.364278        0.229111       -0.002613

     C    5       -0.324876        0.009860        0.205209
     C    5        0.009860        0.171964        0.364296
     C    5        0.205209        0.364296        0.152913

     H    6       -0.027116       -0.065230        0.084737
     H    6       -0.065230        0.506422        0.662987
     H    6        0.084737        0.662987       -0.479306

     H    7       -0.182140        0.067184        0.087186
     H    7        0.067184        0.318795       -0.552250
     H    7        0.087186       -0.552250       -0.136655

     C    8        0.479644        0.091357       -0.027184
     C    8        0.091357        0.029978        0.005434
     C    8       -0.027184        0.005434       -0.509622

     H    9        0.670522        0.012520        0.496118
     H    9        0.012520       -0.469790       -0.332125
     H    9        0.496118       -0.332125       -0.200732

     C   10        0.112699        0.209275        0.176567
     C   10        0.209275        0.047923       -0.675274
     C   10        0.176567       -0.675274       -0.160622

     C   11        0.522081        0.042421       -0.120435
     C   11        0.042421        0.162050        0.069016
     C   11       -0.120435        0.069016       -0.684131

     Cl  12       -0.147163       -0.116838       -0.297606
     Cl  12       -0.116838        0.125460        0.423343
     Cl  12       -0.297606        0.423343        0.021703

     H   13       -0.087283        0.056737        0.200315
     H   13        0.056737        0.283198        0.231719
     H   13        0.200315        0.231719       -0.195915

     C   14        0.043361       -0.533886       -0.211186
     C   14       -0.533886       -0.179279        0.112762
     C   14       -0.211186        0.112762        0.135918

     H   15        0.386245       -0.170972        0.220605
     H   15       -0.170972       -0.176987       -0.075305
     H   15        0.220605       -0.075305       -0.209257

     C   16       -0.706502       -0.092982       -0.232251
     C   16       -0.092982        0.506842        0.404538
     C   16       -0.232251        0.404538        0.199659

     C   17        0.213018       -0.414055       -0.066316
     C   17       -0.414055        0.089371       -0.321136
     C   17       -0.066316       -0.321136       -0.302389

     Cl  18       -1.234102        0.049108       -0.305012
     Cl  18        0.049108        2.535473       -1.607362
     Cl  18       -0.305012       -1.607362       -1.301372

     H   19       -0.071489        0.106592        0.052102
     H   19        0.106592        0.503211       -0.314221
     H   19        0.052102       -0.314221       -0.431722

     C   20       -0.686985       -0.230085       -0.581364
     C   20       -0.230085        0.643986       -0.416189
     C   20       -0.581364       -0.416189        0.042999

     H   21        0.268814       -0.315499        0.647570
     H   21       -0.315499        0.046711        0.014892
     H   21        0.647570        0.014892       -0.315525

     C   22        0.374069        0.200795       -0.010472
     C   22        0.200795       -0.248750       -0.014904
     C   22       -0.010472       -0.014904       -0.125320

     C   23       -0.676028       -0.388837       -0.277775
     C   23       -0.388837        0.786298       -0.432241
     C   23       -0.277775       -0.432241       -0.110270

     Cl  24       -0.207075        2.022571        0.002379
     Cl  24        2.022571        0.168941       -2.154528
     Cl  24        0.002379       -2.154528        0.038134


     NQR/NMR SPECTROSCOPIC PARAMETERS:
     Cl   1    Vxx=    0.1467    axis=(  0.902857  0.111510  0.415228)
     Cl   1    Vyy=    2.1598    axis=( -0.282852  0.881401  0.378322)
     Cl   1    Vzz=   -2.3064    axis=( -0.323795 -0.459019  0.827320)
     Cl   1  Q=        -8.1650 1e-30 m^2  Cq=        44.2479 MHz  eta= 0.87283

     C    2    Vxx=   -0.0225    axis=( -0.243673 -0.443321  0.862607)
     C    2    Vyy=   -0.8608    axis=( -0.966608  0.183751 -0.178616)
     C    2    Vzz=    0.8833    axis=( -0.079321 -0.877327 -0.473293)
     C    2  Q=         1.0000 1e-30 m^2  Cq=         2.0754 MHz  eta= 0.94904

     C    3    Vxx=   -0.1963    axis=(  0.359422  0.892459  0.272640)
     C    3    Vyy=   -0.3275    axis=( -0.041982 -0.276404  0.960124)
     C    3    Vzz=    0.5237    axis=(  0.932230 -0.356535 -0.061878)
     C    3  Q=         1.0000 1e-30 m^2  Cq=         1.2306 MHz  eta= 0.25059

     H    4    Vxx=   -0.1635    axis=( -0.485468  0.169768  0.857613)
     H    4    Vyy=   -0.6665    axis=( -0.126328  0.957048 -0.260962)
     H    4    Vzz=    0.8300    axis=( -0.865079 -0.235030 -0.443169)
     H    4  Q=         1.0000 1e-30 m^2  Cq=         1.9501 MHz  eta= 0.60609

     C    5    Vxx=   -0.1201    axis=( -0.501215  0.681721 -0.532954)
     C    5    Vyy=   -0.4333    axis=( -0.847742 -0.263326  0.460427)
     C    5    Vzz=    0.5534    axis=(  0.173542  0.682580  0.709907)
     C    5  Q=         1.0000 1e-30 m^2  Cq=         1.3002 MHz  eta= 0.56598

     H    6    Vxx=   -0.0138    axis=(  0.991196 -0.037533  0.126971)
     H    6    Vyy=   -0.8264    axis=( -0.130301 -0.446692  0.885149)
     H    6    Vzz=    0.8401    axis=(  0.023495 -0.893900 -0.447650)
     H    6  Q=         1.0000 1e-30 m^2  Cq=         1.9740 MHz  eta= 0.96717

     H    7    Vxx=   -0.1485    axis=( -0.955946 -0.156247 -0.248505)
     H    7    Vyy=   -0.5400    axis=( -0.293420  0.533201  0.793474)
     H    7    Vzz=    0.6885    axis=( -0.008525 -0.831435  0.555557)
     H    7  Q=         1.0000 1e-30 m^2  Cq=         1.6177 MHz  eta= 0.56864

     C    8    Vxx=    0.0123    axis=( -0.190697  0.981442  0.020150)
     C    8    Vyy=    0.4981    axis=( -0.981226 -0.191177  0.025437)
     C    8    Vzz=   -0.5105    axis=(  0.028817 -0.014921  0.999473)
     C    8  Q=         1.0000 1e-30 m^2  Cq=        -1.1994 MHz  eta= 0.95166

     H    9    Vxx=   -0.1460    axis=( -0.377977 -0.669967  0.638967)
     H    9    Vyy=   -0.7612    axis=( -0.227320  0.736199  0.637446)
     H    9    Vzz=    0.9072    axis=(  0.897474 -0.095690  0.430563)
     H    9  Q=         1.0000 1e-30 m^2  Cq=         2.1316 MHz  eta= 0.67820

     C   10    Vxx=    0.1871    axis=( -0.955626 -0.108921 -0.273706)
     C   10    Vyy=    0.6311    axis=( -0.094040 -0.767720  0.633847)
     C   10    Vzz=   -0.8182    axis=( -0.279169  0.631460  0.723411)
     C   10  Q=         1.0000 1e-30 m^2  Cq=        -1.9224 MHz  eta= 0.54260

     C   11    Vxx=    0.1648    axis=( -0.086459  0.991914  0.092904)
     C   11    Vyy=    0.5374    axis=( -0.991179 -0.095045  0.092356)
     C   11    Vzz=   -0.7022    axis=(  0.100440 -0.084099  0.991382)
     C   11  Q=         1.0000 1e-30 m^2  Cq=        -1.6499 MHz  eta= 0.53056

     Cl  12    Vxx=   -0.1602    axis=( -0.754772 -0.621183  0.210833)
     Cl  12    Vyy=   -0.4501    axis=(  0.548071 -0.420537  0.723026)
     Cl  12    Vzz=    0.6103    axis=(  0.360469 -0.661271 -0.657862)
     Cl  12  Q=        -8.1650 1e-30 m^2  Cq=       -11.7085 MHz  eta= 0.47505

     H   13    Vxx=   -0.0255    axis=(  0.819749 -0.432508  0.375431)
     H   13    Vyy=   -0.3868    axis=(  0.506985  0.243066 -0.826974)
     H   13    Vzz=    0.4123    axis=(  0.266418  0.868248  0.418528)
     H   13  Q=         1.0000 1e-30 m^2  Cq=         0.9688 MHz  eta= 0.87641

     C   14    Vxx=    0.0188    axis=(  0.312593 -0.336934  0.888122)
     C   14    Vyy=    0.5975    axis=( -0.701671  0.548312  0.454985)
     C   14    Vzz=   -0.6163    axis=( -0.640268 -0.765395 -0.065018)
     C   14  Q=         1.0000 1e-30 m^2  Cq=        -1.4481 MHz  eta= 0.93897

     H   15    Vxx=   -0.2224    axis=(  0.327301  0.926679 -0.184768)
     H   15    Vyy=   -0.2871    axis=( -0.237223  0.269859  0.933221)
     H   15    Vzz=    0.5095    axis=( -0.914658  0.261613 -0.308155)
     H   15  Q=         1.0000 1e-30 m^2  Cq=         1.1971 MHz  eta= 0.12710

     C   16    Vxx=   -0.0523    axis=( -0.192102 -0.595988  0.779676)
     C   16    Vyy=   -0.7626    axis=( -0.971681  0.004118 -0.236261)
     C   16    Vzz=    0.8149    axis=(  0.137598 -0.802983 -0.579901)
     C   16  Q=         1.0000 1e-30 m^2  Cq=         1.9148 MHz  eta= 0.87153

     C   17    Vxx=   -0.0173    axis=(  0.617295  0.447111 -0.647332)
     C   17    Vyy=   -0.5839    axis=(  0.358729  0.572333  0.737393)
     C   17    Vzz=    0.6012    axis=( -0.700186  0.687405 -0.192907)
     C   17  Q=         1.0000 1e-30 m^2  Cq=         1.4127 MHz  eta= 0.94231

     Cl  18    Vxx=   -1.1415    axis=(  0.939577 -0.147578 -0.308894)
     Cl  18    Vyy=   -1.9835    axis=(  0.340586  0.311800  0.887008)
     Cl  18    Vzz=    3.1250    axis=( -0.034590 -0.938617  0.343223)
     Cl  18  Q=        -8.1650 1e-30 m^2  Cq=       -59.9524 MHz  eta= 0.26943

     H   19    Vxx=   -0.0685    axis=(  0.976842 -0.071240  0.201753)
     H   19    Vyy=   -0.5416    axis=(  0.171952 -0.299748 -0.938394)
     H   19    Vzz=    0.6101    axis=(  0.127326  0.951355 -0.280557)
     H   19  Q=         1.0000 1e-30 m^2  Cq=         1.4336 MHz  eta= 0.77546

     C   20    Vxx=    0.2437    axis=(  0.552657 -0.426702 -0.715888)
     C   20    Vyy=    0.8599    axis=( -0.051033 -0.874703  0.481965)
     C   20    Vzz=   -1.1036    axis=(  0.831845  0.229828  0.505186)
     C   20  Q=         1.0000 1e-30 m^2  Cq=        -2.5931 MHz  eta= 0.55830

     H   21    Vxx=   -0.0028    axis=( -0.161008 -0.912165 -0.376871)
     H   21    Vyy=   -0.7771    axis=(  0.561455  0.229392 -0.795077)
     H   21    Vzz=    0.7799    axis=(  0.811692 -0.339610  0.475206)
     H   21  Q=         1.0000 1e-30 m^2  Cq=         1.8325 MHz  eta= 0.99275

     C   22    Vxx=   -0.1250    axis=(  0.041917 -0.052143  0.997760)
     C   22    Vyy=   -0.3086    axis=(  0.280775 -0.957779 -0.061849)
     C   22    Vzz=    0.4336    axis=( -0.958858 -0.282738  0.025506)
     C   22  Q=         1.0000 1e-30 m^2  Cq=         1.0187 MHz  eta= 0.42346

     C   23    Vxx=   -0.0497    axis=(  0.499563 -0.203059 -0.842143)
     C   23    Vyy=   -0.9534    axis=(  0.850839  0.297729  0.432932)
     C   23    Vzz=    1.0031    axis=(  0.162820 -0.932805  0.321505)
     C   23  Q=         1.0000 1e-30 m^2  Cq=         2.3570 MHz  eta= 0.90088

     Cl  24    Vxx=   -0.0894    axis=(  0.725971  0.041433  0.686476)
     Cl  24    Vyy=   -2.9156    axis=(  0.516790 -0.691460 -0.504788)
     Cl  24    Vzz=    3.0050    axis=( -0.453756 -0.721225  0.523393)
     Cl  24  Q=        -8.1650 1e-30 m^2  Cq=       -57.6489 MHz  eta= 0.94050

     Initialization:
     gipaw_setup  :      9.03s CPU     10.74s WALL (       1 calls)

     Linear response

     Apply operators

     Induced current

     Other routines
     efg          :      9.47s CPU     11.85s WALL (       1 calls)

     General routines
     calbec       :      3.28s CPU      4.32s WALL (      16 calls)
     fft          :      1.60s CPU      2.40s WALL (      15 calls)
     ffts         :      0.05s CPU      0.05s WALL (       2 calls)
     fftw         :      3.38s CPU      4.01s WALL (     672 calls)
     davcio       :      0.03s CPU      0.31s WALL (      32 calls)

     Parallel routines
     fft_scatter  :      2.28s CPU      3.52s WALL (     689 calls)

     Plugins

     GIPAW        :     60.90s CPU     72.05s WALL (       1 calls)
