
     Program QE v.6.0 (svn rev. 13079) starts on 24Jan2017 at 12:50:49 

     This program is part of the open-source Quantum ESPRESSO suite
     for quantum simulation of materials; please cite
         "P. Giannozzi et al., J. Phys.:Condens. Matter 21 395502 (2009);
          URL http://www.quantum-espresso.org", 
     in publications or presentations arising from this work. More details at
     http://www.quantum-espresso.org/quote

     Parallel version (MPI), running on     8 processors
     R & G space division:  proc/nbgrp/npool/nimage =       8

     ***** This is GIPAW svn revision unknown      *****

     Parallelizing q-star over 1 images

     Reading data from directory:
     /users/majewski/paradichlorobenzene/pbe/9_constraint/scratch/pbe.ecut100.np8.dt60.pcl2phi-129368.save
     Message from routine read_xml_file:
     file /users/majewski/paradichlorobenzene/pbe/9_constraint/scratch/pbe.ecut100.np8.dt60.pcl2phi-129368.save not guaranteed to be safe for post-processing

   Info: using nr1, nr2, nr3 values from input

   Info: using nr1, nr2, nr3 values from input

     IMPORTANT: XC functional enforced from input :
     Exchange-correlation      =  SLA  PW   PBX  PBC ( 1  4  3  4 0 0)
     Any further DFT definition will be discarded
     Please, verify this is what you really want

               file C.pbe-n-kjpaw_psl.1.0.0.UPF: wavefunction(s)  2S 2P renormalized
               file Cl.pbe-n-kjpaw_psl.1.0.0.UPF: wavefunction(s)  3S 3P renormalized
               file H.pbe-kjpaw_psl.1.0.0.UPF: wavefunction(s)  1S renormalized

     Parallelization info
     --------------------
     sticks:   dense  smooth     PW     G-vecs:    dense   smooth      PW
     Min        3057    1223    332               144436    36536    5170
     Max        3059    1225    333               144437    36537    5171
     Sum       24467    9791   2657              1155489   292295   41363


     Subspace diagonalization in iterative solution of the eigenvalue problem:
     a serial algorithm will be used

     GIPAW projectors -----------------------------------------------
     atom=  C    l=0  rc=    1.2000  rs=    0.8000
     atom=  C    l=0  rc=    1.2000  rs=    0.8000
     atom=  C    l=1  rc=    1.4000  rs=    0.9333
     atom=  C    l=1  rc=    1.4000  rs=    0.9333
     projs nearly linearly dependent: l=1  n1,n2= 1, 2  s=  0.99951561

     atom=  Cl   l=0  rc=    1.6000  rs=    1.0667
     atom=  Cl   l=0  rc=    1.6000  rs=    1.0667
     atom=  Cl   l=1  rc=    1.6000  rs=    1.0667
     atom=  Cl   l=1  rc=    1.6000  rs=    1.0667
     atom=  Cl   l=2  rc=    1.6000  rs=    1.0667
     atom=  Cl   l=2  rc=    1.6000  rs=    1.0667
     projs nearly linearly dependent: l=2  n1,n2= 1, 2  s=  0.99993509

     atom=  H    l=0  rc=    1.0000  rs=    0.6667
     atom=  H    l=0  rc=    1.0000  rs=    0.6667
     projs nearly linearly dependent: l=0  n1,n2= 1, 2  s=  0.99968852
     -----------------------------------------------------------------

     GIPAW integrals: -------------------------------------------
     Atom  i/j   nmr_para   nmr_dia   epr_rmc  epr_para   epr_dia
       C   1 1   0.83E+03  0.17E-01  0.93E+01  0.24E+08  0.24E+03
       C   2 1   0.86E+03 -0.61E-01  0.94E+01  0.25E+08  0.25E+03
       C   2 2   0.90E+03 -0.15E+00  0.97E+01  0.26E+08  0.26E+03
       C   3 3   0.33E+01  0.34E+00  0.18E+01  0.55E+03  0.21E+02
       C   4 3   0.35E+01  0.37E+00  0.20E+01  0.59E+03  0.22E+02
       C   4 4   0.38E+01  0.39E+00  0.22E+01  0.63E+03  0.24E+02
       Cl  1 1   0.14E+04 -0.47E+00  0.84E+01  0.32E+09  0.42E+03
       Cl  2 1   0.21E+04 -0.37E+00  0.12E+02  0.49E+09  0.65E+03
       Cl  2 2   0.33E+04 -0.16E+00  0.21E+02  0.76E+09  0.10E+04
       Cl  3 3   0.21E+02  0.79E-01  0.89E+01  0.23E+05  0.13E+03
       Cl  4 3   0.24E+02  0.67E-01  0.99E+01  0.27E+05  0.15E+03
       Cl  4 4   0.28E+02  0.44E-01  0.11E+02  0.32E+05  0.18E+03
       Cl  5 5   0.77E+00  0.19E+00  0.18E+01  0.12E+03  0.22E+02
       Cl  6 5   0.80E+00  0.19E+00  0.19E+01  0.12E+03  0.23E+02
       Cl  6 6   0.83E+00  0.20E+00  0.19E+01  0.12E+03  0.23E+02
       H   1 1   0.39E+02  0.19E+00  0.29E+00  0.78E+05  0.13E+02
       H   2 1   0.41E+02  0.21E+00  0.32E+00  0.82E+05  0.14E+02
       H   2 2   0.43E+02  0.22E+00  0.36E+00  0.86E+05  0.15E+02
     ------------------------------------------------------------

     alpha_pv=     34.0920 eV

     Number of occupied bands for each k-point:
     k-point:     1    nbnd_occ=  42
     k-point:     2    nbnd_occ=  42
     k-point:     3    nbnd_occ=  42
     k-point:     4    nbnd_occ=  42
     k-point:     5    nbnd_occ=  42
     k-point:     6    nbnd_occ=  42
     k-point:     7    nbnd_occ=  42
     k-point:     8    nbnd_occ=  42
     k-point:     9    nbnd_occ=  42
     k-point:    10    nbnd_occ=  42
     k-point:    11    nbnd_occ=  42
     k-point:    12    nbnd_occ=  42
     k-point:    13    nbnd_occ=  42
     k-point:    14    nbnd_occ=  42
     k-point:    15    nbnd_occ=  42
     k-point:    16    nbnd_occ=  42


     q-space interpolation up to   110.00 Rydberg

     GIPAW job: efg                                                                             


     ELECTRIC FIELD GRADIENTS TENSORS IN Hartree/bohrradius^2:

     ----- bare term -----
     Cl   1       -0.232543        0.168940        0.070415
     Cl   1        0.168940        0.000572       -0.166778
     Cl   1        0.070415       -0.166778        0.231971

     C    2       -0.069769       -0.231711       -0.339342
     C    2       -0.231711        0.049800       -0.738276
     C    2       -0.339342       -0.738276        0.019969

     C    3       -0.500304        0.335937       -0.252262
     C    3        0.335937        0.089434       -0.264945
     C    3       -0.252262       -0.264945        0.410871

     H    4       -0.149112       -0.208885       -0.423927
     H    4       -0.208885        0.087356       -0.427818
     H    4       -0.423927       -0.427818        0.061756

     C    5       -0.150876        0.122201       -0.223063
     C    5        0.122201       -0.226147       -0.304226
     C    5       -0.223063       -0.304226        0.377023

     H    6        0.409864       -0.176215       -0.192690
     H    6       -0.176215       -0.237140       -0.620044
     H    6       -0.192690       -0.620044       -0.172724

     H    7        0.402380        0.210698        0.077562
     H    7        0.210698       -0.561266        0.263142
     H    7        0.077562        0.263142        0.158886

     C    8       -0.716523       -0.319150       -0.419123
     C    8       -0.319150        0.209206        0.117688
     C    8       -0.419123        0.117688        0.507318

     H    9       -0.606321        0.150719       -0.089882
     H    9        0.150719        0.409788        0.222470
     H    9       -0.089882        0.222470        0.196534

     C   10       -0.057983       -0.154580       -0.238788
     C   10       -0.154580       -0.427970        0.460220
     C   10       -0.238788        0.460220        0.485953

     C   11       -0.593753       -0.359601       -0.386757
     C   11       -0.359601        0.313242        0.241492
     C   11       -0.386757        0.241492        0.280510

     Cl  12       -0.023525        0.008593       -0.032199
     Cl  12        0.008593        0.142062        0.018698
     Cl  12       -0.032199        0.018698       -0.118536

     H   13        0.520237        0.055045       -0.123549
     H   13        0.055045        0.007648       -0.164568
     H   13       -0.123549       -0.164568       -0.527885

     C   14       -0.490556        0.267701       -0.090725
     C   14        0.267701        0.256583       -0.050309
     C   14       -0.090725       -0.050309        0.233973

     H   15        0.028617        0.128170       -0.486271
     H   15        0.128170       -0.020897        0.210098
     H   15       -0.486271        0.210098       -0.007719

     C   16        0.174750        0.095324       -0.147525
     C   16        0.095324       -0.102207       -0.563695
     C   16       -0.147525       -0.563695       -0.072544

     C   17       -0.761548        0.388203       -0.370110
     C   17        0.388203        0.349999       -0.048205
     C   17       -0.370110       -0.048205        0.411549

     Cl  18       -0.042991       -0.009274        0.047987
     Cl  18       -0.009274       -0.037306        0.057483
     Cl  18        0.047987        0.057483        0.080297

     H   19        0.444098        0.228824        0.035407
     H   19        0.228824       -0.758408       -0.099394
     H   19        0.035407       -0.099394        0.314310

     C   20       -0.173823       -0.182372       -0.226958
     C   20       -0.182372       -0.015699        0.494397
     C   20       -0.226958        0.494397        0.189522

     H   21       -0.177549        0.456962       -0.307689
     H   21        0.456962       -0.204101        0.134400
     H   21       -0.307689        0.134400        0.381650

     C   22       -0.482295       -0.277805       -0.117483
     C   22       -0.277805        0.133521        0.239803
     C   22       -0.117483        0.239803        0.348774

     C   23       -0.042337       -0.088864       -0.234799
     C   23       -0.088864        0.046779        0.685408
     C   23       -0.234799        0.685408       -0.004442

     Cl  24       -0.218291       -0.286795       -0.015979
     Cl  24       -0.286795        0.188226        0.038046
     Cl  24       -0.015979        0.038046        0.030065

     ----- ionic term -----
     Cl   1        0.099659       -0.196815       -0.004765
     Cl   1       -0.196815        0.037565        0.012431
     Cl   1       -0.004765        0.012431       -0.137224

     C    2        0.115844       -0.215376        0.316983
     C    2       -0.215376        0.004884        0.445718
     C    2        0.316983        0.445718       -0.120728

     C    3        0.105978       -0.280871        0.142747
     C    3       -0.280871        0.099993        0.484784
     C    3        0.142747        0.484784       -0.205971

     H    4        0.532251        0.282316        0.720672
     H    4        0.282316       -0.465187        0.270734
     H    4        0.720672        0.270734       -0.067064

     C    5        0.281013       -0.233693        0.227132
     C    5       -0.233693       -0.013077        0.343066
     C    5        0.227132        0.343066       -0.267936

     H    6       -0.505102        0.172258        0.129240
     H    6        0.172258        0.535669        0.775484
     H    6        0.129240        0.775484       -0.030567

     H    7       -0.500818       -0.180228        0.056175
     H    7       -0.180228        0.906850       -0.481492
     H    7        0.056175       -0.481492       -0.406032

     C    8        0.346440        0.116440        0.170562
     C    8        0.116440        0.145269       -0.260076
     C    8        0.170562       -0.260076       -0.491709

     H    9        0.722925       -0.348539        0.569685
     H    9       -0.348539       -0.368440       -0.212751
     H    9        0.569685       -0.212751       -0.354485

     C   10        0.247300        0.205155        0.137043
     C   10        0.205155        0.221285       -0.306628
     C   10        0.137043       -0.306628       -0.468585

     C   11        0.321354        0.151054        0.238732
     C   11        0.151054        0.145589       -0.294544
     C   11        0.238732       -0.294544       -0.466943

     Cl  12        0.172070        0.224679        0.016043
     Cl  12        0.224679       -0.006356        0.000620
     Cl  12        0.016043        0.000620       -0.165714

     H   13       -0.510515        0.162975        0.148297
     H   13        0.162975        0.493755        0.785218
     H   13        0.148297        0.785218        0.016760

     C   14        0.240973       -0.197293        0.303778
     C   14       -0.197293       -0.087503        0.340214
     C   14        0.303778        0.340214       -0.153470

     H   15        0.492145        0.184563        0.732499
     H   15        0.184563       -0.492055        0.205224
     H   15        0.732499        0.205224       -0.000091

     C   16        0.108599       -0.272949        0.138211
     C   16       -0.272949        0.012992        0.448309
     C   16        0.138211        0.448309       -0.121591

     C   17        0.204641       -0.237464        0.191905
     C   17       -0.237464       -0.058211        0.454949
     C   17        0.191905        0.454949       -0.146430

     Cl  18        0.146781       -0.232149       -0.037624
     Cl  18       -0.232149       -0.014852        0.022440
     Cl  18       -0.037624        0.022440       -0.131930

     H   19       -0.506587       -0.086058        0.047754
     H   19       -0.086058        0.865361       -0.543766
     H   19        0.047754       -0.543766       -0.358774

     C   20        0.396201        0.204250        0.207536
     C   20        0.204250        0.089704       -0.267035
     C   20        0.207536       -0.267035       -0.485905

     H   21        0.502928       -0.251129        0.732886
     H   21       -0.251129       -0.444748       -0.261764
     H   21        0.732886       -0.261764       -0.058180

     C   22        0.199385        0.270143        0.168491
     C   22        0.270143        0.206132       -0.365547
     C   22        0.168491       -0.365547       -0.405517

     C   23        0.276081        0.129918        0.197476
     C   23        0.129918        0.182117       -0.348278
     C   23        0.197476       -0.348278       -0.458198

     Cl  24        0.162327        0.204972        0.017384
     Cl  24        0.204972        0.008366        0.000495
     Cl  24        0.017384        0.000495       -0.170694

     ----- GIPAW term -----
     Cl   1       -0.180853       -1.709476        0.592202
     Cl   1       -1.709476        0.125108       -1.580183
     Cl   1        0.592202       -1.580183        0.055745

     C    2       -0.057790       -0.160685       -0.031080
     C    2       -0.160685        0.190132       -0.201985
     C    2       -0.031080       -0.201985       -0.132343

     C    3       -0.145568       -0.048836       -0.063382
     C    3       -0.048836        0.165207        0.012584
     C    3       -0.063382        0.012584       -0.019640

     H    4       -0.000000        0.000000        0.000000
     H    4        0.000000        0.000000        0.000000
     H    4        0.000000        0.000000        0.000000

     C    5       -0.106529        0.008476       -0.024528
     C    5        0.008476        0.009750        0.116149
     C    5       -0.024528        0.116149        0.096779

     H    6       -0.000000        0.000000        0.000000
     H    6        0.000000        0.000000        0.000000
     H    6        0.000000        0.000000        0.000000

     H    7       -0.000000        0.000000        0.000000
     H    7        0.000000        0.000000        0.000000
     H    7        0.000000        0.000000        0.000000

     C    8       -0.180364       -0.018729       -0.081434
     C    8       -0.018729        0.111107       -0.098191
     C    8       -0.081434       -0.098191        0.069256

     H    9       -0.000000        0.000000        0.000000
     H    9        0.000000        0.000000        0.000000
     H    9        0.000000        0.000000        0.000000

     C   10       -0.076814        0.023904       -0.090841
     C   10        0.023904       -0.084815       -0.044977
     C   10       -0.090841       -0.044977        0.161629

     C   11       -0.148402       -0.004307       -0.055673
     C   11       -0.004307        0.290346        0.020832
     C   11       -0.055673        0.020832       -0.141944

     Cl  12        0.892127        1.992451       -0.207090
     Cl  12        1.992451        1.428247        0.208439
     Cl  12       -0.207090        0.208439       -2.320374

     H   13       -0.000000        0.000000        0.000000
     H   13        0.000000        0.000000        0.000000
     H   13        0.000000        0.000000        0.000000

     C   14       -0.093596        0.008770        0.007684
     C   14        0.008770        0.101758       -0.054830
     C   14        0.007684       -0.054830       -0.008161

     H   15       -0.000000        0.000000        0.000000
     H   15        0.000000        0.000000        0.000000
     H   15        0.000000        0.000000        0.000000

     C   16       -0.071497        0.002897       -0.010666
     C   16        0.002897        0.202073       -0.066166
     C   16       -0.010666       -0.066166       -0.130576

     C   17       -0.186009       -0.025941       -0.047579
     C   17       -0.025941        0.254691        0.151119
     C   17       -0.047579        0.151119       -0.068682

     Cl  18       -0.438563       -1.744428       -0.045110
     Cl  18       -1.744428       -0.347903        1.887514
     Cl  18       -0.045110        1.887514        0.786466

     H   19       -0.000000        0.000000        0.000000
     H   19        0.000000        0.000000        0.000000
     H   19        0.000000        0.000000        0.000000

     C   20       -0.087996       -0.106730       -0.052990
     C   20       -0.106730        0.159632        0.209938
     C   20       -0.052990        0.209938       -0.071636

     H   21       -0.000000        0.000000        0.000000
     H   21        0.000000        0.000000        0.000000
     H   21        0.000000        0.000000        0.000000

     C   22       -0.153180       -0.061620       -0.038569
     C   22       -0.061620        0.166066        0.126940
     C   22       -0.038569        0.126940       -0.012887

     C   23       -0.036818       -0.019665       -0.054415
     C   23       -0.019665        0.218462        0.163791
     C   23       -0.054415        0.163791       -0.181644

     Cl  24       -0.496651       -0.095769       -0.234507
     Cl  24       -0.095769        2.632205        0.406420
     Cl  24       -0.234507        0.406420       -2.135554

     ----- total EFG -----
     Cl   1       -0.313737       -1.737350        0.657853
     Cl   1       -1.737350        0.163245       -1.734529
     Cl   1        0.657853       -1.734529        0.150492

     C    2       -0.011715       -0.607772       -0.053439
     C    2       -0.607772        0.244817       -0.494543
     C    2       -0.053439       -0.494543       -0.233102

     C    3       -0.539894        0.006230       -0.172897
     C    3        0.006230        0.354634        0.232423
     C    3       -0.172897        0.232423        0.185260

     H    4        0.383139        0.073431        0.296746
     H    4        0.073431       -0.377832       -0.157084
     H    4        0.296746       -0.157084       -0.005308

     C    5        0.023608       -0.103015       -0.020460
     C    5       -0.103015       -0.229475        0.154988
     C    5       -0.020460        0.154988        0.205866

     H    6       -0.095238       -0.003957       -0.063451
     H    6       -0.003957        0.298529        0.155440
     H    6       -0.063451        0.155440       -0.203291

     H    7       -0.098438        0.030470        0.133737
     H    7        0.030470        0.345584       -0.218350
     H    7        0.133737       -0.218350       -0.247146

     C    8       -0.550447       -0.221439       -0.329994
     C    8       -0.221439        0.465582       -0.240579
     C    8       -0.329994       -0.240579        0.084865

     H    9        0.116604       -0.197821        0.479803
     H    9       -0.197821        0.041347        0.009719
     H    9        0.479803        0.009719       -0.157951

     C   10        0.112504        0.074479       -0.192587
     C   10        0.074479       -0.291501        0.108614
     C   10       -0.192587        0.108614        0.178996

     C   11       -0.420800       -0.212854       -0.203698
     C   11       -0.212854        0.749177       -0.032221
     C   11       -0.203698       -0.032221       -0.328377

     Cl  12        1.040672        2.225723       -0.223245
     Cl  12        2.225723        1.563953        0.227757
     Cl  12       -0.223245        0.227757       -2.604625

     H   13        0.009722        0.218021        0.024748
     H   13        0.218021        0.501403        0.620650
     H   13        0.024748        0.620650       -0.511125

     C   14       -0.343179        0.079178        0.220737
     C   14        0.079178        0.270838        0.235074
     C   14        0.220737        0.235074        0.072341

     H   15        0.520762        0.312733        0.246228
     H   15        0.312733       -0.512952        0.415322
     H   15        0.246228        0.415322       -0.007810

     C   16        0.211852       -0.174728       -0.019980
     C   16       -0.174728        0.112858       -0.181552
     C   16       -0.019980       -0.181552       -0.324710

     C   17       -0.742916        0.124798       -0.225783
     C   17        0.124798        0.546479        0.557864
     C   17       -0.225783        0.557864        0.196437

     Cl  18       -0.334772       -1.985851       -0.034747
     Cl  18       -1.985851       -0.400061        1.967438
     Cl  18       -0.034747        1.967438        0.734833

     H   19       -0.062489        0.142766        0.083161
     H   19        0.142766        0.106953       -0.643160
     H   19        0.083161       -0.643160       -0.044464

     C   20        0.134382       -0.084852       -0.072412
     C   20       -0.084852        0.233637        0.437300
     C   20       -0.072412        0.437300       -0.368019

     H   21        0.325379        0.205833        0.425197
     H   21        0.205833       -0.648849       -0.127365
     H   21        0.425197       -0.127365        0.323469

     C   22       -0.436090       -0.069282        0.012440
     C   22       -0.069282        0.505720        0.001196
     C   22        0.012440        0.001196       -0.069630

     C   23        0.196927        0.021389       -0.091738
     C   23        0.021389        0.447358        0.500921
     C   23       -0.091738        0.500921       -0.644285

     Cl  24       -0.552615       -0.177591       -0.233101
     Cl  24       -0.177591        2.828797        0.444962
     Cl  24       -0.233101        0.444962       -2.276182

     ----- total EFG (symmetrized) -----
     Cl   1       -0.313737       -1.737350        0.657853
     Cl   1       -1.737350        0.163245       -1.734529
     Cl   1        0.657853       -1.734529        0.150492

     C    2       -0.011715       -0.607772       -0.053439
     C    2       -0.607772        0.244817       -0.494543
     C    2       -0.053439       -0.494543       -0.233102

     C    3       -0.539894        0.006230       -0.172897
     C    3        0.006230        0.354634        0.232423
     C    3       -0.172897        0.232423        0.185260

     H    4        0.383139        0.073431        0.296746
     H    4        0.073431       -0.377832       -0.157084
     H    4        0.296746       -0.157084       -0.005308

     C    5        0.023608       -0.103015       -0.020460
     C    5       -0.103015       -0.229475        0.154988
     C    5       -0.020460        0.154988        0.205866

     H    6       -0.095238       -0.003957       -0.063451
     H    6       -0.003957        0.298529        0.155440
     H    6       -0.063451        0.155440       -0.203291

     H    7       -0.098438        0.030470        0.133737
     H    7        0.030470        0.345584       -0.218350
     H    7        0.133737       -0.218350       -0.247146

     C    8       -0.550447       -0.221439       -0.329994
     C    8       -0.221439        0.465582       -0.240579
     C    8       -0.329994       -0.240579        0.084865

     H    9        0.116604       -0.197821        0.479803
     H    9       -0.197821        0.041347        0.009719
     H    9        0.479803        0.009719       -0.157951

     C   10        0.112504        0.074479       -0.192587
     C   10        0.074479       -0.291501        0.108614
     C   10       -0.192587        0.108614        0.178996

     C   11       -0.420800       -0.212854       -0.203698
     C   11       -0.212854        0.749177       -0.032221
     C   11       -0.203698       -0.032221       -0.328377

     Cl  12        1.040672        2.225723       -0.223245
     Cl  12        2.225723        1.563953        0.227757
     Cl  12       -0.223245        0.227757       -2.604625

     H   13        0.009722        0.218021        0.024748
     H   13        0.218021        0.501403        0.620650
     H   13        0.024748        0.620650       -0.511125

     C   14       -0.343179        0.079178        0.220737
     C   14        0.079178        0.270838        0.235074
     C   14        0.220737        0.235074        0.072341

     H   15        0.520762        0.312733        0.246228
     H   15        0.312733       -0.512952        0.415322
     H   15        0.246228        0.415322       -0.007810

     C   16        0.211852       -0.174728       -0.019980
     C   16       -0.174728        0.112858       -0.181552
     C   16       -0.019980       -0.181552       -0.324710

     C   17       -0.742916        0.124798       -0.225783
     C   17        0.124798        0.546479        0.557864
     C   17       -0.225783        0.557864        0.196437

     Cl  18       -0.334772       -1.985851       -0.034747
     Cl  18       -1.985851       -0.400061        1.967438
     Cl  18       -0.034747        1.967438        0.734833

     H   19       -0.062489        0.142766        0.083161
     H   19        0.142766        0.106953       -0.643160
     H   19        0.083161       -0.643160       -0.044464

     C   20        0.134382       -0.084852       -0.072412
     C   20       -0.084852        0.233637        0.437300
     C   20       -0.072412        0.437300       -0.368019

     H   21        0.325379        0.205833        0.425197
     H   21        0.205833       -0.648849       -0.127365
     H   21        0.425197       -0.127365        0.323469

     C   22       -0.436090       -0.069282        0.012440
     C   22       -0.069282        0.505720        0.001196
     C   22        0.012440        0.001196       -0.069630

     C   23        0.196927        0.021389       -0.091738
     C   23        0.021389        0.447358        0.500921
     C   23       -0.091738        0.500921       -0.644285

     Cl  24       -0.552615       -0.177591       -0.233101
     Cl  24       -0.177591        2.828797        0.444962
     Cl  24       -0.233101        0.444962       -2.276182


     NQR/NMR SPECTROSCOPIC PARAMETERS:
     Cl   1    Vxx=   -0.7291    axis=(  0.671003 -0.116818 -0.732194)
     Cl   1    Vyy=   -2.1123    axis=( -0.558927 -0.728562 -0.395978)
     Cl   1    Vzz=    2.8414    axis=( -0.487191  0.674945 -0.554160)
     Cl   1  Q=        -8.1650 1e-30 m^2  Cq=       -54.5114 MHz  eta= 0.48680

     C    2    Vxx=   -0.0852    axis=(  0.670677  0.145063 -0.727427)
     C    2    Vyy=   -0.7751    axis=(  0.522644  0.603475  0.602214)
     C    2    Vzz=    0.8603    axis=(  0.526342 -0.784076  0.328920)
     C    2  Q=         1.0000 1e-30 m^2  Cq=         2.0213 MHz  eta= 0.80190

     C    3    Vxx=    0.0568    axis=( -0.229233 -0.595869  0.769670)
     C    3    Vyy=    0.5260    axis=(  0.091424 -0.800411 -0.592439)
     C    3    Vzz=   -0.5828    axis=( -0.969068  0.065440 -0.237958)
     C    3  Q=         1.0000 1e-30 m^2  Cq=        -1.3693 MHz  eta= 0.80502

     H    4    Vxx=   -0.0688    axis=(  0.422052  0.488513 -0.763693)
     H    4    Vyy=   -0.4749    axis=(  0.224737 -0.872481 -0.433901)
     H    4    Vzz=    0.5437    axis=( -0.878274  0.011499 -0.478019)
     H    4  Q=         1.0000 1e-30 m^2  Cq=         1.2775 MHz  eta= 0.74684

     C    5    Vxx=    0.0383    axis=(  0.937107 -0.191663  0.291712)
     C    5    Vyy=    0.2668    axis=( -0.217831  0.331880  0.917826)
     C    5    Vzz=   -0.3051    axis=( -0.272727 -0.923645  0.269257)
     C    5  Q=         1.0000 1e-30 m^2  Cq=        -0.7168 MHz  eta= 0.74886

     H    6    Vxx=   -0.0754    axis=(  0.943282  0.135887 -0.302909)
     H    6    Vyy=   -0.2684    axis=( -0.328379  0.247634 -0.911507)
     H    6    Vzz=    0.3438    axis=( -0.048851  0.959277  0.278211)
     H    6  Q=         1.0000 1e-30 m^2  Cq=         0.8078 MHz  eta= 0.56120

     H    7    Vxx=   -0.0335    axis=(  0.901773  0.159021  0.401893)
     H    7    Vyy=   -0.3842    axis=( -0.431423  0.275078  0.859189)
     H    7    Vzz=    0.4177    axis=(  0.026077 -0.948179  0.316663)
     H    7  Q=         1.0000 1e-30 m^2  Cq=         0.9814 MHz  eta= 0.83976

     C    8    Vxx=    0.1786    axis=( -0.470140  0.325112  0.820531)
     C    8    Vyy=    0.5855    axis=(  0.062629 -0.915051  0.398447)
     C    8    Vzz=   -0.7641    axis=(  0.880367  0.238715  0.409840)
     C    8  Q=         1.0000 1e-30 m^2  Cq=        -1.7954 MHz  eta= 0.53248

     H    9    Vxx=    0.0206    axis=( -0.114803 -0.926278 -0.358928)
     H    9    Vyy=    0.5275    axis=( -0.781671  0.307206 -0.542784)
     H    9    Vzz=   -0.5481    axis=(  0.613033  0.218251 -0.759313)
     H    9  Q=         1.0000 1e-30 m^2  Cq=        -1.2879 MHz  eta= 0.92485

     C   10    Vxx=    0.0041    axis=(  0.729771  0.390114  0.561468)
     C   10    Vyy=    0.3433    axis=( -0.628343  0.059004  0.775696)
     C   10    Vzz=   -0.3474    axis=(  0.269481 -0.918874  0.288185)
     C   10  Q=         1.0000 1e-30 m^2  Cq=        -0.8163 MHz  eta= 0.97613

     C   11    Vxx=   -0.1772    axis=( -0.581887 -0.105657  0.806377)
     C   11    Vyy=   -0.6095    axis=(  0.794406  0.138474  0.591392)
     C   11    Vzz=    0.7867    axis=( -0.174147  0.984714  0.003358)
     C   11  Q=         1.0000 1e-30 m^2  Cq=         1.8485 MHz  eta= 0.54960

     Cl  12    Vxx=   -0.8800    axis=( -0.735439  0.652852  0.181420)
     Cl  12    Vyy=   -2.6634    axis=(  0.133268 -0.123149  0.983399)
     Cl  12    Vzz=    3.5434    axis=( -0.664356 -0.747408 -0.003564)
     Cl  12  Q=        -8.1650 1e-30 m^2  Cq=       -67.9791 MHz  eta= 0.50329

     H   13    Vxx=   -0.0355    axis=(  0.966361 -0.179602 -0.184089)
     H   13    Vyy=   -0.8122    axis=(  0.089128 -0.437558  0.894762)
     H   13    Vzz=    0.8477    axis=( -0.241251 -0.881071 -0.406832)
     H   13  Q=         1.0000 1e-30 m^2  Cq=         1.9917 MHz  eta= 0.91621

     C   14    Vxx=   -0.0328    axis=( -0.337137  0.629692 -0.699876)
     C   14    Vyy=   -0.4392    axis=( -0.911929 -0.033702  0.408962)
     C   14    Vzz=    0.4721    axis=(  0.233933  0.776113  0.585597)
     C   14  Q=         1.0000 1e-30 m^2  Cq=         1.1092 MHz  eta= 0.86092

     H   15    Vxx=   -0.0135    axis=(  0.541695 -0.310408 -0.781161)
     H   15    Vyy=   -0.7665    axis=( -0.130715  0.886905 -0.443072)
     H   15    Vzz=    0.7800    axis=( -0.830349 -0.342119 -0.439857)
     H   15  Q=         1.0000 1e-30 m^2  Cq=         1.8328 MHz  eta= 0.96533

     C   16    Vxx=    0.0428    axis=(  0.647746  0.668485 -0.365448)
     C   16    Vyy=    0.3581    axis=(  0.749677 -0.644703  0.149476)
     C   16    Vzz=   -0.4009    axis=(  0.135682  0.370791  0.918752)
     C   16  Q=         1.0000 1e-30 m^2  Cq=        -0.9420 MHz  eta= 0.78649

     C   17    Vxx=   -0.1100    axis=( -0.374215 -0.558186  0.740535)
     C   17    Vyy=   -0.8468    axis=( -0.927124  0.207886 -0.311809)
     C   17    Vzz=    0.9568    axis=(  0.020101 -0.803251 -0.595301)
     C   17  Q=         1.0000 1e-30 m^2  Cq=         2.2481 MHz  eta= 0.77014

     Cl  18    Vxx=    0.1502    axis=(  0.717055 -0.186870  0.671500)
     Cl  18    Vyy=    2.7893    axis=( -0.421149  0.651493  0.631023)
     Cl  18    Vzz=   -2.9395    axis=( -0.555397 -0.735280  0.388456)
     Cl  18  Q=        -8.1650 1e-30 m^2  Cq=        56.3928 MHz  eta= 0.89780

     H   19    Vxx=   -0.0246    axis=(  0.964152  0.117311  0.238011)
     H   19    Vyy=   -0.6579    axis=( -0.255770  0.649708  0.715864)
     H   19    Vzz=    0.6825    axis=( -0.070659 -0.751078  0.656422)
     H   19  Q=         1.0000 1e-30 m^2  Cq=         1.6036 MHz  eta= 0.92794

     C   20    Vxx=    0.1025    axis=(  0.956945  0.270829  0.104444)
     C   20    Vyy=    0.4963    axis=( -0.288266  0.844482  0.451390)
     C   20    Vzz=   -0.5988    axis=(  0.034049 -0.462063  0.886193)
     C   20  Q=         1.0000 1e-30 m^2  Cq=        -1.4070 MHz  eta= 0.65777

     H   21    Vxx=   -0.0139    axis=( -0.644636 -0.345766  0.681828)
     H   21    Vyy=   -0.7380    axis=(  0.269602 -0.937394 -0.220472)
     H   21    Vzz=    0.7519    axis=(  0.715373  0.041698  0.697497)
     H   21  Q=         1.0000 1e-30 m^2  Cq=         1.7668 MHz  eta= 0.96291

     C   22    Vxx=   -0.0692    axis=(  0.033517  0.001960  0.999436)
     C   22    Vyy=   -0.4416    axis=(  0.996771  0.072943 -0.033571)
     C   22    Vzz=    0.5108    axis=( -0.072967  0.997334  0.000492)
     C   22  Q=         1.0000 1e-30 m^2  Cq=         1.2002 MHz  eta= 0.72901

     C   23    Vxx=    0.2048    axis=(  0.995576  0.060564 -0.071832)
     C   23    Vyy=    0.6428    axis=( -0.030328  0.930747  0.364405)
     C   23    Vzz=   -0.8476    axis=(  0.088927 -0.360614  0.928466)
     C   23  Q=         1.0000 1e-30 m^2  Cq=        -1.9916 MHz  eta= 0.51666

     Cl  24    Vxx=   -0.5375    axis=(  0.990999  0.067557 -0.115574)
     Cl  24    Vyy=   -2.3411    axis=(  0.120904 -0.080998  0.989354)
     Cl  24    Vzz=    2.8786    axis=(  0.057476 -0.994422 -0.088437)
     Cl  24  Q=        -8.1650 1e-30 m^2  Cq=       -55.2251 MHz  eta= 0.62653

     Initialization:
     gipaw_setup  :      9.37s CPU     11.12s WALL (       1 calls)

     Linear response

     Apply operators

     Induced current

     Other routines
     efg          :      9.48s CPU     12.07s WALL (       1 calls)

     General routines
     calbec       :      3.37s CPU      4.59s WALL (      16 calls)
     fft          :      1.36s CPU      1.71s WALL (      15 calls)
     ffts         :      0.04s CPU      0.05s WALL (       2 calls)
     fftw         :      3.27s CPU      3.99s WALL (     672 calls)
     davcio       :      0.05s CPU      0.32s WALL (      32 calls)

     Parallel routines
     fft_scatter  :      2.02s CPU      2.82s WALL (     689 calls)

     Plugins

     GIPAW        :     61.68s CPU     73.58s WALL (       1 calls)
