
     Program QE v.6.0 (svn rev. 13079) starts on  1Jan2017 at 18:10:34 

     This program is part of the open-source Quantum ESPRESSO suite
     for quantum simulation of materials; please cite
         "P. Giannozzi et al., J. Phys.:Condens. Matter 21 395502 (2009);
          URL http://www.quantum-espresso.org", 
     in publications or presentations arising from this work. More details at
     http://www.quantum-espresso.org/quote

     Parallel version (MPI), running on     8 processors
     R & G space division:  proc/nbgrp/npool/nimage =       8

     ***** This is GIPAW svn revision unknown      *****

     Parallelizing q-star over 1 images

     Reading data from directory:
     /users/majewski/paradichlorobenzene/pbe/9_constraint/scratch/pbe.ecut100.np8.dt60.pcl2phi-129368.save
     Message from routine read_xml_file:
     file /users/majewski/paradichlorobenzene/pbe/9_constraint/scratch/pbe.ecut100.np8.dt60.pcl2phi-129368.save not guaranteed to be safe for post-processing

   Info: using nr1, nr2, nr3 values from input

   Info: using nr1, nr2, nr3 values from input

     IMPORTANT: XC functional enforced from input :
     Exchange-correlation      =  SLA  PW   PBX  PBC ( 1  4  3  4 0 0)
     Any further DFT definition will be discarded
     Please, verify this is what you really want

               file C.pbe-n-kjpaw_psl.1.0.0.UPF: wavefunction(s)  2S 2P renormalized
               file Cl.pbe-n-kjpaw_psl.1.0.0.UPF: wavefunction(s)  3S 3P renormalized
               file H.pbe-kjpaw_psl.1.0.0.UPF: wavefunction(s)  1S renormalized

     Parallelization info
     --------------------
     sticks:   dense  smooth     PW     G-vecs:    dense   smooth      PW
     Min        3057    1223    332               144436    36536    5170
     Max        3059    1225    333               144437    36537    5171
     Sum       24467    9791   2657              1155489   292295   41363


     Subspace diagonalization in iterative solution of the eigenvalue problem:
     a serial algorithm will be used

     GIPAW projectors -----------------------------------------------
     atom=  C    l=0  rc=    1.2000  rs=    0.8000
     atom=  C    l=0  rc=    1.2000  rs=    0.8000
     atom=  C    l=1  rc=    1.4000  rs=    0.9333
     atom=  C    l=1  rc=    1.4000  rs=    0.9333
     projs nearly linearly dependent: l=1  n1,n2= 1, 2  s=  0.99951561

     atom=  Cl   l=0  rc=    1.6000  rs=    1.0667
     atom=  Cl   l=0  rc=    1.6000  rs=    1.0667
     atom=  Cl   l=1  rc=    1.6000  rs=    1.0667
     atom=  Cl   l=1  rc=    1.6000  rs=    1.0667
     atom=  Cl   l=2  rc=    1.6000  rs=    1.0667
     atom=  Cl   l=2  rc=    1.6000  rs=    1.0667
     projs nearly linearly dependent: l=2  n1,n2= 1, 2  s=  0.99993509

     atom=  H    l=0  rc=    1.0000  rs=    0.6667
     atom=  H    l=0  rc=    1.0000  rs=    0.6667
     projs nearly linearly dependent: l=0  n1,n2= 1, 2  s=  0.99968852
     -----------------------------------------------------------------

     GIPAW integrals: -------------------------------------------
     Atom  i/j   nmr_para   nmr_dia   epr_rmc  epr_para   epr_dia
       C   1 1   0.83E+03  0.17E-01  0.93E+01  0.24E+08  0.24E+03
       C   2 1   0.86E+03 -0.61E-01  0.94E+01  0.25E+08  0.25E+03
       C   2 2   0.90E+03 -0.15E+00  0.97E+01  0.26E+08  0.26E+03
       C   3 3   0.33E+01  0.34E+00  0.18E+01  0.55E+03  0.21E+02
       C   4 3   0.35E+01  0.37E+00  0.20E+01  0.59E+03  0.22E+02
       C   4 4   0.38E+01  0.39E+00  0.22E+01  0.63E+03  0.24E+02
       Cl  1 1   0.14E+04 -0.47E+00  0.84E+01  0.32E+09  0.42E+03
       Cl  2 1   0.21E+04 -0.37E+00  0.12E+02  0.49E+09  0.65E+03
       Cl  2 2   0.33E+04 -0.16E+00  0.21E+02  0.76E+09  0.10E+04
       Cl  3 3   0.21E+02  0.79E-01  0.89E+01  0.23E+05  0.13E+03
       Cl  4 3   0.24E+02  0.67E-01  0.99E+01  0.27E+05  0.15E+03
       Cl  4 4   0.28E+02  0.44E-01  0.11E+02  0.32E+05  0.18E+03
       Cl  5 5   0.77E+00  0.19E+00  0.18E+01  0.12E+03  0.22E+02
       Cl  6 5   0.80E+00  0.19E+00  0.19E+01  0.12E+03  0.23E+02
       Cl  6 6   0.83E+00  0.20E+00  0.19E+01  0.12E+03  0.23E+02
       H   1 1   0.39E+02  0.19E+00  0.29E+00  0.78E+05  0.13E+02
       H   2 1   0.41E+02  0.21E+00  0.32E+00  0.82E+05  0.14E+02
       H   2 2   0.43E+02  0.22E+00  0.36E+00  0.86E+05  0.15E+02
     ------------------------------------------------------------

     alpha_pv=     34.1353 eV

     Number of occupied bands for each k-point:
     k-point:     1    nbnd_occ=  42
     k-point:     2    nbnd_occ=  42
     k-point:     3    nbnd_occ=  42
     k-point:     4    nbnd_occ=  42
     k-point:     5    nbnd_occ=  42
     k-point:     6    nbnd_occ=  42
     k-point:     7    nbnd_occ=  42
     k-point:     8    nbnd_occ=  42
     k-point:     9    nbnd_occ=  42
     k-point:    10    nbnd_occ=  42
     k-point:    11    nbnd_occ=  42
     k-point:    12    nbnd_occ=  42
     k-point:    13    nbnd_occ=  42
     k-point:    14    nbnd_occ=  42
     k-point:    15    nbnd_occ=  42
     k-point:    16    nbnd_occ=  42


     q-space interpolation up to   110.00 Rydberg

     GIPAW job: efg                                                                             


     ELECTRIC FIELD GRADIENTS TENSORS IN Hartree/bohrradius^2:

     ----- bare term -----
     Cl   1       -0.036047        0.078150        0.040047
     Cl   1        0.078150        0.022366        0.076366
     Cl   1        0.040047        0.076366        0.013681

     C    2        0.007458        0.252113       -0.142937
     C    2        0.252113       -0.222756       -0.496335
     C    2       -0.142937       -0.496335        0.215298

     C    3       -0.404501        0.138618       -0.202228
     C    3        0.138618       -0.063893       -0.301673
     C    3       -0.202228       -0.301673        0.468394

     H    4       -0.188801       -0.013225       -0.651259
     H    4       -0.013225        0.410154        0.019328
     H    4       -0.651259        0.019328       -0.221353

     C    5       -0.157521        0.277821       -0.037339
     C    5        0.277821       -0.315912       -0.333386
     C    5       -0.037339       -0.333386        0.473433

     H    6        0.485387       -0.019534        0.078125
     H    6       -0.019534        0.108998       -0.338784
     H    6        0.078125       -0.338784       -0.594384

     H    7        0.370258        0.179948       -0.198750
     H    7        0.179948       -0.278889        0.589253
     H    7       -0.198750        0.589253       -0.091370

     C    8       -0.068941       -0.468556        0.083391
     C    8       -0.468556       -0.462707        0.374320
     C    8        0.083391        0.374320        0.531647

     H    9       -0.408107        0.275313       -0.594417
     H    9        0.275313        0.374094        0.229242
     H    9       -0.594417        0.229242        0.034013

     C   10       -0.466767       -0.141188       -0.184505
     C   10       -0.141188       -0.034961        0.248326
     C   10       -0.184505        0.248326        0.501728

     C   11        0.023031       -0.182587       -0.120320
     C   11       -0.182587       -0.562569        0.300083
     C   11       -0.120320        0.300083        0.539537

     Cl  12       -0.114369       -0.038226       -0.095244
     Cl  12       -0.038226       -0.063804        0.124276
     Cl  12       -0.095244        0.124276        0.178172

     H   13        0.012637        0.158132       -0.071175
     H   13        0.158132       -0.313886       -0.477620
     H   13       -0.071175       -0.477620        0.301248

     C   14       -0.559895        0.285882       -0.415356
     C   14        0.285882        0.177950       -0.243658
     C   14       -0.415356       -0.243658        0.381945

     H   15       -0.521366       -0.226645       -0.273125
     H   15       -0.226645        0.392913       -0.239262
     H   15       -0.273125       -0.239262        0.128452

     C   16       -0.028137        0.453146        0.081831
     C   16        0.453146       -0.586496       -0.481033
     C   16        0.081831       -0.481033        0.614634

     C   17       -0.560936       -0.035485       -0.230623
     C   17       -0.035485       -0.013532       -0.313433
     C   17       -0.230623       -0.313433        0.574469

     Cl  18        0.127557        0.091013        0.052657
     Cl  18        0.091013        0.184277        0.122719
     Cl  18        0.052657        0.122719       -0.311833

     H   19        0.454921       -0.033371       -0.153536
     H   19       -0.033371       -0.604739        0.137272
     H   19       -0.153536        0.137272        0.149818

     C   20       -0.652489       -0.098089       -0.332148
     C   20       -0.098089       -0.013566        0.217994
     C   20       -0.332148        0.217994        0.666055

     H   21       -0.529538        0.168955       -0.070001
     H   21        0.168955        0.424575        0.277982
     H   21       -0.070001        0.277982        0.104963

     C   22       -0.008239       -0.389350        0.084338
     C   22       -0.389350       -0.625534        0.428101
     C   22        0.084338        0.428101        0.633773

     C   23       -0.565724        0.066391       -0.199006
     C   23        0.066391        0.022778        0.270439
     C   23       -0.199006        0.270439        0.542946

     Cl  24       -0.099440       -0.102838        0.107764
     Cl  24       -0.102838       -0.097723       -0.040376
     Cl  24        0.107764       -0.040376        0.197164

     ----- ionic term -----
     Cl   1        0.115388       -0.214641        0.009247
     Cl   1       -0.214641        0.015430        0.000301
     Cl   1        0.009247        0.000301       -0.130818

     C    2        0.181997       -0.147831        0.272285
     C    2       -0.147831        0.036869        0.449137
     C    2        0.272285        0.449137       -0.218866

     C    3        0.166214       -0.218533        0.159740
     C    3       -0.218533        0.021513        0.439925
     C    3        0.159740        0.439925       -0.187727

     H    4        0.540645        0.152065        0.770183
     H    4        0.152065       -0.534694        0.194603
     H    4        0.770183        0.194603       -0.005951

     C    5        0.311842       -0.180079        0.196421
     C    5       -0.180079       -0.094716        0.354072
     C    5        0.196421        0.354072       -0.217127

     H    6       -0.509718       -0.023177       -0.011863
     H    6       -0.023177        0.446276        0.793653
     H    6       -0.011863        0.793653        0.063442

     H    7       -0.510522       -0.053213        0.030329
     H    7       -0.053213        0.699824       -0.677512
     H    7        0.030329       -0.677512       -0.189301

     C    8        0.336396        0.173674        0.250782
     C    8        0.173674        0.095059       -0.281058
     C    8        0.250782       -0.281058       -0.431454

     H    9        0.665115       -0.374892        0.607192
     H    9       -0.374892       -0.398593       -0.239640
     H    9        0.607192       -0.239640       -0.266523

     C   10        0.153993        0.176861        0.208944
     C   10        0.176861        0.277515       -0.370707
     C   10        0.208944       -0.370707       -0.431508

     C   11        0.066702        0.123291        0.251332
     C   11        0.123291        0.294080       -0.412603
     C   11        0.251332       -0.412603       -0.360782

     Cl  12        0.084788        0.207813        0.004284
     Cl  12        0.207813        0.048666       -0.002288
     Cl  12        0.004284       -0.002288       -0.133453

     H   13       -0.503347       -0.109847       -0.033806
     H   13       -0.109847        0.721999        0.687937
     H   13       -0.033806        0.687937       -0.218652

     C   14        0.312960       -0.240042        0.167621
     C   14       -0.240042        0.014896        0.338080
     C   14        0.167621        0.338080       -0.327855

     H   15        0.727524        0.296773        0.601325
     H   15        0.296773       -0.466976        0.220028
     H   15        0.601325        0.220028       -0.260548

     C   16        0.227910       -0.268261        0.092060
     C   16       -0.268261        0.052520        0.428018
     C   16        0.092060        0.428018       -0.280430

     C   17        0.231019       -0.179805        0.190694
     C   17       -0.179805       -0.025781        0.453442
     C   17        0.190694        0.453442       -0.205238

     Cl  18        0.166801       -0.199023       -0.028626
     Cl  18       -0.199023       -0.038213        0.026455
     Cl  18       -0.028626        0.026455       -0.128588

     H   19       -0.514865        0.013637        0.002039
     H   19        0.013637        0.661557       -0.689455
     H   19        0.002039       -0.689455       -0.146692

     C   20        0.212579        0.242869        0.214421
     C   20        0.242869        0.138613       -0.304089
     C   20        0.214421       -0.304089       -0.351192

     H   21        0.770263       -0.229644        0.620909
     H   21       -0.229644       -0.442158       -0.186977
     H   21        0.620909       -0.186977       -0.328104

     C   22        0.166342        0.276939        0.178356
     C   22        0.276939        0.220587       -0.384146
     C   22        0.178356       -0.384146       -0.386929

     C   23        0.245038        0.139045        0.275608
     C   23        0.139045        0.138299       -0.382303
     C   23        0.275608       -0.382303       -0.383337

     Cl  24        0.149809        0.217649        0.037027
     Cl  24        0.217649        0.014179        0.010513
     Cl  24        0.037027        0.010513       -0.163988

     ----- GIPAW term -----
     Cl   1        1.163967       -1.632998        0.360030
     Cl   1       -1.632998        0.260380        0.619387
     Cl   1        0.360030        0.619387       -1.424347

     C    2        0.066068        0.030821        0.036401
     C    2        0.030821        0.036832        0.010414
     C    2        0.036401        0.010414       -0.102900

     C    3       -0.098841        0.027262        0.106064
     C    3        0.027262       -0.082817        0.010446
     C    3        0.106064        0.010446        0.181658

     H    4       -0.000000        0.000000        0.000000
     H    4        0.000000        0.000000        0.000000
     H    4        0.000000        0.000000        0.000000

     C    5       -0.102113        0.027026        0.039372
     C    5        0.027026       -0.181438       -0.075896
     C    5        0.039372       -0.075896        0.283552

     H    6       -0.000000        0.000000        0.000000
     H    6        0.000000        0.000000        0.000000
     H    6        0.000000        0.000000        0.000000

     H    7       -0.000000        0.000000        0.000000
     H    7        0.000000        0.000000        0.000000
     H    7        0.000000        0.000000        0.000000

     C    8        0.025825       -0.120896        0.186488
     C    8       -0.120896       -0.205241        0.010750
     C    8        0.186488        0.010750        0.179416

     H    9       -0.000000        0.000000        0.000000
     H    9        0.000000        0.000000        0.000000
     H    9        0.000000        0.000000        0.000000

     C   10       -0.134858       -0.026201        0.122729
     C   10       -0.026201       -0.091677       -0.030935
     C   10        0.122729       -0.030935        0.226536

     C   11       -0.070116        0.037518        0.034442
     C   11        0.037518       -0.178348       -0.043226
     C   11        0.034442       -0.043226        0.248464

     Cl  12       -0.223481        1.506052       -0.802641
     Cl  12        1.506052       -0.537173        1.672863
     Cl  12       -0.802641        1.672863        0.760654

     H   13       -0.000000        0.000000        0.000000
     H   13        0.000000        0.000000        0.000000
     H   13        0.000000        0.000000        0.000000

     C   14       -0.068012        0.119693       -0.019255
     C   14        0.119693        0.054145        0.015053
     C   14       -0.019255        0.015053        0.013867

     H   15       -0.000000        0.000000        0.000000
     H   15        0.000000        0.000000        0.000000
     H   15        0.000000        0.000000        0.000000

     C   16       -0.043617        0.088247        0.140987
     C   16        0.088247       -0.185217       -0.003605
     C   16        0.140987       -0.003605        0.228834

     C   17       -0.152300       -0.088521        0.029599
     C   17       -0.088521       -0.124079       -0.013755
     C   17        0.029599       -0.013755        0.276380

     Cl  18       -0.444114       -0.704326       -0.411297
     Cl  18       -0.704326       -0.876985       -0.433696
     Cl  18       -0.411297       -0.433696        1.321099

     H   19       -0.000000        0.000000        0.000000
     H   19        0.000000        0.000000        0.000000
     H   19        0.000000        0.000000        0.000000

     C   20       -0.201267       -0.001990       -0.012619
     C   20       -0.001990       -0.112210        0.052405
     C   20       -0.012619        0.052405        0.313477

     H   21       -0.000000        0.000000        0.000000
     H   21        0.000000        0.000000        0.000000
     H   21        0.000000        0.000000        0.000000

     C   22       -0.087762       -0.053139        0.103754
     C   22       -0.053139       -0.197579       -0.006061
     C   22        0.103754       -0.006061        0.285341

     C   23       -0.129206        0.080121        0.090705
     C   23        0.080121       -0.118597       -0.017811
     C   23        0.090705       -0.017811        0.247803

     Cl  24        0.696257        1.589209        0.935177
     Cl  24        1.589209       -0.766303       -0.366137
     Cl  24        0.935177       -0.366137        0.070046

     ----- total EFG -----
     Cl   1        1.243308       -1.769490        0.409325
     Cl   1       -1.769490        0.298176        0.696054
     Cl   1        0.409325        0.696054       -1.541484

     C    2        0.255523        0.135104        0.165749
     C    2        0.135104       -0.149055       -0.036784
     C    2        0.165749       -0.036784       -0.106468

     C    3       -0.337129       -0.052654        0.063577
     C    3       -0.052654       -0.125197        0.148698
     C    3        0.063577        0.148698        0.462325

     H    4        0.351844        0.138840        0.118924
     H    4        0.138840       -0.124540        0.213932
     H    4        0.118924        0.213932       -0.227305

     C    5        0.052208        0.124768        0.198454
     C    5        0.124768       -0.592066       -0.055210
     C    5        0.198454       -0.055210        0.539858

     H    6       -0.024331       -0.042711        0.066262
     H    6       -0.042711        0.555274        0.454870
     H    6        0.066262        0.454870       -0.530943

     H    7       -0.140264        0.126735       -0.168421
     H    7        0.126735        0.420935       -0.088259
     H    7       -0.168421       -0.088259       -0.280671

     C    8        0.293280       -0.415778        0.520661
     C    8       -0.415778       -0.572889        0.104012
     C    8        0.520661        0.104012        0.279609

     H    9        0.257008       -0.099578        0.012775
     H    9       -0.099578       -0.024499       -0.010398
     H    9        0.012775       -0.010398       -0.232509

     C   10       -0.447632        0.009472        0.147169
     C   10        0.009472        0.150877       -0.153316
     C   10        0.147169       -0.153316        0.296756

     C   11        0.019616       -0.021778        0.165454
     C   11       -0.021778       -0.446836       -0.155746
     C   11        0.165454       -0.155746        0.427220

     Cl  12       -0.253062        1.675640       -0.893601
     Cl  12        1.675640       -0.552311        1.794852
     Cl  12       -0.893601        1.794852        0.805373

     H   13       -0.490710        0.048286       -0.104982
     H   13        0.048286        0.408114        0.210317
     H   13       -0.104982        0.210317        0.082596

     C   14       -0.314948        0.165533       -0.266989
     C   14        0.165533        0.246991        0.109476
     C   14       -0.266989        0.109476        0.067957

     H   15        0.206159        0.070128        0.328199
     H   15        0.070128       -0.074063       -0.019234
     H   15        0.328199       -0.019234       -0.132096

     C   16        0.156156        0.273131        0.314878
     C   16        0.273131       -0.719194       -0.056621
     C   16        0.314878       -0.056621        0.563038

     C   17       -0.482218       -0.303811       -0.010331
     C   17       -0.303811       -0.163392        0.126255
     C   17       -0.010331        0.126255        0.645610

     Cl  18       -0.149756       -0.812336       -0.387265
     Cl  18       -0.812336       -0.730921       -0.284521
     Cl  18       -0.387265       -0.284521        0.880677

     H   19       -0.059944       -0.019734       -0.151498
     H   19       -0.019734        0.056817       -0.552183
     H   19       -0.151498       -0.552183        0.003126

     C   20       -0.641178        0.142791       -0.130347
     C   20        0.142791        0.012838       -0.033691
     C   20       -0.130347       -0.033691        0.628340

     H   21        0.240724       -0.060689        0.550908
     H   21       -0.060689       -0.017583        0.091005
     H   21        0.550908        0.091005       -0.223141

     C   22        0.070341       -0.165551        0.366448
     C   22       -0.165551       -0.602525        0.037894
     C   22        0.366448        0.037894        0.532184

     C   23       -0.449892        0.285557        0.167307
     C   23        0.285557        0.042480       -0.129676
     C   23        0.167307       -0.129676        0.407412

     Cl  24        0.746625        1.704021        1.079968
     Cl  24        1.704021       -0.849847       -0.396001
     Cl  24        1.079968       -0.396001        0.103222

     ----- total EFG (symmetrized) -----
     Cl   1        1.243308       -1.769490        0.409325
     Cl   1       -1.769490        0.298176        0.696054
     Cl   1        0.409325        0.696054       -1.541484

     C    2        0.255523        0.135104        0.165749
     C    2        0.135104       -0.149055       -0.036784
     C    2        0.165749       -0.036784       -0.106468

     C    3       -0.337129       -0.052654        0.063577
     C    3       -0.052654       -0.125197        0.148698
     C    3        0.063577        0.148698        0.462325

     H    4        0.351844        0.138840        0.118924
     H    4        0.138840       -0.124540        0.213932
     H    4        0.118924        0.213932       -0.227305

     C    5        0.052208        0.124768        0.198454
     C    5        0.124768       -0.592066       -0.055210
     C    5        0.198454       -0.055210        0.539858

     H    6       -0.024331       -0.042711        0.066262
     H    6       -0.042711        0.555274        0.454870
     H    6        0.066262        0.454870       -0.530943

     H    7       -0.140264        0.126735       -0.168421
     H    7        0.126735        0.420935       -0.088259
     H    7       -0.168421       -0.088259       -0.280671

     C    8        0.293280       -0.415778        0.520661
     C    8       -0.415778       -0.572889        0.104012
     C    8        0.520661        0.104012        0.279609

     H    9        0.257008       -0.099578        0.012775
     H    9       -0.099578       -0.024499       -0.010398
     H    9        0.012775       -0.010398       -0.232509

     C   10       -0.447632        0.009472        0.147169
     C   10        0.009472        0.150877       -0.153316
     C   10        0.147169       -0.153316        0.296756

     C   11        0.019616       -0.021778        0.165454
     C   11       -0.021778       -0.446836       -0.155746
     C   11        0.165454       -0.155746        0.427220

     Cl  12       -0.253062        1.675640       -0.893601
     Cl  12        1.675640       -0.552311        1.794852
     Cl  12       -0.893601        1.794852        0.805373

     H   13       -0.490710        0.048286       -0.104982
     H   13        0.048286        0.408114        0.210317
     H   13       -0.104982        0.210317        0.082596

     C   14       -0.314948        0.165533       -0.266989
     C   14        0.165533        0.246991        0.109476
     C   14       -0.266989        0.109476        0.067957

     H   15        0.206159        0.070128        0.328199
     H   15        0.070128       -0.074063       -0.019234
     H   15        0.328199       -0.019234       -0.132096

     C   16        0.156156        0.273131        0.314878
     C   16        0.273131       -0.719194       -0.056621
     C   16        0.314878       -0.056621        0.563038

     C   17       -0.482218       -0.303811       -0.010331
     C   17       -0.303811       -0.163392        0.126255
     C   17       -0.010331        0.126255        0.645610

     Cl  18       -0.149756       -0.812336       -0.387265
     Cl  18       -0.812336       -0.730921       -0.284521
     Cl  18       -0.387265       -0.284521        0.880677

     H   19       -0.059944       -0.019734       -0.151498
     H   19       -0.019734        0.056817       -0.552183
     H   19       -0.151498       -0.552183        0.003126

     C   20       -0.641178        0.142791       -0.130347
     C   20        0.142791        0.012838       -0.033691
     C   20       -0.130347       -0.033691        0.628340

     H   21        0.240724       -0.060689        0.550908
     H   21       -0.060689       -0.017583        0.091005
     H   21        0.550908        0.091005       -0.223141

     C   22        0.070341       -0.165551        0.366448
     C   22       -0.165551       -0.602525        0.037894
     C   22        0.366448        0.037894        0.532184

     C   23       -0.449892        0.285557        0.167307
     C   23        0.285557        0.042480       -0.129676
     C   23        0.167307       -0.129676        0.407412

     Cl  24        0.746625        1.704021        1.079968
     Cl  24        1.704021       -0.849847       -0.396001
     Cl  24        1.079968       -0.396001        0.103222


     NQR/NMR SPECTROSCOPIC PARAMETERS:
     Cl   1    Vxx=   -0.4656    axis=(  0.504207  0.624849  0.596103)
     Cl   1    Vyy=   -2.1391    axis=( -0.349922 -0.483238  0.802519)
     Cl   1    Vzz=    2.6047    axis=( -0.789512  0.613225  0.025004)
     Cl   1  Q=        -8.1650 1e-30 m^2  Cq=       -49.9705 MHz  eta= 0.64247

     C    2    Vxx=   -0.0920    axis=( -0.086201 -0.676050  0.731796)
     C    2    Vyy=   -0.2542    axis=( -0.381673  0.700900  0.602548)
     C    2    Vzz=    0.3463    axis=(  0.920269  0.227367  0.318449)
     C    2  Q=         1.0000 1e-30 m^2  Cq=         0.8136 MHz  eta= 0.46854

     C    3    Vxx=   -0.1391    axis=( -0.310561  0.929900 -0.197073)
     C    3    Vyy=   -0.3617    axis=(  0.948685  0.290222 -0.125574)
     C    3    Vzz=    0.5008    axis=(  0.059576  0.225959  0.972313)
     C    3  Q=         1.0000 1e-30 m^2  Cq=         1.1766 MHz  eta= 0.44436

     H    4    Vxx=   -0.0408    axis=(  0.421605 -0.717576 -0.554377)
     H    4    Vyy=   -0.3960    axis=( -0.011080 -0.615400  0.788137)
     H    4    Vzz=    0.4369    axis=( -0.906712 -0.326141 -0.267406)
     H    4  Q=         1.0000 1e-30 m^2  Cq=         1.0264 MHz  eta= 0.81304

     C    5    Vxx=    0.0123    axis=( -0.920482 -0.219568  0.323268)
     C    5    Vyy=    0.6105    axis=(  0.333192 -0.008716  0.942819)
     C    5    Vzz=   -0.6228    axis=( -0.204196  0.975558  0.081181)
     C    5  Q=         1.0000 1e-30 m^2  Cq=        -1.4633 MHz  eta= 0.96058

     H    6    Vxx=   -0.0161    axis=(  0.993398 -0.016157  0.113571)
     H    6    Vyy=   -0.7049    axis=(  0.112258  0.340723 -0.933438)
     H    6    Vzz=    0.7210    axis=( -0.023615  0.940025  0.340288)
     H    6  Q=         1.0000 1e-30 m^2  Cq=         1.6941 MHz  eta= 0.95545

     H    7    Vxx=   -0.0760    axis=(  0.796247 -0.296719 -0.527208)
     H    7    Vyy=   -0.3929    axis=(  0.553155  0.004204  0.833068)
     H    7    Vzz=    0.4689    axis=( -0.244971 -0.954956  0.167479)
     H    7  Q=         1.0000 1e-30 m^2  Cq=         1.1018 MHz  eta= 0.67595

     C    8    Vxx=   -0.0168    axis=( -0.500886  0.505873  0.702286)
     C    8    Vyy=   -0.8287    axis=(  0.447913  0.845809 -0.289795)
     C    8    Vzz=    0.8455    axis=( -0.740600  0.169409 -0.650241)
     C    8  Q=         1.0000 1e-30 m^2  Cq=         1.9866 MHz  eta= 0.96023

     H    9    Vxx=   -0.0560    axis=(  0.304286  0.951972 -0.034048)
     H    9    Vyy=   -0.2332    axis=(  0.017632 -0.041366 -0.998988)
     H    9    Vzz=    0.2891    axis=( -0.952418  0.303378 -0.029372)
     H    9  Q=         1.0000 1e-30 m^2  Cq=         0.6793 MHz  eta= 0.61293

     C   10    Vxx=    0.0675    axis=(  0.152916  0.864065  0.479592)
     C   10    Vyy=    0.4106    axis=(  0.141066 -0.499415  0.854801)
     C   10    Vzz=   -0.4781    axis=(  0.978119 -0.063059 -0.198258)
     C   10  Q=         1.0000 1e-30 m^2  Cq=        -1.1233 MHz  eta= 0.71780

     C   11    Vxx=   -0.0369    axis=( -0.946796 -0.069122  0.314325)
     C   11    Vyy=   -0.4739    axis=( -0.014502  0.984835  0.172886)
     C   11    Vzz=    0.5108    axis=(  0.321509 -0.159129  0.933440)
     C   11  Q=         1.0000 1e-30 m^2  Cq=         1.2001 MHz  eta= 0.85550

     Cl  12    Vxx=    0.9842    axis=(  0.815528  0.360948 -0.452360)
     Cl  12    Vyy=    2.0789    axis=( -0.151628 -0.621084 -0.768937)
     Cl  12    Vzz=   -3.0631    axis=(  0.558500 -0.695680  0.451782)
     Cl  12  Q=        -8.1650 1e-30 m^2  Cq=        58.7646 MHz  eta= 0.35737

     H   13    Vxx=    0.0063    axis=( -0.226398 -0.430172  0.873897)
     H   13    Vyy=    0.5113    axis=( -0.002957  0.897492  0.441021)
     H   13    Vzz=   -0.5176    axis=( -0.974030  0.097262 -0.204463)
     H   13  Q=         1.0000 1e-30 m^2  Cq=        -1.2161 MHz  eta= 0.97579

     C   14    Vxx=    0.2006    axis=( -0.500593 -0.200809  0.842070)
     C   14    Vyy=    0.3033    axis=(  0.124027  0.946052  0.299337)
     C   14    Vzz=   -0.5039    axis=( -0.856752  0.254285 -0.448681)
     C   14  Q=         1.0000 1e-30 m^2  Cq=        -1.1840 MHz  eta= 0.20393

     H   15    Vxx=   -0.0687    axis=(  0.014530  0.975266 -0.220556)
     H   15    Vyy=   -0.3427    axis=( -0.521561  0.195587  0.830494)
     H   15    Vzz=    0.4114    axis=(  0.853090  0.102966  0.511503)
     H   15  Q=         1.0000 1e-30 m^2  Cq=         0.9666 MHz  eta= 0.66618

     C   16    Vxx=    0.0735    axis=( -0.814296 -0.315378  0.487298)
     C   16    Vyy=    0.7393    axis=(  0.495629  0.059178  0.866516)
     C   16    Vzz=   -0.8128    axis=(  0.302117 -0.947119 -0.108122)
     C   16  Q=         1.0000 1e-30 m^2  Cq=        -1.9097 MHz  eta= 0.81912

     C   17    Vxx=    0.0005    axis=( -0.522093  0.835395 -0.171858)
     C   17    Vyy=    0.6679    axis=( -0.053492  0.169030  0.984158)
     C   17    Vzz=   -0.6684    axis=(  0.851210  0.523015 -0.043562)
     C   17  Q=         1.0000 1e-30 m^2  Cq=        -1.5704 MHz  eta= 0.99849

     Cl  18    Vxx=    0.3847    axis=(  0.754914 -0.610675  0.239127)
     Cl  18    Vyy=    1.0101    axis=(  0.309874  0.010785 -0.950716)
     Cl  18    Vzz=   -1.3948    axis=(  0.577999  0.791808  0.197374)
     Cl  18  Q=        -8.1650 1e-30 m^2  Cq=        26.7591 MHz  eta= 0.44839

     H   19    Vxx=   -0.0414    axis=( -0.959380  0.269852  0.082285)
     H   19    Vyy=   -0.5541    axis=(  0.245411  0.654399  0.715217)
     H   19    Vzz=    0.5955    axis=( -0.139156 -0.706358  0.694041)
     H   19  Q=         1.0000 1e-30 m^2  Cq=         1.3992 MHz  eta= 0.86096

     C   20    Vxx=    0.0368    axis=( -0.187229 -0.977521 -0.096938)
     C   20    Vyy=    0.6453    axis=(  0.109001  0.077400 -0.991024)
     C   20    Vzz=   -0.6822    axis=(  0.976250 -0.196115  0.092060)
     C   20  Q=         1.0000 1e-30 m^2  Cq=        -1.6028 MHz  eta= 0.89197

     H   21    Vxx=    0.0026    axis=(  0.100281 -0.983332 -0.151663)
     H   21    Vyy=    0.6065    axis=(  0.833089 -0.000354  0.553138)
     H   21    Vzz=   -0.6092    axis=( -0.543972 -0.181818  0.819168)
     H   21  Q=         1.0000 1e-30 m^2  Cq=        -1.4313 MHz  eta= 0.99133

     C   22    Vxx=   -0.0810    axis=(  0.827567 -0.297315 -0.476169)
     C   22    Vyy=   -0.6550    axis=(  0.276202  0.954109 -0.115706)
     C   22    Vzz=    0.7361    axis=(  0.488718 -0.035765  0.871708)
     C   22  Q=         1.0000 1e-30 m^2  Cq=         1.7295 MHz  eta= 0.77983

     C   23    Vxx=    0.1655    axis=(  0.450789  0.878338  0.159094)
     C   23    Vyy=    0.4566    axis=(  0.106190 -0.229734  0.967443)
     C   23    Vzz=   -0.6221    axis=(  0.886292 -0.419218 -0.196833)
     C   23  Q=         1.0000 1e-30 m^2  Cq=        -1.4617 MHz  eta= 0.46779

     Cl  24    Vxx=    0.1963    axis=( -0.111836 -0.505940  0.855288)
     Cl  24    Vyy=    2.1026    axis=( -0.827549 -0.429071 -0.362023)
     Cl  24    Vzz=   -2.2988    axis=(  0.550141 -0.748280 -0.370704)
     Cl  24  Q=        -8.1650 1e-30 m^2  Cq=        44.1020 MHz  eta= 0.82925

     Initialization:
     gipaw_setup  :      9.22s CPU     10.94s WALL (       1 calls)

     Linear response

     Apply operators

     Induced current

     Other routines
     efg          :      9.24s CPU     11.50s WALL (       1 calls)

     General routines
     calbec       :      3.21s CPU      4.18s WALL (      16 calls)
     fft          :      1.38s CPU      1.84s WALL (      15 calls)
     ffts         :      0.04s CPU      0.10s WALL (       2 calls)
     fftw         :      3.27s CPU      3.95s WALL (     672 calls)
     davcio       :      0.02s CPU      0.31s WALL (      32 calls)

     Parallel routines
     fft_scatter  :      2.15s CPU      3.16s WALL (     689 calls)

     Plugins

     GIPAW        :     60.84s CPU     73.64s WALL (       1 calls)
