
     Program QE v.6.0 (svn rev. 13079) starts on 12Jan2017 at 15:15:27 

     This program is part of the open-source Quantum ESPRESSO suite
     for quantum simulation of materials; please cite
         "P. Giannozzi et al., J. Phys.:Condens. Matter 21 395502 (2009);
          URL http://www.quantum-espresso.org", 
     in publications or presentations arising from this work. More details at
     http://www.quantum-espresso.org/quote

     Parallel version (MPI), running on     8 processors
     R & G space division:  proc/nbgrp/npool/nimage =       8

     ***** This is GIPAW svn revision unknown      *****

     Parallelizing q-star over 1 images

     Reading data from directory:
     /users/majewski/paradichlorobenzene/pbe/9_constraint/scratch/pbe.ecut100.np8.dt60.pcl2phi-129368.save
     Message from routine read_xml_file:
     file /users/majewski/paradichlorobenzene/pbe/9_constraint/scratch/pbe.ecut100.np8.dt60.pcl2phi-129368.save not guaranteed to be safe for post-processing

   Info: using nr1, nr2, nr3 values from input

   Info: using nr1, nr2, nr3 values from input

     IMPORTANT: XC functional enforced from input :
     Exchange-correlation      =  SLA  PW   PBX  PBC ( 1  4  3  4 0 0)
     Any further DFT definition will be discarded
     Please, verify this is what you really want

               file C.pbe-n-kjpaw_psl.1.0.0.UPF: wavefunction(s)  2S 2P renormalized
               file Cl.pbe-n-kjpaw_psl.1.0.0.UPF: wavefunction(s)  3S 3P renormalized
               file H.pbe-kjpaw_psl.1.0.0.UPF: wavefunction(s)  1S renormalized

     Parallelization info
     --------------------
     sticks:   dense  smooth     PW     G-vecs:    dense   smooth      PW
     Min        3057    1223    332               144436    36536    5170
     Max        3059    1225    333               144437    36537    5171
     Sum       24467    9791   2657              1155489   292295   41363


     Subspace diagonalization in iterative solution of the eigenvalue problem:
     a serial algorithm will be used

     GIPAW projectors -----------------------------------------------
     atom=  C    l=0  rc=    1.2000  rs=    0.8000
     atom=  C    l=0  rc=    1.2000  rs=    0.8000
     atom=  C    l=1  rc=    1.4000  rs=    0.9333
     atom=  C    l=1  rc=    1.4000  rs=    0.9333
     projs nearly linearly dependent: l=1  n1,n2= 1, 2  s=  0.99951561

     atom=  Cl   l=0  rc=    1.6000  rs=    1.0667
     atom=  Cl   l=0  rc=    1.6000  rs=    1.0667
     atom=  Cl   l=1  rc=    1.6000  rs=    1.0667
     atom=  Cl   l=1  rc=    1.6000  rs=    1.0667
     atom=  Cl   l=2  rc=    1.6000  rs=    1.0667
     atom=  Cl   l=2  rc=    1.6000  rs=    1.0667
     projs nearly linearly dependent: l=2  n1,n2= 1, 2  s=  0.99993509

     atom=  H    l=0  rc=    1.0000  rs=    0.6667
     atom=  H    l=0  rc=    1.0000  rs=    0.6667
     projs nearly linearly dependent: l=0  n1,n2= 1, 2  s=  0.99968852
     -----------------------------------------------------------------

     GIPAW integrals: -------------------------------------------
     Atom  i/j   nmr_para   nmr_dia   epr_rmc  epr_para   epr_dia
       C   1 1   0.83E+03  0.17E-01  0.93E+01  0.24E+08  0.24E+03
       C   2 1   0.86E+03 -0.61E-01  0.94E+01  0.25E+08  0.25E+03
       C   2 2   0.90E+03 -0.15E+00  0.97E+01  0.26E+08  0.26E+03
       C   3 3   0.33E+01  0.34E+00  0.18E+01  0.55E+03  0.21E+02
       C   4 3   0.35E+01  0.37E+00  0.20E+01  0.59E+03  0.22E+02
       C   4 4   0.38E+01  0.39E+00  0.22E+01  0.63E+03  0.24E+02
       Cl  1 1   0.14E+04 -0.47E+00  0.84E+01  0.32E+09  0.42E+03
       Cl  2 1   0.21E+04 -0.37E+00  0.12E+02  0.49E+09  0.65E+03
       Cl  2 2   0.33E+04 -0.16E+00  0.21E+02  0.76E+09  0.10E+04
       Cl  3 3   0.21E+02  0.79E-01  0.89E+01  0.23E+05  0.13E+03
       Cl  4 3   0.24E+02  0.67E-01  0.99E+01  0.27E+05  0.15E+03
       Cl  4 4   0.28E+02  0.44E-01  0.11E+02  0.32E+05  0.18E+03
       Cl  5 5   0.77E+00  0.19E+00  0.18E+01  0.12E+03  0.22E+02
       Cl  6 5   0.80E+00  0.19E+00  0.19E+01  0.12E+03  0.23E+02
       Cl  6 6   0.83E+00  0.20E+00  0.19E+01  0.12E+03  0.23E+02
       H   1 1   0.39E+02  0.19E+00  0.29E+00  0.78E+05  0.13E+02
       H   2 1   0.41E+02  0.21E+00  0.32E+00  0.82E+05  0.14E+02
       H   2 2   0.43E+02  0.22E+00  0.36E+00  0.86E+05  0.15E+02
     ------------------------------------------------------------

     alpha_pv=     34.9935 eV

     Number of occupied bands for each k-point:
     k-point:     1    nbnd_occ=  42
     k-point:     2    nbnd_occ=  42
     k-point:     3    nbnd_occ=  42
     k-point:     4    nbnd_occ=  42
     k-point:     5    nbnd_occ=  42
     k-point:     6    nbnd_occ=  42
     k-point:     7    nbnd_occ=  42
     k-point:     8    nbnd_occ=  42
     k-point:     9    nbnd_occ=  42
     k-point:    10    nbnd_occ=  42
     k-point:    11    nbnd_occ=  42
     k-point:    12    nbnd_occ=  42
     k-point:    13    nbnd_occ=  42
     k-point:    14    nbnd_occ=  42
     k-point:    15    nbnd_occ=  42
     k-point:    16    nbnd_occ=  42


     q-space interpolation up to   110.00 Rydberg

     GIPAW job: efg                                                                             


     ELECTRIC FIELD GRADIENTS TENSORS IN Hartree/bohrradius^2:

     ----- bare term -----
     Cl   1        0.015998        0.036752       -0.143414
     Cl   1        0.036752        0.102573        0.024983
     Cl   1       -0.143414        0.024983       -0.118571

     C    2       -0.131627        0.214468       -0.195998
     C    2        0.214468       -0.402894       -0.406224
     C    2       -0.195998       -0.406224        0.534521

     C    3       -0.069486        0.367426       -0.218749
     C    3        0.367426       -0.190375       -0.250267
     C    3       -0.218749       -0.250267        0.259860

     H    4        0.061913       -0.052187       -0.187490
     H    4       -0.052187        0.461792       -0.307347
     H    4       -0.187490       -0.307347       -0.523705

     C    5       -0.450785        0.279955       -0.465749
     C    5        0.279955        0.341050       -0.116746
     C    5       -0.465749       -0.116746        0.109736

     H    6       -0.213626        0.077724        0.186587
     H    6        0.077724        0.005063       -0.479752
     H    6        0.186587       -0.479752        0.208563

     H    7        0.417819        0.267354       -0.031208
     H    7        0.267354       -0.762281        0.274052
     H    7       -0.031208        0.274052        0.344462

     C    8       -0.077265       -0.243359       -0.117062
     C    8       -0.243359       -0.061973        0.412563
     C    8       -0.117062        0.412563        0.139239

     H    9       -0.330437        0.536237        0.004827
     H    9        0.536237       -0.002628       -0.116011
     H    9        0.004827       -0.116011        0.333064

     C   10       -0.445989       -0.216517       -0.103855
     C   10       -0.216517        0.102210        0.118554
     C   10       -0.103855        0.118554        0.343779

     C   11        0.015469       -0.053475       -0.190576
     C   11       -0.053475        0.031858        0.639179
     C   11       -0.190576        0.639179       -0.047327

     Cl  12        0.217730       -0.090275        0.141428
     Cl  12       -0.090275        0.079526       -0.459329
     Cl  12        0.141428       -0.459329       -0.297256

     H   13        0.324410        0.119937       -0.118822
     H   13        0.119937       -0.617870        0.117950
     H   13       -0.118822        0.117950        0.293460

     C   14       -0.065957       -0.195381       -0.288559
     C   14       -0.195381       -0.113764       -0.234194
     C   14       -0.288559       -0.234194        0.179721

     H   15        0.037711       -0.192349       -0.257625
     H   15       -0.192349       -0.339371       -0.305214
     H   15       -0.257625       -0.305214        0.301661

     C   16       -0.607148        0.271999       -0.140522
     C   16        0.271999        0.032288       -0.072674
     C   16       -0.140522       -0.072674        0.574860

     C   17        0.158328        0.080837       -0.128199
     C   17        0.080837       -0.260443       -0.552625
     C   17       -0.128199       -0.552625        0.102115

     Cl  18        0.292561        0.254684       -0.066971
     Cl  18        0.254684        0.107901       -0.564838
     Cl  18       -0.066971       -0.564838       -0.400462

     H   19        0.512564       -0.019377       -0.098539
     H   19       -0.019377       -0.377840        0.424053
     H   19       -0.098539        0.424053       -0.134725

     C   20       -0.877782       -0.359594       -0.356827
     C   20       -0.359594        0.501943        0.113393
     C   20       -0.356827        0.113393        0.375839

     H   21       -0.558812        0.045241       -0.219194
     H   21        0.045241        0.332104        0.294128
     H   21       -0.219194        0.294128        0.226708

     C   22        0.035323       -0.020829       -0.206921
     C   22       -0.020829       -0.442469        0.399172
     C   22       -0.206921        0.399172        0.407146

     C   23       -0.789622       -0.322047       -0.273994
     C   23       -0.322047        0.225853        0.045824
     C   23       -0.273994        0.045824        0.563769

     Cl  24        0.096570       -0.037106        0.086502
     Cl  24       -0.037106        0.131188        0.069224
     Cl  24        0.086502        0.069224       -0.227758

     ----- ionic term -----
     Cl   1        0.204748       -0.208721        0.055385
     Cl   1       -0.208721       -0.072649       -0.020905
     Cl   1        0.055385       -0.020905       -0.132099

     C    2        0.187447       -0.165849        0.254489
     C    2       -0.165849        0.115965        0.428870
     C    2        0.254489        0.428870       -0.303413

     C    3        0.148882       -0.284817        0.250738
     C    3       -0.284817        0.134866        0.381841
     C    3        0.250738        0.381841       -0.283748

     H    4        0.253895        0.425890        0.679351
     H    4        0.425890       -0.249407        0.427786
     H    4        0.679351        0.427786       -0.004488

     C    5        0.231752       -0.250181        0.387945
     C    5       -0.250181        0.000794        0.277179
     C    5        0.387945        0.277179       -0.232546

     H    6       -0.509532       -0.212108       -0.077019
     H    6       -0.212108        0.742359        0.617462
     H    6       -0.077019        0.617462       -0.232827

     H    7       -0.519577       -0.109643        0.047174
     H    7       -0.109643        0.765943       -0.676057
     H    7        0.047174       -0.676057       -0.246366

     C    8        0.390636        0.124733        0.053939
     C    8        0.124733        0.045319       -0.328373
     C    8        0.053939       -0.328373       -0.435955

     H    9        0.760174       -0.309434        0.549850
     H    9       -0.309434       -0.497013       -0.203339
     H    9        0.549850       -0.203339       -0.263161

     C   10        0.239134        0.190799        0.049427
     C   10        0.190799        0.121718       -0.408306
     C   10        0.049427       -0.408306       -0.360852

     C   11        0.229249        0.082190        0.093993
     C   11        0.082190        0.101397       -0.429961
     C   11        0.093993       -0.429961       -0.330646

     Cl  12        0.094267        0.170277       -0.070319
     Cl  12        0.170277        0.013781       -0.045521
     Cl  12       -0.070319       -0.045521       -0.108048

     H   13       -0.504972       -0.092882       -0.034068
     H   13       -0.092882        0.835689        0.584204
     H   13       -0.034068        0.584204       -0.330717

     C   14        0.283907       -0.178155        0.347248
     C   14       -0.178155        0.111972        0.248534
     C   14        0.347248        0.248534       -0.395879

     H   15        0.367498        0.397859        0.698448
     H   15        0.397859       -0.267328        0.363340
     H   15        0.698448        0.363340       -0.100170

     C   16        0.180973       -0.264277        0.312480
     C   16       -0.264277        0.213427        0.268998
     C   16        0.312480        0.268998       -0.394401

     C   17        0.077528       -0.194312        0.473755
     C   17       -0.194312        0.146249        0.272178
     C   17        0.473755        0.272178       -0.223776

     Cl  18        0.135290       -0.195016        0.141839
     Cl  18       -0.195016       -0.004540       -0.082662
     Cl  18        0.141839       -0.082662       -0.130750

     H   19       -0.500068       -0.066040        0.045510
     H   19       -0.066040        0.513328       -0.783723
     H   19        0.045510       -0.783723       -0.013259

     C   20        0.373114        0.139538        0.102933
     C   20        0.139538       -0.034985       -0.356692
     C   20        0.102933       -0.356692       -0.338129

     H   21        0.540262       -0.368288        0.671950
     H   21       -0.368288       -0.403074       -0.307322
     H   21        0.671950       -0.307322       -0.137188

     C   22        0.192800        0.179365        0.077875
     C   22        0.179365        0.075108       -0.437126
     C   22        0.077875       -0.437126       -0.267908

     C   23        0.336567        0.124586        0.071936
     C   23        0.124586        0.027482       -0.396701
     C   23        0.071936       -0.396701       -0.364048

     Cl  24        0.167435        0.232931       -0.048890
     Cl  24        0.232931       -0.023615       -0.027366
     Cl  24       -0.048890       -0.027366       -0.143820

     ----- GIPAW term -----
     Cl   1       -0.232888       -1.081584        1.023081
     Cl   1       -1.081584       -1.157895        0.382434
     Cl   1        1.023081        0.382434        1.390783

     C    2       -0.094168       -0.043464       -0.011234
     C    2       -0.043464       -0.139577       -0.137275
     C    2       -0.011234       -0.137275        0.233745

     C    3       -0.017696        0.077461       -0.151344
     C    3        0.077461       -0.087380       -0.079199
     C    3       -0.151344       -0.079199        0.105076

     H    4       -0.000000        0.000000        0.000000
     H    4        0.000000        0.000000        0.000000
     H    4        0.000000        0.000000        0.000000

     C    5        0.013420        0.174957       -0.068072
     C    5        0.174957        0.089505       -0.012743
     C    5       -0.068072       -0.012743       -0.102925

     H    6       -0.000000        0.000000        0.000000
     H    6        0.000000        0.000000        0.000000
     H    6        0.000000        0.000000        0.000000

     H    7       -0.000000        0.000000        0.000000
     H    7        0.000000        0.000000        0.000000
     H    7        0.000000        0.000000        0.000000

     C    8       -0.086064       -0.131148        0.020320
     C    8       -0.131148        0.217638        0.009429
     C    8        0.020320        0.009429       -0.131574

     H    9       -0.000000        0.000000        0.000000
     H    9        0.000000        0.000000        0.000000
     H    9        0.000000        0.000000        0.000000

     C   10       -0.110182       -0.048703       -0.031346
     C   10       -0.048703        0.128870        0.069484
     C   10       -0.031346        0.069484       -0.018689

     C   11       -0.039994       -0.025435       -0.048313
     C   11       -0.025435        0.185627        0.155480
     C   11       -0.048313        0.155480       -0.145633

     Cl  12        0.033400        0.164632       -0.367438
     Cl  12        0.164632       -0.217408        0.265361
     Cl  12       -0.367438        0.265361        0.184008

     H   13       -0.000000        0.000000        0.000000
     H   13        0.000000        0.000000        0.000000
     H   13        0.000000        0.000000        0.000000

     C   14       -0.023822       -0.056809        0.005566
     C   14       -0.056809        0.031977       -0.092505
     C   14        0.005566       -0.092505       -0.008155

     H   15       -0.000000        0.000000        0.000000
     H   15        0.000000        0.000000        0.000000
     H   15        0.000000        0.000000        0.000000

     C   16       -0.079039       -0.057417       -0.006552
     C   16       -0.057417        0.085365        0.007669
     C   16       -0.006552        0.007669       -0.006326

     C   17       -0.053462        0.006042        0.027740
     C   17        0.006042        0.163512        0.114673
     C   17        0.027740        0.114673       -0.110050

     Cl  18        0.421273        0.081003        0.171797
     Cl  18        0.081003        0.007808       -0.636955
     Cl  18        0.171797       -0.636955       -0.429081

     H   19       -0.000000        0.000000        0.000000
     H   19        0.000000        0.000000        0.000000
     H   19        0.000000        0.000000        0.000000

     C   20       -0.242353        0.001129       -0.036265
     C   20        0.001129        0.327154       -0.041206
     C   20       -0.036265       -0.041206       -0.084800

     H   21       -0.000000        0.000000        0.000000
     H   21        0.000000        0.000000        0.000000
     H   21        0.000000        0.000000        0.000000

     C   22       -0.104674        0.076072       -0.078552
     C   22        0.076072       -0.007960       -0.171506
     C   22       -0.078552       -0.171506        0.112634

     C   23       -0.163915        0.017421       -0.024725
     C   23        0.017421        0.017031       -0.154675
     C   23       -0.024725       -0.154675        0.146884

     Cl  24       -0.474265        1.151706       -0.321207
     Cl  24        1.151706       -1.057640       -0.409547
     Cl  24       -0.321207       -0.409547        1.531905

     ----- total EFG -----
     Cl   1       -0.012141       -1.253554        0.935052
     Cl   1       -1.253554       -1.127972        0.386512
     Cl   1        0.935052        0.386512        1.140113

     C    2       -0.038348        0.005154        0.047257
     C    2        0.005154       -0.426505       -0.114628
     C    2        0.047257       -0.114628        0.464853

     C    3        0.061701        0.160070       -0.119355
     C    3        0.160070       -0.142889        0.052375
     C    3       -0.119355        0.052375        0.081188

     H    4        0.315808        0.373703        0.491861
     H    4        0.373703        0.212385        0.120439
     H    4        0.491861        0.120439       -0.528193

     C    5       -0.205613        0.204732       -0.145875
     C    5        0.204732        0.431348        0.147690
     C    5       -0.145875        0.147690       -0.225736

     H    6       -0.723159       -0.134385        0.109568
     H    6       -0.134385        0.747422        0.137710
     H    6        0.109568        0.137710       -0.024264

     H    7       -0.101758        0.157712        0.015966
     H    7        0.157712        0.003662       -0.402005
     H    7        0.015966       -0.402005        0.098095

     C    8        0.227307       -0.249774       -0.042804
     C    8       -0.249774        0.200984        0.093620
     C    8       -0.042804        0.093620       -0.428291

     H    9        0.429737        0.226803        0.554677
     H    9        0.226803       -0.499641       -0.319350
     H    9        0.554677       -0.319350        0.069904

     C   10       -0.317037       -0.074421       -0.085774
     C   10       -0.074421        0.352798       -0.220267
     C   10       -0.085774       -0.220267       -0.035761

     C   11        0.204724        0.003280       -0.144896
     C   11        0.003280        0.318881        0.364697
     C   11       -0.144896        0.364697       -0.523605

     Cl  12        0.345398        0.244635       -0.296330
     Cl  12        0.244635       -0.124101       -0.239489
     Cl  12       -0.296330       -0.239489       -0.221296

     H   13       -0.180562        0.027056       -0.152890
     H   13        0.027056        0.217818        0.702154
     H   13       -0.152890        0.702154       -0.037256

     C   14        0.194128       -0.430344        0.064256
     C   14       -0.430344        0.030185       -0.078165
     C   14        0.064256       -0.078165       -0.224313

     H   15        0.405209        0.205510        0.440822
     H   15        0.205510       -0.606699        0.058126
     H   15        0.440822        0.058126        0.201490

     C   16       -0.505214       -0.049694        0.165406
     C   16       -0.049694        0.331081        0.203992
     C   16        0.165406        0.203992        0.174133

     C   17        0.182394       -0.107433        0.373296
     C   17       -0.107433        0.049317       -0.165774
     C   17        0.373296       -0.165774       -0.231711

     Cl  18        0.849124        0.140670        0.246665
     Cl  18        0.140670        0.111169       -1.284455
     Cl  18        0.246665       -1.284455       -0.960293

     H   19        0.012496       -0.085418       -0.053029
     H   19       -0.085418        0.135488       -0.359669
     H   19       -0.053029       -0.359669       -0.147984

     C   20       -0.747021       -0.218927       -0.290159
     C   20       -0.218927        0.794112       -0.284504
     C   20       -0.290159       -0.284504       -0.047091

     H   21       -0.018550       -0.323047        0.452756
     H   21       -0.323047       -0.070970       -0.013194
     H   21        0.452756       -0.013194        0.089520

     C   22        0.123449        0.234607       -0.207598
     C   22        0.234607       -0.375321       -0.209460
     C   22       -0.207598       -0.209460        0.251873

     C   23       -0.616971       -0.180040       -0.226783
     C   23       -0.180040        0.270366       -0.505553
     C   23       -0.226783       -0.505553        0.346604

     Cl  24       -0.210260        1.347532       -0.283594
     Cl  24        1.347532       -0.950067       -0.367689
     Cl  24       -0.283594       -0.367689        1.160327

     ----- total EFG (symmetrized) -----
     Cl   1       -0.012141       -1.253554        0.935052
     Cl   1       -1.253554       -1.127972        0.386512
     Cl   1        0.935052        0.386512        1.140113

     C    2       -0.038348        0.005154        0.047257
     C    2        0.005154       -0.426505       -0.114628
     C    2        0.047257       -0.114628        0.464853

     C    3        0.061701        0.160070       -0.119355
     C    3        0.160070       -0.142889        0.052375
     C    3       -0.119355        0.052375        0.081188

     H    4        0.315808        0.373703        0.491861
     H    4        0.373703        0.212385        0.120439
     H    4        0.491861        0.120439       -0.528193

     C    5       -0.205613        0.204732       -0.145875
     C    5        0.204732        0.431348        0.147690
     C    5       -0.145875        0.147690       -0.225736

     H    6       -0.723159       -0.134385        0.109568
     H    6       -0.134385        0.747422        0.137710
     H    6        0.109568        0.137710       -0.024264

     H    7       -0.101758        0.157712        0.015966
     H    7        0.157712        0.003662       -0.402005
     H    7        0.015966       -0.402005        0.098095

     C    8        0.227307       -0.249774       -0.042804
     C    8       -0.249774        0.200984        0.093620
     C    8       -0.042804        0.093620       -0.428291

     H    9        0.429737        0.226803        0.554677
     H    9        0.226803       -0.499641       -0.319350
     H    9        0.554677       -0.319350        0.069904

     C   10       -0.317037       -0.074421       -0.085774
     C   10       -0.074421        0.352798       -0.220267
     C   10       -0.085774       -0.220267       -0.035761

     C   11        0.204724        0.003280       -0.144896
     C   11        0.003280        0.318881        0.364697
     C   11       -0.144896        0.364697       -0.523605

     Cl  12        0.345398        0.244635       -0.296330
     Cl  12        0.244635       -0.124101       -0.239489
     Cl  12       -0.296330       -0.239489       -0.221296

     H   13       -0.180562        0.027056       -0.152890
     H   13        0.027056        0.217818        0.702154
     H   13       -0.152890        0.702154       -0.037256

     C   14        0.194128       -0.430344        0.064256
     C   14       -0.430344        0.030185       -0.078165
     C   14        0.064256       -0.078165       -0.224313

     H   15        0.405209        0.205510        0.440822
     H   15        0.205510       -0.606699        0.058126
     H   15        0.440822        0.058126        0.201490

     C   16       -0.505214       -0.049694        0.165406
     C   16       -0.049694        0.331081        0.203992
     C   16        0.165406        0.203992        0.174133

     C   17        0.182394       -0.107433        0.373296
     C   17       -0.107433        0.049317       -0.165774
     C   17        0.373296       -0.165774       -0.231711

     Cl  18        0.849124        0.140670        0.246665
     Cl  18        0.140670        0.111169       -1.284455
     Cl  18        0.246665       -1.284455       -0.960293

     H   19        0.012496       -0.085418       -0.053029
     H   19       -0.085418        0.135488       -0.359669
     H   19       -0.053029       -0.359669       -0.147984

     C   20       -0.747021       -0.218927       -0.290159
     C   20       -0.218927        0.794112       -0.284504
     C   20       -0.290159       -0.284504       -0.047091

     H   21       -0.018550       -0.323047        0.452756
     H   21       -0.323047       -0.070970       -0.013194
     H   21        0.452756       -0.013194        0.089520

     C   22        0.123449        0.234607       -0.207598
     C   22        0.234607       -0.375321       -0.209460
     C   22       -0.207598       -0.209460        0.251873

     C   23       -0.616971       -0.180040       -0.226783
     C   23       -0.180040        0.270366       -0.505553
     C   23       -0.226783       -0.505553        0.346604

     Cl  24       -0.210260        1.347532       -0.283594
     Cl  24        1.347532       -0.950067       -0.367689
     Cl  24       -0.283594       -0.367689        1.160327


     NQR/NMR SPECTROSCOPIC PARAMETERS:
     Cl   1    Vxx=    0.4618    axis=(  0.615438 -0.607388 -0.502311)
     Cl   1    Vyy=    1.6981    axis=(  0.547096 -0.129568  0.826981)
     Cl   1    Vzz=   -2.1600    axis=( -0.567382 -0.783768  0.252558)
     Cl   1  Q=        -8.1650 1e-30 m^2  Cq=        41.4383 MHz  eta= 0.57237

     C    2    Vxx=   -0.0421    axis=(  0.995714  0.038439 -0.084120)
     C    2    Vyy=   -0.4413    axis=( -0.027559  0.991537  0.126865)
     C    2    Vzz=    0.4835    axis=(  0.088285 -0.124003  0.988347)
     C    2  Q=         1.0000 1e-30 m^2  Cq=         1.1359 MHz  eta= 0.82567

     C    3    Vxx=    0.0531    axis=(  0.407959  0.531566  0.742298)
     C    3    Vyy=    0.2099    axis=( -0.758534 -0.255155  0.599601)
     C    3    Vzz=   -0.2630    axis=( -0.508129  0.807671 -0.299118)
     C    3  Q=         1.0000 1e-30 m^2  Cq=        -0.6179 MHz  eta= 0.59620

     H    4    Vxx=   -0.0440    axis=(  0.479813 -0.831283  0.280620)
     H    4    Vyy=   -0.7568    axis=(  0.431865 -0.054642 -0.900282)
     H    4    Vzz=    0.8008    axis=(  0.763723  0.553157  0.332784)
     H    4  Q=         1.0000 1e-30 m^2  Cq=         1.8816 MHz  eta= 0.89018

     C    5    Vxx=   -0.0728    axis=(  0.688360 -0.067979 -0.722177)
     C    5    Vyy=   -0.4334    axis=( -0.682347  0.277092 -0.676478)
     C    5    Vzz=    0.5062    axis=( -0.246096 -0.958436 -0.144354)
     C    5  Q=         1.0000 1e-30 m^2  Cq=         1.1893 MHz  eta= 0.71239

     H    6    Vxx=   -0.0242    axis=(  0.179938 -0.142378  0.973320)
     H    6    Vyy=   -0.7558    axis=( -0.980700 -0.102900  0.166250)
     H    6    Vzz=    0.7800    axis=( -0.076484  0.984449  0.158145)
     H    6  Q=         1.0000 1e-30 m^2  Cq=         1.8327 MHz  eta= 0.93807

     H    7    Vxx=   -0.0619    axis=(  0.903227  0.189195  0.385209)
     H    7    Vyy=   -0.4093    axis=( -0.395933  0.713669  0.577853)
     H    7    Vzz=    0.4712    axis=( -0.165584 -0.674449  0.719514)
     H    7  Q=         1.0000 1e-30 m^2  Cq=         1.1072 MHz  eta= 0.73724

     C    8    Vxx=   -0.0324    axis=(  0.698088  0.710021  0.092429)
     C    8    Vyy=   -0.4420    axis=( -0.011135  0.139838 -0.990112)
     C    8    Vzz=    0.4744    axis=( -0.715925  0.690156  0.105525)
     C    8  Q=         1.0000 1e-30 m^2  Cq=         1.1146 MHz  eta= 0.86339

     H    9    Vxx=   -0.0161    axis=( -0.459508 -0.629387  0.626677)
     H    9    Vyy=   -0.8169    axis=(  0.368431 -0.777084 -0.510294)
     H    9    Vzz=    0.8330    axis=(  0.808153 -0.003597  0.588962)
     H    9  Q=         1.0000 1e-30 m^2  Cq=         1.9571 MHz  eta= 0.96139

     C   10    Vxx=   -0.0847    axis=( -0.420968  0.349778  0.836924)
     C   10    Vyy=   -0.3690    axis=(  0.906041  0.206203  0.369554)
     C   10    Vzz=    0.4536    axis=( -0.043315  0.913857 -0.403718)
     C   10  Q=         1.0000 1e-30 m^2  Cq=         1.0659 MHz  eta= 0.62669

     C   11    Vxx=    0.2166    axis=(  0.969346  0.234172 -0.074371)
     C   11    Vyy=    0.4641    axis=( -0.192135  0.911127  0.364598)
     C   11    Vzz=   -0.6808    axis=(  0.153140 -0.339132  0.928190)
     C   11  Q=         1.0000 1e-30 m^2  Cq=        -1.5995 MHz  eta= 0.36356

     Cl  12    Vxx=   -0.1848    axis=(  0.553512 -0.742450  0.377350)
     Cl  12    Vyy=   -0.4284    axis=(  0.149635  0.534369  0.831901)
     Cl  12    Vzz=    0.6132    axis=( -0.819289 -0.404002  0.406876)
     Cl  12  Q=        -8.1650 1e-30 m^2  Cq=       -11.7638 MHz  eta= 0.39738

     H   13    Vxx=   -0.1486    axis=( -0.959112 -0.234070  0.159105)
     H   13    Vyy=   -0.6614    axis=(  0.271864 -0.605615  0.747878)
     H   13    Vzz=    0.8100    axis=(  0.078700 -0.760554 -0.644488)
     H   13  Q=         1.0000 1e-30 m^2  Cq=         1.9032 MHz  eta= 0.63310

     C   14    Vxx=   -0.2329    axis=( -0.223236 -0.076433  0.971763)
     C   14    Vyy=   -0.3299    axis=(  0.607100  0.769056  0.199954)
     C   14    Vzz=    0.5628    axis=( -0.762624  0.634595 -0.125279)
     C   14  Q=         1.0000 1e-30 m^2  Cq=         1.3223 MHz  eta= 0.17223

     H   15    Vxx=   -0.1359    axis=( -0.586877 -0.158133  0.794084)
     H   15    Vyy=   -0.6480    axis=( -0.207862  0.977299  0.040995)
     H   15    Vzz=    0.7839    axis=( -0.782540 -0.141001 -0.606424)
     H   15  Q=         1.0000 1e-30 m^2  Cq=         1.8417 MHz  eta= 0.65330

     C   16    Vxx=    0.0797    axis=(  0.267510 -0.574771  0.773354)
     C   16    Vyy=    0.4742    axis=(  0.057275  0.810671  0.582694)
     C   16    Vzz=   -0.5539    axis=( -0.961851 -0.111583  0.249783)
     C   16  Q=         1.0000 1e-30 m^2  Cq=        -1.3015 MHz  eta= 0.71210

     C   17    Vxx=   -0.0090    axis=(  0.426145  0.903697  0.041615)
     C   17    Vyy=   -0.4677    axis=( -0.467169  0.180438  0.865561)
     C   17    Vzz=    0.4767    axis=(  0.774696 -0.388295  0.499072)
     C   17  Q=         1.0000 1e-30 m^2  Cq=         1.1201 MHz  eta= 0.96234

     Cl  18    Vxx=    0.8747    axis=(  0.972817  0.229629 -0.029966)
     Cl  18    Vyy=    0.9713    axis=( -0.206641  0.802357 -0.559931)
     Cl  18    Vzz=   -1.8460    axis=( -0.104533  0.550902  0.827997)
     Cl  18  Q=        -8.1650 1e-30 m^2  Cq=        35.4153 MHz  eta= 0.05232

     H   19    Vxx=    0.0279    axis=(  0.970782 -0.026532 -0.238490)
     H   19    Vyy=    0.3849    axis=( -0.112027  0.828802 -0.548212)
     H   19    Vzz=   -0.4128    axis=(  0.212206  0.558912  0.801614)
     H   19  Q=         1.0000 1e-30 m^2  Cq=        -0.9699 MHz  eta= 0.86503

     C   20    Vxx=    0.0153    axis=( -0.400412  0.213008  0.891234)
     C   20    Vyy=    0.8914    axis=(  0.081226 -0.960527  0.266063)
     C   20    Vzz=   -0.9067    axis=(  0.912728  0.178926  0.367305)
     C   20  Q=         1.0000 1e-30 m^2  Cq=        -2.1304 MHz  eta= 0.96631

     H   21    Vxx=   -0.0291    axis=(  0.127991 -0.805919 -0.578025)
     H   21    Vyy=   -0.5472    axis=( -0.721558 -0.475519  0.503226)
     H   21    Vzz=    0.5763    axis=( -0.680421  0.352670 -0.642380)
     H   21  Q=         1.0000 1e-30 m^2  Cq=         1.3542 MHz  eta= 0.89892

     C   22    Vxx=   -0.0224    axis=( -0.749703 -0.111191 -0.652366)
     C   22    Vyy=   -0.4902    axis=( -0.296995  0.937466  0.181525)
     C   22    Vzz=    0.5126    axis=(  0.591388  0.329840 -0.735844)
     C   22  Q=         1.0000 1e-30 m^2  Cq=         1.2044 MHz  eta= 0.91260

     C   23    Vxx=   -0.0536    axis=( -0.451448  0.669515  0.589868)
     C   23    Vyy=   -0.7632    axis=(  0.891710  0.314516  0.325475)
     C   23    Vzz=    0.8169    axis=( -0.032388 -0.672926  0.739001)
     C   23  Q=         1.0000 1e-30 m^2  Cq=         1.9194 MHz  eta= 0.86866

     Cl  24    Vxx=    0.5105    axis=(  0.672684  0.478560  0.564337)
     Cl  24    Vyy=    1.4718    axis=( -0.431806 -0.365453  0.824614)
     Cl  24    Vzz=   -1.9823    axis=( -0.600866  0.798388  0.039189)
     Cl  24  Q=        -8.1650 1e-30 m^2  Cq=        38.0288 MHz  eta= 0.48495

     Initialization:
     gipaw_setup  :      9.08s CPU     11.61s WALL (       1 calls)

     Linear response

     Apply operators

     Induced current

     Other routines
     efg          :      9.22s CPU     11.99s WALL (       1 calls)

     General routines
     calbec       :      3.27s CPU      4.37s WALL (      16 calls)
     fft          :      1.70s CPU      2.87s WALL (      15 calls)
     ffts         :      0.03s CPU      0.04s WALL (       2 calls)
     fftw         :      3.22s CPU      4.20s WALL (     672 calls)
     davcio       :      0.03s CPU      0.33s WALL (      32 calls)

     Parallel routines
     fft_scatter  :      2.26s CPU      4.23s WALL (     689 calls)

     Plugins

     GIPAW        :     60.93s CPU     76.27s WALL (       1 calls)
