
     Program QE v.6.0 (svn rev. 13079) starts on 22Dec2016 at 16:24:25 

     This program is part of the open-source Quantum ESPRESSO suite
     for quantum simulation of materials; please cite
         "P. Giannozzi et al., J. Phys.:Condens. Matter 21 395502 (2009);
          URL http://www.quantum-espresso.org", 
     in publications or presentations arising from this work. More details at
     http://www.quantum-espresso.org/quote

     Parallel version (MPI), running on     8 processors
     R & G space division:  proc/nbgrp/npool/nimage =       8

     ***** This is GIPAW svn revision unknown      *****

     Parallelizing q-star over 1 images

     Reading data from directory:
     /users/majewski/paradichlorobenzene/pbe/9_constraint/scratch/pbe.ecut100.np8.dt60.pcl2phi-129368.save
     Message from routine read_xml_file:
     file /users/majewski/paradichlorobenzene/pbe/9_constraint/scratch/pbe.ecut100.np8.dt60.pcl2phi-129368.save not guaranteed to be safe for post-processing

   Info: using nr1, nr2, nr3 values from input

   Info: using nr1, nr2, nr3 values from input

     IMPORTANT: XC functional enforced from input :
     Exchange-correlation      =  SLA  PW   PBX  PBC ( 1  4  3  4 0 0)
     Any further DFT definition will be discarded
     Please, verify this is what you really want

               file C.pbe-n-kjpaw_psl.1.0.0.UPF: wavefunction(s)  2S 2P renormalized
               file Cl.pbe-n-kjpaw_psl.1.0.0.UPF: wavefunction(s)  3S 3P renormalized
               file H.pbe-kjpaw_psl.1.0.0.UPF: wavefunction(s)  1S renormalized

     Parallelization info
     --------------------
     sticks:   dense  smooth     PW     G-vecs:    dense   smooth      PW
     Min        3057    1223    332               144436    36536    5170
     Max        3059    1225    333               144437    36537    5171
     Sum       24467    9791   2657              1155489   292295   41363


     Subspace diagonalization in iterative solution of the eigenvalue problem:
     a serial algorithm will be used

     GIPAW projectors -----------------------------------------------
     atom=  C    l=0  rc=    1.2000  rs=    0.8000
     atom=  C    l=0  rc=    1.2000  rs=    0.8000
     atom=  C    l=1  rc=    1.4000  rs=    0.9333
     atom=  C    l=1  rc=    1.4000  rs=    0.9333
     projs nearly linearly dependent: l=1  n1,n2= 1, 2  s=  0.99951561

     atom=  Cl   l=0  rc=    1.6000  rs=    1.0667
     atom=  Cl   l=0  rc=    1.6000  rs=    1.0667
     atom=  Cl   l=1  rc=    1.6000  rs=    1.0667
     atom=  Cl   l=1  rc=    1.6000  rs=    1.0667
     atom=  Cl   l=2  rc=    1.6000  rs=    1.0667
     atom=  Cl   l=2  rc=    1.6000  rs=    1.0667
     projs nearly linearly dependent: l=2  n1,n2= 1, 2  s=  0.99993509

     atom=  H    l=0  rc=    1.0000  rs=    0.6667
     atom=  H    l=0  rc=    1.0000  rs=    0.6667
     projs nearly linearly dependent: l=0  n1,n2= 1, 2  s=  0.99968852
     -----------------------------------------------------------------

     GIPAW integrals: -------------------------------------------
     Atom  i/j   nmr_para   nmr_dia   epr_rmc  epr_para   epr_dia
       C   1 1   0.83E+03  0.17E-01  0.93E+01  0.24E+08  0.24E+03
       C   2 1   0.86E+03 -0.61E-01  0.94E+01  0.25E+08  0.25E+03
       C   2 2   0.90E+03 -0.15E+00  0.97E+01  0.26E+08  0.26E+03
       C   3 3   0.33E+01  0.34E+00  0.18E+01  0.55E+03  0.21E+02
       C   4 3   0.35E+01  0.37E+00  0.20E+01  0.59E+03  0.22E+02
       C   4 4   0.38E+01  0.39E+00  0.22E+01  0.63E+03  0.24E+02
       Cl  1 1   0.14E+04 -0.47E+00  0.84E+01  0.32E+09  0.42E+03
       Cl  2 1   0.21E+04 -0.37E+00  0.12E+02  0.49E+09  0.65E+03
       Cl  2 2   0.33E+04 -0.16E+00  0.21E+02  0.76E+09  0.10E+04
       Cl  3 3   0.21E+02  0.79E-01  0.89E+01  0.23E+05  0.13E+03
       Cl  4 3   0.24E+02  0.67E-01  0.99E+01  0.27E+05  0.15E+03
       Cl  4 4   0.28E+02  0.44E-01  0.11E+02  0.32E+05  0.18E+03
       Cl  5 5   0.77E+00  0.19E+00  0.18E+01  0.12E+03  0.22E+02
       Cl  6 5   0.80E+00  0.19E+00  0.19E+01  0.12E+03  0.23E+02
       Cl  6 6   0.83E+00  0.20E+00  0.19E+01  0.12E+03  0.23E+02
       H   1 1   0.39E+02  0.19E+00  0.29E+00  0.78E+05  0.13E+02
       H   2 1   0.41E+02  0.21E+00  0.32E+00  0.82E+05  0.14E+02
       H   2 2   0.43E+02  0.22E+00  0.36E+00  0.86E+05  0.15E+02
     ------------------------------------------------------------

     alpha_pv=     34.5940 eV

     Number of occupied bands for each k-point:
     k-point:     1    nbnd_occ=  42
     k-point:     2    nbnd_occ=  42
     k-point:     3    nbnd_occ=  42
     k-point:     4    nbnd_occ=  42
     k-point:     5    nbnd_occ=  42
     k-point:     6    nbnd_occ=  42
     k-point:     7    nbnd_occ=  42
     k-point:     8    nbnd_occ=  42
     k-point:     9    nbnd_occ=  42
     k-point:    10    nbnd_occ=  42
     k-point:    11    nbnd_occ=  42
     k-point:    12    nbnd_occ=  42
     k-point:    13    nbnd_occ=  42
     k-point:    14    nbnd_occ=  42
     k-point:    15    nbnd_occ=  42
     k-point:    16    nbnd_occ=  42


     q-space interpolation up to   110.00 Rydberg

     GIPAW job: efg                                                                             


     ELECTRIC FIELD GRADIENTS TENSORS IN Hartree/bohrradius^2:

     ----- bare term -----
     Cl   1       -0.150260        0.252577       -0.018280
     Cl   1        0.252577        0.101702       -0.034201
     Cl   1       -0.018280       -0.034201        0.048558

     C    2       -0.063263        0.042763       -0.172835
     C    2        0.042763        0.004864       -0.554503
     C    2       -0.172835       -0.554503        0.058399

     C    3        0.041971       -0.012568        0.245644
     C    3       -0.012568       -0.076235        0.249983
     C    3        0.245644        0.249983        0.034264

     H    4       -0.169595       -0.310431        0.132245
     H    4       -0.310431       -0.051419        0.160714
     H    4        0.132245        0.160714        0.221015

     C    5       -0.021041       -0.138357       -0.089309
     C    5       -0.138357       -0.081218        0.133192
     C    5       -0.089309        0.133192        0.102259

     H    6        0.335939       -0.054300       -0.065474
     H    6       -0.054300       -0.557151        0.255146
     H    6       -0.065474        0.255146        0.221212

     H    7        0.511923        0.026817       -0.017337
     H    7        0.026817       -0.299810        0.392292
     H    7       -0.017337        0.392292       -0.212113

     C    8       -0.745880       -0.377836       -0.311367
     C    8       -0.377836        0.438740        0.260756
     C    8       -0.311367        0.260756        0.307140

     H    9        0.095078        0.007382       -0.448889
     H    9        0.007382        0.195138       -0.266133
     H    9       -0.448889       -0.266133       -0.290217

     C   10       -0.010945       -0.183286       -0.177860
     C   10       -0.183286       -0.050063        0.645259
     C   10       -0.177860        0.645259        0.061008

     C   11       -0.386696       -0.229834       -0.338957
     C   11       -0.229834        0.049840        0.409733
     C   11       -0.338957        0.409733        0.336856

     Cl  12       -0.009997        0.010447       -0.036248
     Cl  12        0.010447        0.078521        0.031440
     Cl  12       -0.036248        0.031440       -0.068524

     H   13        0.155838        0.131619       -0.054600
     H   13        0.131619       -0.404548       -0.473216
     H   13       -0.054600       -0.473216        0.248710

     C   14       -0.450033        0.213193       -0.420523
     C   14        0.213193        0.101940       -0.301502
     C   14       -0.420523       -0.301502        0.348093

     H   15       -0.420881       -0.433720       -0.039913
     H   15       -0.433720        0.268461        0.062094
     H   15       -0.039913        0.062094        0.152420

     C   16       -0.231317        0.384513       -0.065921
     C   16        0.384513       -0.280169       -0.519298
     C   16       -0.065921       -0.519298        0.511486

     C   17       -0.109681        0.027489       -0.399729
     C   17        0.027489       -0.237809       -0.519737
     C   17       -0.399729       -0.519737        0.347490

     Cl  18       -0.012753        0.064053       -0.125356
     Cl  18        0.064053       -0.005096       -0.109828
     Cl  18       -0.125356       -0.109828        0.017848

     H   19        0.320963       -0.225013        0.104188
     H   19       -0.225013       -0.514256        0.518214
     H   19        0.104188        0.518214        0.193293

     C   20       -0.143362        0.096959       -0.369426
     C   20        0.096959       -0.134357        0.346375
     C   20       -0.369426        0.346375        0.277719

     H   21        0.054594        0.098771       -0.305824
     H   21        0.098771        0.351377        0.448800
     H   21       -0.305824        0.448800       -0.405970

     C   22       -0.555663       -0.347150       -0.420808
     C   22       -0.347150        0.066427        0.019289
     C   22       -0.420808        0.019289        0.489237

     C   23       -0.006469        0.187088       -0.402098
     C   23        0.187088       -0.227335        0.481530
     C   23       -0.402098        0.481530        0.233804

     Cl  24       -0.220667       -0.218397       -0.096172
     Cl  24       -0.218397       -0.093024       -0.063025
     Cl  24       -0.096172       -0.063025        0.313691

     ----- ionic term -----
     Cl   1        0.176226       -0.198922        0.050896
     Cl   1       -0.198922        0.005284       -0.025393
     Cl   1        0.050896       -0.025393       -0.181510

     C    2        0.337806       -0.014587        0.230231
     C    2       -0.014587        0.250386        0.262977
     C    2        0.230231        0.262977       -0.588192

     C    3        0.288963       -0.114292        0.055828
     C    3       -0.114292        0.282266        0.261350
     C    3        0.055828        0.261350       -0.571229

     H    4        0.797833        0.542237        0.290510
     H    4        0.542237       -0.213575        0.163048
     H    4        0.290510        0.163048       -0.584258

     C    5        0.373981       -0.062776        0.049352
     C    5       -0.062776        0.196533        0.241637
     C    5        0.049352        0.241637       -0.570514

     H    6       -0.503907       -0.085429       -0.070710
     H    6       -0.085429        0.947604        0.442111
     H    6       -0.070710        0.442111       -0.443698

     H    7       -0.535477       -0.054530        0.063827
     H    7       -0.054530        0.614122       -0.734349
     H    7        0.063827       -0.734349       -0.078645

     C    8        0.195903        0.272149        0.336976
     C    8        0.272149        0.001418       -0.274289
     C    8        0.336976       -0.274289       -0.197321

     H    9        0.367526       -0.173810        0.779884
     H    9       -0.173810       -0.484707       -0.227751
     H    9        0.779884       -0.227751        0.117181

     C   10        0.047683        0.323477        0.213416
     C   10        0.323477        0.117332       -0.440382
     C   10        0.213416       -0.440382       -0.165015

     C   11        0.078214        0.256852        0.242377
     C   11        0.256852        0.094261       -0.495405
     C   11        0.242377       -0.495405       -0.172475

     Cl  12        0.162783        0.251168        0.004989
     Cl  12        0.251168        0.004571       -0.004015
     Cl  12        0.004989       -0.004015       -0.167354

     H   13       -0.541171       -0.002942       -0.005528
     H   13       -0.002942        0.771582        0.640226
     H   13       -0.005528        0.640226       -0.230411

     C   14        0.434241       -0.077863        0.140787
     C   14       -0.077863        0.103411        0.301804
     C   14        0.140787        0.301804       -0.537652

     H   15        0.802303        0.436567        0.413905
     H   15        0.436567       -0.338951        0.198089
     H   15        0.413905        0.198089       -0.463351

     C   16        0.296376       -0.193812        0.066559
     C   16       -0.193812        0.233631        0.334778
     C   16        0.066559        0.334778       -0.530007

     C   17        0.247461        0.027301        0.048699
     C   17        0.027301        0.269746        0.372899
     C   17        0.048699        0.372899       -0.517207

     Cl  18        0.165105       -0.173211       -0.029459
     Cl  18       -0.173211       -0.048443        0.016929
     Cl  18       -0.029459        0.016929       -0.116662

     H   19       -0.511940        0.034778       -0.007614
     H   19        0.034778        0.716524       -0.665385
     H   19       -0.007614       -0.665385       -0.204584

     C   20        0.185262        0.248160        0.275397
     C   20        0.248160        0.092788       -0.279178
     C   20        0.275397       -0.279178       -0.278049

     H   21        0.425692       -0.266512        0.760628
     H   21       -0.266512       -0.448532       -0.274933
     H   21        0.760628       -0.274933        0.022840

     C   22        0.106187        0.285944        0.233121
     C   22        0.285944        0.134123       -0.354888
     C   22        0.233121       -0.354888       -0.240311

     C   23        0.124965        0.270709        0.366283
     C   23        0.270709        0.050960       -0.320981
     C   23        0.366283       -0.320981       -0.175925

     Cl  24        0.119534        0.222609        0.048695
     Cl  24        0.222609        0.033164        0.028592
     Cl  24        0.048695        0.028592       -0.152699

     ----- GIPAW term -----
     Cl   1       -0.225001        0.670267       -0.382630
     Cl   1        0.670267        2.379323       -0.622888
     Cl   1       -0.382630       -0.622888       -2.154322

     C    2       -0.039505        0.016903       -0.069699
     C    2        0.016903        0.075079       -0.178381
     C    2       -0.069699       -0.178381       -0.035575

     C    3        0.019324       -0.015048        0.023686
     C    3       -0.015048        0.001748        0.040334
     C    3        0.023686        0.040334       -0.021072

     H    4       -0.000000        0.000000        0.000000
     H    4        0.000000        0.000000        0.000000
     H    4        0.000000        0.000000        0.000000

     C    5        0.009262       -0.015615        0.008447
     C    5       -0.015615       -0.005717        0.013037
     C    5        0.008447        0.013037       -0.003545

     H    6       -0.000000        0.000000        0.000000
     H    6        0.000000        0.000000        0.000000
     H    6        0.000000        0.000000        0.000000

     H    7       -0.000000        0.000000        0.000000
     H    7        0.000000        0.000000        0.000000
     H    7        0.000000        0.000000        0.000000

     C    8       -0.219221       -0.080414       -0.039338
     C    8       -0.080414        0.278546        0.112341
     C    8       -0.039338        0.112341       -0.059326

     H    9       -0.000000        0.000000        0.000000
     H    9        0.000000        0.000000        0.000000
     H    9        0.000000        0.000000        0.000000

     C   10       -0.117308       -0.043210       -0.040658
     C   10       -0.043210        0.185632        0.207443
     C   10       -0.040658        0.207443       -0.068325

     C   11       -0.052219        0.099321       -0.050917
     C   11        0.099321        0.125111        0.097239
     C   11       -0.050917        0.097239       -0.072891

     Cl  12        1.191770        2.162374       -0.246974
     Cl  12        2.162374        0.780145        0.286859
     Cl  12       -0.246974        0.286859       -1.971915

     H   13       -0.000000        0.000000        0.000000
     H   13        0.000000        0.000000        0.000000
     H   13        0.000000        0.000000        0.000000

     C   14        0.001948        0.091785       -0.017611
     C   14        0.091785       -0.005355       -0.018564
     C   14       -0.017611       -0.018564        0.003407

     H   15       -0.000000        0.000000        0.000000
     H   15        0.000000        0.000000        0.000000
     H   15        0.000000        0.000000        0.000000

     C   16       -0.067920        0.020111        0.047830
     C   16        0.020111       -0.043482       -0.136250
     C   16        0.047830       -0.136250        0.111401

     C   17        0.038664       -0.125554       -0.099625
     C   17       -0.125554       -0.066282       -0.092112
     C   17       -0.099625       -0.092112        0.027617

     Cl  18        1.268053       -1.424563       -1.196563
     Cl  18       -1.424563       -0.112047       -0.948063
     Cl  18       -1.196563       -0.948063       -1.156006

     H   19       -0.000000        0.000000        0.000000
     H   19        0.000000        0.000000        0.000000
     H   19        0.000000        0.000000        0.000000

     C   20       -0.079629        0.120655       -0.112188
     C   20        0.120655        0.053464       -0.092960
     C   20       -0.112188       -0.092960        0.026165

     H   21       -0.000000        0.000000        0.000000
     H   21        0.000000        0.000000        0.000000
     H   21        0.000000        0.000000        0.000000

     C   22       -0.155706        0.050226       -0.182231
     C   22        0.050226        0.024843       -0.168874
     C   22       -0.182231       -0.168874        0.130863

     C   23        0.003898        0.204266       -0.105295
     C   23        0.204266        0.023280       -0.064723
     C   23       -0.105295       -0.064723       -0.027178

     Cl  24       -0.638308        1.246223       -1.327585
     Cl  24        1.246223       -1.145202       -1.050071
     Cl  24       -1.327585       -1.050071        1.783509

     ----- total EFG -----
     Cl   1       -0.199035        0.723922       -0.350014
     Cl   1        0.723922        2.486309       -0.682482
     Cl   1       -0.350014       -0.682482       -2.287273

     C    2        0.235039        0.045080       -0.012304
     C    2        0.045080        0.330329       -0.469907
     C    2       -0.012304       -0.469907       -0.565368

     C    3        0.350259       -0.141908        0.325158
     C    3       -0.141908        0.207779        0.551666
     C    3        0.325158        0.551666       -0.558037

     H    4        0.628238        0.231807        0.422755
     H    4        0.231807       -0.264995        0.323762
     H    4        0.422755        0.323762       -0.363243

     C    5        0.362201       -0.216748       -0.031511
     C    5       -0.216748        0.109598        0.387866
     C    5       -0.031511        0.387866       -0.471800

     H    6       -0.167968       -0.139729       -0.136184
     H    6       -0.139729        0.390453        0.697257
     H    6       -0.136184        0.697257       -0.222485

     H    7       -0.023554       -0.027713        0.046489
     H    7       -0.027713        0.314312       -0.342058
     H    7        0.046489       -0.342058       -0.290758

     C    8       -0.769198       -0.186101       -0.013730
     C    8       -0.186101        0.718705        0.098808
     C    8       -0.013730        0.098808        0.050493

     H    9        0.462605       -0.166428        0.330995
     H    9       -0.166428       -0.289569       -0.493884
     H    9        0.330995       -0.493884       -0.173036

     C   10       -0.080570        0.096982       -0.005102
     C   10        0.096982        0.252902        0.412320
     C   10       -0.005102        0.412320       -0.172332

     C   11       -0.360701        0.126338       -0.147496
     C   11        0.126338        0.269212        0.011568
     C   11       -0.147496        0.011568        0.091489

     Cl  12        1.344556        2.423990       -0.278233
     Cl  12        2.423990        0.863236        0.314285
     Cl  12       -0.278233        0.314285       -2.207792

     H   13       -0.385333        0.128677       -0.060128
     H   13        0.128677        0.367034        0.167010
     H   13       -0.060128        0.167010        0.018299

     C   14       -0.013843        0.227115       -0.297347
     C   14        0.227115        0.199995       -0.018262
     C   14       -0.297347       -0.018262       -0.186152

     H   15        0.381422        0.002847        0.373992
     H   15        0.002847       -0.070490        0.260182
     H   15        0.373992        0.260182       -0.310932

     C   16       -0.002860        0.210812        0.048468
     C   16        0.210812       -0.090019       -0.320770
     C   16        0.048468       -0.320770        0.092880

     C   17        0.176445       -0.070763       -0.450655
     C   17       -0.070763       -0.034345       -0.238950
     C   17       -0.450655       -0.238950       -0.142100

     Cl  18        1.420405       -1.533720       -1.351378
     Cl  18       -1.533720       -0.165586       -1.040963
     Cl  18       -1.351378       -1.040963       -1.254819

     H   19       -0.190977       -0.190236        0.096574
     H   19       -0.190236        0.202268       -0.147170
     H   19        0.096574       -0.147170       -0.011292

     C   20       -0.037730        0.465774       -0.206218
     C   20        0.465774        0.011895       -0.025763
     C   20       -0.206218       -0.025763        0.025835

     H   21        0.480286       -0.167741        0.454804
     H   21       -0.167741       -0.097156        0.173867
     H   21        0.454804        0.173867       -0.383130

     C   22       -0.605181       -0.010980       -0.369918
     C   22       -0.010980        0.225393       -0.504473
     C   22       -0.369918       -0.504473        0.379789

     C   23        0.122395        0.662063       -0.141111
     C   23        0.662063       -0.153096        0.095826
     C   23       -0.141111        0.095826        0.030701

     Cl  24       -0.739441        1.250435       -1.375062
     Cl  24        1.250435       -1.205061       -1.084504
     Cl  24       -1.375062       -1.084504        1.944502

     ----- total EFG (symmetrized) -----
     Cl   1       -0.199035        0.723922       -0.350014
     Cl   1        0.723922        2.486309       -0.682482
     Cl   1       -0.350014       -0.682482       -2.287273

     C    2        0.235039        0.045080       -0.012304
     C    2        0.045080        0.330329       -0.469907
     C    2       -0.012304       -0.469907       -0.565368

     C    3        0.350259       -0.141908        0.325158
     C    3       -0.141908        0.207779        0.551666
     C    3        0.325158        0.551666       -0.558037

     H    4        0.628238        0.231807        0.422755
     H    4        0.231807       -0.264995        0.323762
     H    4        0.422755        0.323762       -0.363243

     C    5        0.362201       -0.216748       -0.031511
     C    5       -0.216748        0.109598        0.387866
     C    5       -0.031511        0.387866       -0.471800

     H    6       -0.167968       -0.139729       -0.136184
     H    6       -0.139729        0.390453        0.697257
     H    6       -0.136184        0.697257       -0.222485

     H    7       -0.023554       -0.027713        0.046489
     H    7       -0.027713        0.314312       -0.342058
     H    7        0.046489       -0.342058       -0.290758

     C    8       -0.769198       -0.186101       -0.013730
     C    8       -0.186101        0.718705        0.098808
     C    8       -0.013730        0.098808        0.050493

     H    9        0.462605       -0.166428        0.330995
     H    9       -0.166428       -0.289569       -0.493884
     H    9        0.330995       -0.493884       -0.173036

     C   10       -0.080570        0.096982       -0.005102
     C   10        0.096982        0.252902        0.412320
     C   10       -0.005102        0.412320       -0.172332

     C   11       -0.360701        0.126338       -0.147496
     C   11        0.126338        0.269212        0.011568
     C   11       -0.147496        0.011568        0.091489

     Cl  12        1.344556        2.423990       -0.278233
     Cl  12        2.423990        0.863236        0.314285
     Cl  12       -0.278233        0.314285       -2.207792

     H   13       -0.385333        0.128677       -0.060128
     H   13        0.128677        0.367034        0.167010
     H   13       -0.060128        0.167010        0.018299

     C   14       -0.013843        0.227115       -0.297347
     C   14        0.227115        0.199995       -0.018262
     C   14       -0.297347       -0.018262       -0.186152

     H   15        0.381422        0.002847        0.373992
     H   15        0.002847       -0.070490        0.260182
     H   15        0.373992        0.260182       -0.310932

     C   16       -0.002860        0.210812        0.048468
     C   16        0.210812       -0.090019       -0.320770
     C   16        0.048468       -0.320770        0.092880

     C   17        0.176445       -0.070763       -0.450655
     C   17       -0.070763       -0.034345       -0.238950
     C   17       -0.450655       -0.238950       -0.142100

     Cl  18        1.420405       -1.533720       -1.351378
     Cl  18       -1.533720       -0.165586       -1.040963
     Cl  18       -1.351378       -1.040963       -1.254819

     H   19       -0.190977       -0.190236        0.096574
     H   19       -0.190236        0.202268       -0.147170
     H   19        0.096574       -0.147170       -0.011292

     C   20       -0.037730        0.465774       -0.206218
     C   20        0.465774        0.011895       -0.025763
     C   20       -0.206218       -0.025763        0.025835

     H   21        0.480286       -0.167741        0.454804
     H   21       -0.167741       -0.097156        0.173867
     H   21        0.454804        0.173867       -0.383130

     C   22       -0.605181       -0.010980       -0.369918
     C   22       -0.010980        0.225393       -0.504473
     C   22       -0.369918       -0.504473        0.379789

     C   23        0.122395        0.662063       -0.141111
     C   23        0.662063       -0.153096        0.095826
     C   23       -0.141111        0.095826        0.030701

     Cl  24       -0.739441        1.250435       -1.375062
     Cl  24        1.250435       -1.205061       -1.084504
     Cl  24       -1.375062       -1.084504        1.944502


     NQR/NMR SPECTROSCOPIC PARAMETERS:
     Cl   1    Vxx=   -0.3676    axis=(  0.961240 -0.263348 -0.081639)
     Cl   1    Vyy=   -2.4118    axis=(  0.116643  0.120128  0.985882)
     Cl   1    Vzz=    2.7795    axis=( -0.249823 -0.957192  0.146190)
     Cl   1  Q=        -8.1650 1e-30 m^2  Cq=       -53.3230 MHz  eta= 0.73546

     C    2    Vxx=    0.2280    axis=(  0.988558 -0.136009  0.065224)
     C    2    Vyy=    0.5387    axis=(  0.150702  0.909009 -0.388575)
     C    2    Vzz=   -0.7667    axis=( -0.006440  0.393959  0.919105)
     C    2  Q=         1.0000 1e-30 m^2  Cq=        -1.8014 MHz  eta= 0.40518

     C    3    Vxx=    0.4372    axis=(  0.892820 -0.448338  0.043179)
     C    3    Vyy=    0.5063    axis=(  0.364985  0.776325  0.513911)
     C    3    Vzz=   -0.9435    axis=( -0.263927 -0.443071  0.856756)
     C    3  Q=         1.0000 1e-30 m^2  Cq=        -2.2168 MHz  eta= 0.07314

     H    4    Vxx=   -0.2114    axis=(  0.439048 -0.781307 -0.443617)
     H    4    Vyy=   -0.6703    axis=(  0.165985  0.555786 -0.814586)
     H    4    Vzz=    0.8817    axis=(  0.882998  0.284009  0.373702)
     H    4  Q=         1.0000 1e-30 m^2  Cq=         2.0717 MHz  eta= 0.52042

     C    5    Vxx=    0.1255    axis=( -0.649571 -0.652839 -0.389690)
     C    5    Vyy=    0.5451    axis=( -0.757125  0.602225  0.253152)
     C    5    Vzz=   -0.6706    axis=( -0.069414 -0.459485  0.885469)
     C    5  Q=         1.0000 1e-30 m^2  Cq=        -1.5756 MHz  eta= 0.62583

     H    6    Vxx=   -0.2001    axis=(  0.980705  0.192621  0.033402)
     H    6    Vyy=   -0.6806    axis=( -0.076843  0.536921 -0.840126)
     H    6    Vzz=    0.8806    axis=( -0.179760  0.821349  0.541362)
     H    6  Q=         1.0000 1e-30 m^2  Cq=         2.0691 MHz  eta= 0.54565

     H    7    Vxx=   -0.0253    axis=(  0.993301  0.111528  0.030240)
     H    7    Vyy=   -0.4472    axis=( -0.073360  0.406437  0.910729)
     H    7    Vzz=    0.4724    axis=(  0.089281 -0.906846  0.411896)
     H    7  Q=         1.0000 1e-30 m^2  Cq=         1.1100 MHz  eta= 0.89310

     C    8    Vxx=    0.0364    axis=(  0.015285 -0.139216  0.990144)
     C    8    Vyy=    0.7557    axis=( -0.121189  0.982701  0.140040)
     C    8    Vzz=   -0.7921    axis=( -0.992512 -0.122135 -0.001851)
     C    8  Q=         1.0000 1e-30 m^2  Cq=        -1.8612 MHz  eta= 0.90812

     H    9    Vxx=   -0.0023    axis=(  0.597959  0.588739 -0.543904)
     H    9    Vyy=   -0.7371    axis=( -0.088713  0.723028  0.685099)
     H    9    Vzz=    0.7395    axis=(  0.796602 -0.361409  0.484570)
     H    9  Q=         1.0000 1e-30 m^2  Cq=         1.7374 MHz  eta= 0.99370

     C   10    Vxx=   -0.0827    axis=(  0.978458 -0.032222 -0.203917)
     C   10    Vyy=   -0.4323    axis=( -0.156978  0.525399 -0.836250)
     C   10    Vzz=    0.5150    axis=(  0.134083  0.850246  0.509023)
     C   10  Q=         1.0000 1e-30 m^2  Cq=         1.2101 MHz  eta= 0.67886

     C   11    Vxx=    0.1316    axis=( -0.248798  0.147970  0.957186)
     C   11    Vyy=    0.2952    axis=(  0.209058  0.973170 -0.096101)
     C   11    Vzz=   -0.4268    axis=( -0.945724  0.176197 -0.273056)
     C   11  Q=         1.0000 1e-30 m^2  Cq=        -1.0029 MHz  eta= 0.38328

     Cl  12    Vxx=   -1.1633    axis=( -0.623136  0.687506  0.372876)
     Cl  12    Vyy=   -2.3765    axis=(  0.249749 -0.276880  0.927881)
     Cl  12    Vzz=    3.5398    axis=( -0.741166 -0.671321 -0.000830)
     Cl  12  Q=        -8.1650 1e-30 m^2  Cq=       -67.9094 MHz  eta= 0.34271

     H   13    Vxx=   -0.0208    axis=( -0.259696 -0.307949  0.915273)
     H   13    Vyy=   -0.4249    axis=( -0.958335  0.198941 -0.204979)
     H   13    Vzz=    0.4457    axis=( -0.118962 -0.930371 -0.346783)
     H   13  Q=         1.0000 1e-30 m^2  Cq=         1.0473 MHz  eta= 0.90653

     C   14    Vxx=    0.0288    axis=(  0.460290 -0.672443 -0.579616)
     C   14    Vyy=    0.4065    axis=( -0.619559 -0.710923  0.332770)
     C   14    Vzz=   -0.4353    axis=(  0.635830 -0.205935  0.743848)
     C   14  Q=         1.0000 1e-30 m^2  Cq=        -1.0227 MHz  eta= 0.86770

     H   15    Vxx=    0.0213    axis=(  0.335854 -0.887096 -0.316643)
     H   15    Vyy=    0.5645    axis=(  0.883918  0.180694  0.431321)
     H   15    Vzz=   -0.5858    axis=( -0.325408 -0.424748  0.844807)
     H   15  Q=         1.0000 1e-30 m^2  Cq=        -1.3764 MHz  eta= 0.92727

     C   16    Vxx=    0.0661    axis=(  0.859463  0.170164  0.482045)
     C   16    Vyy=    0.3604    axis=( -0.275641 -0.639882  0.717337)
     C   16    Vzz=   -0.4265    axis=(  0.430517 -0.749397 -0.503051)
     C   16  Q=         1.0000 1e-30 m^2  Cq=        -1.0020 MHz  eta= 0.69018

     C   17    Vxx=    0.0582    axis=(  0.370245 -0.897893  0.238131)
     C   17    Vyy=    0.5084    axis=( -0.782006 -0.162907  0.601604)
     C   17    Vzz=   -0.5666    axis=( -0.501383 -0.408961 -0.762473)
     C   17  Q=         1.0000 1e-30 m^2  Cq=        -1.3313 MHz  eta= 0.79454

     Cl  18    Vxx=    0.3311    axis=( -0.209504 -0.725967  0.655042)
     Cl  18    Vyy=    2.4783    axis=( -0.879697  0.432410  0.197874)
     Cl  18    Vzz=   -2.8093    axis=( -0.426897 -0.534784 -0.729223)
     Cl  18  Q=        -8.1650 1e-30 m^2  Cq=        53.8957 MHz  eta= 0.76431

     H   19    Vxx=   -0.0863    axis=( -0.001682  0.453399  0.891306)
     H   19    Vyy=   -0.2736    axis=(  0.932516  0.322585 -0.162336)
     H   19    Vzz=    0.3599    axis=( -0.361125  0.830884 -0.423345)
     H   19  Q=         1.0000 1e-30 m^2  Cq=         0.8457 MHz  eta= 0.52026

     C   20    Vxx=    0.0044    axis=(  0.043879  0.407764  0.912032)
     C   20    Vyy=    0.5089    axis=(  0.681370  0.655422 -0.325817)
     C   20    Vzz=   -0.5133    axis=( -0.730623  0.635728 -0.249079)
     C   20  Q=         1.0000 1e-30 m^2  Cq=        -1.2061 MHz  eta= 0.98288

     H   21    Vxx=   -0.0168    axis=(  0.041778 -0.921716 -0.385610)
     H   21    Vyy=   -0.6687    axis=(  0.388116  0.370609 -0.843810)
     H   21    Vzz=    0.6855    axis=(  0.920663 -0.114409  0.373216)
     H   21  Q=         1.0000 1e-30 m^2  Cq=         1.6106 MHz  eta= 0.95095

     C   22    Vxx=   -0.1016    axis=( -0.389161  0.769114  0.506970)
     C   22    Vyy=   -0.7643    axis=(  0.901398  0.204534  0.381638)
     C   22    Vzz=    0.8659    axis=( -0.189831 -0.605500  0.772874)
     C   22  Q=         1.0000 1e-30 m^2  Cq=         2.0345 MHz  eta= 0.76537

     C   23    Vxx=    0.0621    axis=( -0.071397  0.214138  0.974191)
     C   23    Vyy=    0.6648    axis=( -0.779339 -0.621538  0.079505)
     C   23    Vzz=   -0.7269    axis=(  0.622522 -0.753548  0.211262)
     C   23  Q=         1.0000 1e-30 m^2  Cq=        -1.7079 MHz  eta= 0.82912

     Cl  24    Vxx=   -0.8118    axis=(  0.638518  0.552373  0.535890)
     Cl  24    Vyy=   -2.2448    axis=( -0.646950  0.762385 -0.014987)
     Cl  24    Vzz=    3.0566    axis=( -0.416833 -0.337125  0.844155)
     Cl  24  Q=        -8.1650 1e-30 m^2  Cq=       -58.6394 MHz  eta= 0.46885

     Initialization:
     gipaw_setup  :      9.02s CPU     10.94s WALL (       1 calls)

     Linear response

     Apply operators

     Induced current

     Other routines
     efg          :      9.10s CPU     11.48s WALL (       1 calls)

     General routines
     calbec       :      3.10s CPU      4.20s WALL (      16 calls)
     fft          :      1.82s CPU      2.82s WALL (      15 calls)
     ffts         :      0.04s CPU      0.05s WALL (       2 calls)
     fftw         :      3.28s CPU      3.92s WALL (     672 calls)
     davcio       :      0.01s CPU      0.33s WALL (      32 calls)

     Parallel routines
     fft_scatter  :      2.41s CPU      3.89s WALL (     689 calls)

     Plugins

     GIPAW        :     61.06s CPU     72.42s WALL (       1 calls)
