
     Program QE v.6.0 (svn rev. 13079) starts on 19Dec2016 at 12:47:30 

     This program is part of the open-source Quantum ESPRESSO suite
     for quantum simulation of materials; please cite
         "P. Giannozzi et al., J. Phys.:Condens. Matter 21 395502 (2009);
          URL http://www.quantum-espresso.org", 
     in publications or presentations arising from this work. More details at
     http://www.quantum-espresso.org/quote

     Parallel version (MPI), running on     8 processors
     R & G space division:  proc/nbgrp/npool/nimage =       8

     ***** This is GIPAW svn revision unknown      *****

     Parallelizing q-star over 1 images

     Reading data from directory:
     /users/majewski/paradichlorobenzene/pbe/9_constraint/scratch/pbe.ecut100.np8.dt60.pcl2phi-129368.save
     Message from routine read_xml_file:
     file /users/majewski/paradichlorobenzene/pbe/9_constraint/scratch/pbe.ecut100.np8.dt60.pcl2phi-129368.save not guaranteed to be safe for post-processing

   Info: using nr1, nr2, nr3 values from input

   Info: using nr1, nr2, nr3 values from input

     IMPORTANT: XC functional enforced from input :
     Exchange-correlation      =  SLA  PW   PBX  PBC ( 1  4  3  4 0 0)
     Any further DFT definition will be discarded
     Please, verify this is what you really want

               file C.pbe-n-kjpaw_psl.1.0.0.UPF: wavefunction(s)  2S 2P renormalized
               file Cl.pbe-n-kjpaw_psl.1.0.0.UPF: wavefunction(s)  3S 3P renormalized
               file H.pbe-kjpaw_psl.1.0.0.UPF: wavefunction(s)  1S renormalized

     Parallelization info
     --------------------
     sticks:   dense  smooth     PW     G-vecs:    dense   smooth      PW
     Min        3057    1223    332               144436    36536    5170
     Max        3059    1225    333               144437    36537    5171
     Sum       24467    9791   2657              1155489   292295   41363


     Subspace diagonalization in iterative solution of the eigenvalue problem:
     a serial algorithm will be used

     GIPAW projectors -----------------------------------------------
     atom=  C    l=0  rc=    1.2000  rs=    0.8000
     atom=  C    l=0  rc=    1.2000  rs=    0.8000
     atom=  C    l=1  rc=    1.4000  rs=    0.9333
     atom=  C    l=1  rc=    1.4000  rs=    0.9333
     projs nearly linearly dependent: l=1  n1,n2= 1, 2  s=  0.99951561

     atom=  Cl   l=0  rc=    1.6000  rs=    1.0667
     atom=  Cl   l=0  rc=    1.6000  rs=    1.0667
     atom=  Cl   l=1  rc=    1.6000  rs=    1.0667
     atom=  Cl   l=1  rc=    1.6000  rs=    1.0667
     atom=  Cl   l=2  rc=    1.6000  rs=    1.0667
     atom=  Cl   l=2  rc=    1.6000  rs=    1.0667
     projs nearly linearly dependent: l=2  n1,n2= 1, 2  s=  0.99993509

     atom=  H    l=0  rc=    1.0000  rs=    0.6667
     atom=  H    l=0  rc=    1.0000  rs=    0.6667
     projs nearly linearly dependent: l=0  n1,n2= 1, 2  s=  0.99968852
     -----------------------------------------------------------------

     GIPAW integrals: -------------------------------------------
     Atom  i/j   nmr_para   nmr_dia   epr_rmc  epr_para   epr_dia
       C   1 1   0.83E+03  0.17E-01  0.93E+01  0.24E+08  0.24E+03
       C   2 1   0.86E+03 -0.61E-01  0.94E+01  0.25E+08  0.25E+03
       C   2 2   0.90E+03 -0.15E+00  0.97E+01  0.26E+08  0.26E+03
       C   3 3   0.33E+01  0.34E+00  0.18E+01  0.55E+03  0.21E+02
       C   4 3   0.35E+01  0.37E+00  0.20E+01  0.59E+03  0.22E+02
       C   4 4   0.38E+01  0.39E+00  0.22E+01  0.63E+03  0.24E+02
       Cl  1 1   0.14E+04 -0.47E+00  0.84E+01  0.32E+09  0.42E+03
       Cl  2 1   0.21E+04 -0.37E+00  0.12E+02  0.49E+09  0.65E+03
       Cl  2 2   0.33E+04 -0.16E+00  0.21E+02  0.76E+09  0.10E+04
       Cl  3 3   0.21E+02  0.79E-01  0.89E+01  0.23E+05  0.13E+03
       Cl  4 3   0.24E+02  0.67E-01  0.99E+01  0.27E+05  0.15E+03
       Cl  4 4   0.28E+02  0.44E-01  0.11E+02  0.32E+05  0.18E+03
       Cl  5 5   0.77E+00  0.19E+00  0.18E+01  0.12E+03  0.22E+02
       Cl  6 5   0.80E+00  0.19E+00  0.19E+01  0.12E+03  0.23E+02
       Cl  6 6   0.83E+00  0.20E+00  0.19E+01  0.12E+03  0.23E+02
       H   1 1   0.39E+02  0.19E+00  0.29E+00  0.78E+05  0.13E+02
       H   2 1   0.41E+02  0.21E+00  0.32E+00  0.82E+05  0.14E+02
       H   2 2   0.43E+02  0.22E+00  0.36E+00  0.86E+05  0.15E+02
     ------------------------------------------------------------

     alpha_pv=     33.6148 eV

     Number of occupied bands for each k-point:
     k-point:     1    nbnd_occ=  42
     k-point:     2    nbnd_occ=  42
     k-point:     3    nbnd_occ=  42
     k-point:     4    nbnd_occ=  42
     k-point:     5    nbnd_occ=  42
     k-point:     6    nbnd_occ=  42
     k-point:     7    nbnd_occ=  42
     k-point:     8    nbnd_occ=  42
     k-point:     9    nbnd_occ=  42
     k-point:    10    nbnd_occ=  42
     k-point:    11    nbnd_occ=  42
     k-point:    12    nbnd_occ=  42
     k-point:    13    nbnd_occ=  42
     k-point:    14    nbnd_occ=  42
     k-point:    15    nbnd_occ=  42
     k-point:    16    nbnd_occ=  42


     q-space interpolation up to   110.00 Rydberg

     GIPAW job: efg                                                                             


     ELECTRIC FIELD GRADIENTS TENSORS IN Hartree/bohrradius^2:

     ----- bare term -----
     Cl   1       -0.176411        0.171754       -0.112066
     Cl   1        0.171754       -0.115024       -0.009769
     Cl   1       -0.112066       -0.009769        0.291435

     C    2       -0.037722       -0.070730       -0.516095
     C    2       -0.070730       -0.273908       -0.519522
     C    2       -0.516095       -0.519522        0.311629

     C    3       -0.126079        0.419486       -0.321567
     C    3        0.419486       -0.251491       -0.275575
     C    3       -0.321567       -0.275575        0.377570

     H    4        0.075149       -0.120252       -0.343371
     H    4       -0.120252        0.449878        0.093196
     H    4       -0.343371        0.093196       -0.525027

     C    5       -0.206840        0.080071       -0.508133
     C    5        0.080071       -0.135258       -0.419847
     C    5       -0.508133       -0.419847        0.342097

     H    6        0.436932       -0.006569        0.105136
     H    6       -0.006569       -0.117965       -0.505993
     H    6        0.105136       -0.505993       -0.318968

     H    7        0.069220        0.197685       -0.251104
     H    7        0.197685       -0.251325        0.480663
     H    7       -0.251104        0.480663        0.182105

     C    8       -0.355026       -0.292257       -0.337874
     C    8       -0.292257       -0.108627        0.387695
     C    8       -0.337874        0.387695        0.463653

     H    9       -0.518750        0.351945       -0.049827
     H    9        0.351945        0.371127        0.055469
     H    9       -0.049827        0.055469        0.147622

     C   10       -0.147946       -0.305233       -0.150884
     C   10       -0.305233       -0.425759        0.511144
     C   10       -0.150884        0.511144        0.573705

     C   11       -0.315769        0.034954       -0.346697
     C   11        0.034954       -0.051740        0.451879
     C   11       -0.346697        0.451879        0.367509

     Cl  12       -0.147225       -0.073632        0.078002
     Cl  12       -0.073632       -0.119369       -0.027192
     Cl  12        0.078002       -0.027192        0.266594

     H   13        0.363642       -0.069375       -0.058707
     H   13       -0.069375       -0.465468       -0.523200
     H   13       -0.058707       -0.523200        0.101826

     C   14       -0.445910        0.294992       -0.347232
     C   14        0.294992       -0.022576       -0.337694
     C   14       -0.347232       -0.337694        0.468485

     H   15       -0.011079       -0.121116       -0.449957
     H   15       -0.121116        0.450317        0.001012
     H   15       -0.449957        0.001012       -0.439237

     C   16       -0.253395        0.262664       -0.283588
     C   16        0.262664       -0.179938       -0.493954
     C   16       -0.283588       -0.493954        0.433332

     C   17       -0.212234        0.264362       -0.163240
     C   17        0.264362       -0.211056       -0.480760
     C   17       -0.163240       -0.480760        0.423290

     Cl  18       -0.063338       -0.081100       -0.027490
     Cl  18       -0.081100        0.000623       -0.136767
     Cl  18       -0.027490       -0.136767        0.062715

     H   19        0.157269        0.438938        0.161161
     H   19        0.438938       -0.495262        0.107477
     H   19        0.161161        0.107477        0.337993

     C   20       -0.263908       -0.375279       -0.400650
     C   20       -0.375279       -0.232846        0.250020
     C   20       -0.400650        0.250020        0.496754

     H   21       -0.440438        0.404593        0.191512
     H   21        0.404593        0.235309       -0.090797
     H   21        0.191512       -0.090797        0.205129

     C   22       -0.147048       -0.149871       -0.128160
     C   22       -0.149871       -0.187352        0.315116
     C   22       -0.128160        0.315116        0.334400

     C   23       -0.431596       -0.077557       -0.354327
     C   23       -0.077557       -0.086182        0.434480
     C   23       -0.354327        0.434480        0.517779

     Cl  24       -0.056949       -0.014088       -0.012476
     Cl  24       -0.014088        0.004033        0.047076
     Cl  24       -0.012476        0.047076        0.052917

     ----- ionic term -----
     Cl   1        0.149267       -0.226920        0.051361
     Cl   1       -0.226920        0.002397       -0.021111
     Cl   1        0.051361       -0.021111       -0.151664

     C    2        0.168469       -0.238180        0.353191
     C    2       -0.238180        0.034581        0.386441
     C    2        0.353191        0.386441       -0.203050

     C    3        0.086347       -0.340455        0.235530
     C    3       -0.340455        0.140092        0.358945
     C    3        0.235530        0.358945       -0.226439

     H    4        0.494119        0.151004        0.766278
     H    4        0.151004       -0.481186        0.200892
     H    4        0.766278        0.200892       -0.012934

     C    5        0.159114       -0.265570        0.321169
     C    5       -0.265570        0.061222        0.253316
     C    5        0.321169        0.253316       -0.220336

     H    6       -0.520197        0.099649        0.088733
     H    6        0.099649        0.562504        0.734691
     H    6        0.088733        0.734691       -0.042307

     H    7       -0.475332       -0.240758        0.171254
     H    7       -0.240758        0.515008       -0.744711
     H    7        0.171254       -0.744711       -0.039675

     C    8        0.373738        0.108235        0.171702
     C    8        0.108235        0.056768       -0.322950
     C    8        0.171702       -0.322950       -0.430506

     H    9        0.748963       -0.384629        0.534161
     H    9       -0.384629       -0.389643       -0.230557
     H    9        0.534161       -0.230557       -0.359320

     C   10        0.178950        0.194886        0.106398
     C   10        0.194886        0.238275       -0.422160
     C   10        0.106398       -0.422160       -0.417225

     C   11        0.286799        0.095722        0.121900
     C   11        0.095722        0.157484       -0.402268
     C   11        0.121900       -0.402268       -0.444282

     Cl  12        0.124095        0.209249       -0.026152
     Cl  12        0.209249        0.016161       -0.022269
     Cl  12       -0.026152       -0.022269       -0.140256

     H   13       -0.519727        0.047918        0.045070
     H   13        0.047918        0.638426        0.717316
     H   13        0.045070        0.717316       -0.118699

     C   14        0.256232       -0.233507        0.356441
     C   14       -0.233507        0.020907        0.278821
     C   14        0.356441        0.278821       -0.277138

     H   15        0.340448        0.178669        0.774988
     H   15        0.178669       -0.469895        0.224330
     H   15        0.774988        0.224330        0.129448

     C   16        0.112521       -0.330452        0.242663
     C   16       -0.330452        0.164121        0.318939
     C   16        0.242663        0.318939       -0.276642

     C   17        0.087302       -0.279749        0.285159
     C   17       -0.279749        0.146346        0.318553
     C   17        0.285159        0.318553       -0.233648

     Cl  18        0.126537       -0.215569        0.027123
     Cl  18       -0.215569        0.026984       -0.016715
     Cl  18        0.027123       -0.016715       -0.153521

     H   19       -0.488564       -0.173382        0.083720
     H   19       -0.173382        0.752475       -0.646429
     H   19        0.083720       -0.646429       -0.263911

     C   20        0.471902        0.152813        0.101604
     C   20        0.152813        0.049735       -0.306330
     C   20        0.101604       -0.306330       -0.521637

     H   21        0.851451       -0.375095        0.416709
     H   21       -0.375095       -0.410569       -0.180720
     H   21        0.416709       -0.180720       -0.440882

     C   22        0.346471        0.212959        0.057515
     C   22        0.212959        0.144159       -0.323272
     C   22        0.057515       -0.323272       -0.490630

     C   23        0.348306        0.053294        0.154102
     C   23        0.053294        0.095690       -0.315270
     C   23        0.154102       -0.315270       -0.443996

     Cl  24        0.134405        0.172259       -0.027653
     Cl  24        0.172259       -0.000770       -0.018198
     Cl  24       -0.027653       -0.018198       -0.133634

     ----- GIPAW term -----
     Cl   1       -0.375420       -1.122796       -1.521630
     Cl   1       -1.122796       -1.439653       -0.124258
     Cl   1       -1.521630       -0.124258        1.815074

     C    2        0.067595       -0.131524       -0.186512
     C    2       -0.131524       -0.107888       -0.083493
     C    2       -0.186512       -0.083493        0.040293

     C    3       -0.003996        0.080012       -0.211336
     C    3        0.080012       -0.132257       -0.061648
     C    3       -0.211336       -0.061648        0.136253

     H    4       -0.000000        0.000000        0.000000
     H    4        0.000000        0.000000        0.000000
     H    4        0.000000        0.000000        0.000000

     C    5        0.034214        0.006945       -0.207078
     C    5        0.006945       -0.132293       -0.090105
     C    5       -0.207078       -0.090105        0.098079

     H    6       -0.000000        0.000000        0.000000
     H    6        0.000000        0.000000        0.000000
     H    6        0.000000        0.000000        0.000000

     H    7       -0.000000        0.000000        0.000000
     H    7        0.000000        0.000000        0.000000
     H    7        0.000000        0.000000        0.000000

     C    8       -0.033328       -0.062987       -0.069044
     C    8       -0.062987       -0.045021        0.088466
     C    8       -0.069044        0.088466        0.078349

     H    9       -0.000000        0.000000        0.000000
     H    9        0.000000        0.000000        0.000000
     H    9        0.000000        0.000000        0.000000

     C   10       -0.089886       -0.039583       -0.029238
     C   10       -0.039583       -0.127069        0.073170
     C   10       -0.029238        0.073170        0.216955

     C   11       -0.003001        0.134602       -0.010193
     C   11        0.134602       -0.041735        0.050586
     C   11       -0.010193        0.050586        0.044736

     Cl  12        0.034742        1.648922        0.731227
     Cl  12        1.648922       -1.147981       -0.281599
     Cl  12        0.731227       -0.281599        1.113239

     H   13       -0.000000        0.000000        0.000000
     H   13        0.000000        0.000000        0.000000
     H   13        0.000000        0.000000        0.000000

     C   14       -0.064730        0.042906       -0.058073
     C   14        0.042906       -0.009914       -0.054245
     C   14       -0.058073       -0.054245        0.074644

     H   15       -0.000000        0.000000        0.000000
     H   15        0.000000        0.000000        0.000000
     H   15        0.000000        0.000000        0.000000

     C   16       -0.088443        0.027322       -0.068691
     C   16        0.027322       -0.021660       -0.099656
     C   16       -0.068691       -0.099656        0.110103

     C   17        0.040832       -0.130921        0.050019
     C   17       -0.130921       -0.035098       -0.131301
     C   17        0.050019       -0.131301       -0.005734

     Cl  18        0.345065       -2.544087        0.121022
     Cl  18       -2.544087        0.257665       -1.571731
     Cl  18        0.121022       -1.571731       -0.602729

     H   19       -0.000000        0.000000        0.000000
     H   19        0.000000        0.000000        0.000000
     H   19        0.000000        0.000000        0.000000

     C   20        0.026865       -0.105780       -0.212465
     C   20       -0.105780       -0.139819        0.083480
     C   20       -0.212465        0.083480        0.112955

     H   21       -0.000000        0.000000        0.000000
     H   21        0.000000        0.000000        0.000000
     H   21        0.000000        0.000000        0.000000

     C   22       -0.062917       -0.052770       -0.104166
     C   22       -0.052770       -0.041995        0.115254
     C   22       -0.104166        0.115254        0.104912

     C   23       -0.089519        0.089909       -0.118809
     C   23        0.089909       -0.097784        0.079957
     C   23       -0.118809        0.079957        0.187302

     Cl  24        0.024496        1.116855       -1.653312
     Cl  24        1.116855       -1.194709        1.020346
     Cl  24       -1.653312        1.020346        1.170213

     ----- total EFG -----
     Cl   1       -0.402564       -1.177961       -1.582335
     Cl   1       -1.177961       -1.552281       -0.155138
     Cl   1       -1.582335       -0.155138        1.954845

     C    2        0.198341       -0.440435       -0.349417
     C    2       -0.440435       -0.347214       -0.216573
     C    2       -0.349417       -0.216573        0.148873

     C    3       -0.043728        0.159043       -0.297373
     C    3        0.159043       -0.243656        0.021722
     C    3       -0.297373        0.021722        0.287384

     H    4        0.569268        0.030752        0.422907
     H    4        0.030752       -0.031307        0.294088
     H    4        0.422907        0.294088       -0.537961

     C    5       -0.013512       -0.178554       -0.394041
     C    5       -0.178554       -0.206329       -0.256635
     C    5       -0.394041       -0.256635        0.219840

     H    6       -0.083264        0.093080        0.193869
     H    6        0.093080        0.444539        0.228698
     H    6        0.193869        0.228698       -0.361274

     H    7       -0.406112       -0.043073       -0.079850
     H    7       -0.043073        0.263682       -0.264048
     H    7       -0.079850       -0.264048        0.142429

     C    8       -0.014616       -0.247009       -0.235216
     C    8       -0.247009       -0.096880        0.153212
     C    8       -0.235216        0.153212        0.111496

     H    9        0.230213       -0.032683        0.484334
     H    9       -0.032683       -0.018515       -0.175088
     H    9        0.484334       -0.175088       -0.211698

     C   10       -0.058882       -0.149929       -0.073724
     C   10       -0.149929       -0.314552        0.162153
     C   10       -0.073724        0.162153        0.373434

     C   11       -0.031971        0.265278       -0.234990
     C   11        0.265278        0.064009        0.100196
     C   11       -0.234990        0.100196       -0.032038

     Cl  12        0.011612        1.784539        0.783077
     Cl  12        1.784539       -1.251189       -0.331060
     Cl  12        0.783077       -0.331060        1.239577

     H   13       -0.156085       -0.021457       -0.013637
     H   13       -0.021457        0.172958        0.194116
     H   13       -0.013637        0.194116       -0.016873

     C   14       -0.254408        0.104392       -0.048864
     C   14        0.104392       -0.011583       -0.113118
     C   14       -0.048864       -0.113118        0.265991

     H   15        0.329369        0.057554        0.325031
     H   15        0.057554       -0.019579        0.225342
     H   15        0.325031        0.225342       -0.309790

     C   16       -0.229318       -0.040465       -0.109615
     C   16       -0.040465       -0.037476       -0.274670
     C   16       -0.109615       -0.274670        0.266794

     C   17       -0.084099       -0.146308        0.171938
     C   17       -0.146308       -0.099808       -0.293509
     C   17        0.171938       -0.293509        0.183907

     Cl  18        0.408264       -2.840755        0.120656
     Cl  18       -2.840755        0.285271       -1.725213
     Cl  18        0.120656       -1.725213       -0.693535

     H   19       -0.331295        0.265556        0.244880
     H   19        0.265556        0.257213       -0.538953
     H   19        0.244880       -0.538953        0.074083

     C   20        0.234858       -0.328247       -0.511510
     C   20       -0.328247       -0.322930        0.027170
     C   20       -0.511510        0.027170        0.088072

     H   21        0.411013        0.029498        0.608221
     H   21        0.029498       -0.175260       -0.271517
     H   21        0.608221       -0.271517       -0.235753

     C   22        0.136506        0.010317       -0.174811
     C   22        0.010317       -0.085188        0.107097
     C   22       -0.174811        0.107097       -0.051319

     C   23       -0.172809        0.065647       -0.319034
     C   23        0.065647       -0.088276        0.199167
     C   23       -0.319034        0.199167        0.261085

     Cl  24        0.101951        1.275025       -1.693441
     Cl  24        1.275025       -1.191447        1.049224
     Cl  24       -1.693441        1.049224        1.089496

     ----- total EFG (symmetrized) -----
     Cl   1       -0.402564       -1.177961       -1.582335
     Cl   1       -1.177961       -1.552281       -0.155138
     Cl   1       -1.582335       -0.155138        1.954845

     C    2        0.198341       -0.440435       -0.349417
     C    2       -0.440435       -0.347214       -0.216573
     C    2       -0.349417       -0.216573        0.148873

     C    3       -0.043728        0.159043       -0.297373
     C    3        0.159043       -0.243656        0.021722
     C    3       -0.297373        0.021722        0.287384

     H    4        0.569268        0.030752        0.422907
     H    4        0.030752       -0.031307        0.294088
     H    4        0.422907        0.294088       -0.537961

     C    5       -0.013512       -0.178554       -0.394041
     C    5       -0.178554       -0.206329       -0.256635
     C    5       -0.394041       -0.256635        0.219840

     H    6       -0.083264        0.093080        0.193869
     H    6        0.093080        0.444539        0.228698
     H    6        0.193869        0.228698       -0.361274

     H    7       -0.406112       -0.043073       -0.079850
     H    7       -0.043073        0.263682       -0.264048
     H    7       -0.079850       -0.264048        0.142429

     C    8       -0.014616       -0.247009       -0.235216
     C    8       -0.247009       -0.096880        0.153212
     C    8       -0.235216        0.153212        0.111496

     H    9        0.230213       -0.032683        0.484334
     H    9       -0.032683       -0.018515       -0.175088
     H    9        0.484334       -0.175088       -0.211698

     C   10       -0.058882       -0.149929       -0.073724
     C   10       -0.149929       -0.314552        0.162153
     C   10       -0.073724        0.162153        0.373434

     C   11       -0.031971        0.265278       -0.234990
     C   11        0.265278        0.064009        0.100196
     C   11       -0.234990        0.100196       -0.032038

     Cl  12        0.011612        1.784539        0.783077
     Cl  12        1.784539       -1.251189       -0.331060
     Cl  12        0.783077       -0.331060        1.239577

     H   13       -0.156085       -0.021457       -0.013637
     H   13       -0.021457        0.172958        0.194116
     H   13       -0.013637        0.194116       -0.016873

     C   14       -0.254408        0.104392       -0.048864
     C   14        0.104392       -0.011583       -0.113118
     C   14       -0.048864       -0.113118        0.265991

     H   15        0.329369        0.057554        0.325031
     H   15        0.057554       -0.019579        0.225342
     H   15        0.325031        0.225342       -0.309790

     C   16       -0.229318       -0.040465       -0.109615
     C   16       -0.040465       -0.037476       -0.274670
     C   16       -0.109615       -0.274670        0.266794

     C   17       -0.084099       -0.146308        0.171938
     C   17       -0.146308       -0.099808       -0.293509
     C   17        0.171938       -0.293509        0.183907

     Cl  18        0.408264       -2.840755        0.120656
     Cl  18       -2.840755        0.285271       -1.725213
     Cl  18        0.120656       -1.725213       -0.693535

     H   19       -0.331295        0.265556        0.244880
     H   19        0.265556        0.257213       -0.538953
     H   19        0.244880       -0.538953        0.074083

     C   20        0.234858       -0.328247       -0.511510
     C   20       -0.328247       -0.322930        0.027170
     C   20       -0.511510        0.027170        0.088072

     H   21        0.411013        0.029498        0.608221
     H   21        0.029498       -0.175260       -0.271517
     H   21        0.608221       -0.271517       -0.235753

     C   22        0.136506        0.010317       -0.174811
     C   22        0.010317       -0.085188        0.107097
     C   22       -0.174811        0.107097       -0.051319

     C   23       -0.172809        0.065647       -0.319034
     C   23        0.065647       -0.088276        0.199167
     C   23       -0.319034        0.199167        0.261085

     Cl  24        0.101951        1.275025       -1.693441
     Cl  24        1.275025       -1.191447        1.049224
     Cl  24       -1.693441        1.049224        1.089496


     NQR/NMR SPECTROSCOPIC PARAMETERS:
     Cl   1    Vxx=   -0.2593    axis=(  0.646352 -0.638924  0.417140)
     Cl   1    Vyy=   -2.5277    axis=( -0.600566 -0.763203 -0.238414)
     Cl   1    Vzz=    2.7870    axis=( -0.470691  0.096420  0.877014)
     Cl   1  Q=        -8.1650 1e-30 m^2  Cq=       -53.4676 MHz  eta= 0.81389

     C    2    Vxx=    0.1712    axis=(  0.310694 -0.578920  0.753871)
     C    2    Vyy=    0.5717    axis=(  0.805522 -0.260665 -0.532154)
     C    2    Vzz=   -0.7429    axis=( -0.504582 -0.772597 -0.385345)
     C    2  Q=         1.0000 1e-30 m^2  Cq=        -1.7455 MHz  eta= 0.53915

     C    3    Vxx=   -0.0856    axis=(  0.601674  0.666018  0.440918)
     C    3    Vyy=   -0.3822    axis=(  0.605067 -0.740406  0.292733)
     C    3    Vzz=    0.4678    axis=( -0.521424 -0.090655  0.848468)
     C    3  Q=         1.0000 1e-30 m^2  Cq=         1.0992 MHz  eta= 0.63405

     H    4    Vxx=    0.0453    axis=(  0.271441 -0.924067 -0.269110)
     H    4    Vyy=    0.7336    axis=( -0.922596 -0.170188 -0.346197)
     H    4    Vzz=   -0.7789    axis=(  0.274110  0.342252 -0.898737)
     H    4  Q=         1.0000 1e-30 m^2  Cq=        -1.8302 MHz  eta= 0.88368

     C    5    Vxx=    0.0322    axis=(  0.611898 -0.744703  0.266455)
     C    5    Vyy=    0.5296    axis=(  0.546435  0.154470 -0.823133)
     C    5    Vzz=   -0.5618    axis=(  0.571830  0.649274  0.501452)
     C    5  Q=         1.0000 1e-30 m^2  Cq=        -1.3200 MHz  eta= 0.88534

     H    6    Vxx=   -0.0470    axis=(  0.892733 -0.317709  0.319513)
     H    6    Vyy=   -0.4907    axis=(  0.388188  0.182267 -0.903376)
     H    6    Vzz=    0.5377    axis=(  0.228774  0.930505  0.286047)
     H    6  Q=         1.0000 1e-30 m^2  Cq=         1.2634 MHz  eta= 0.82518

     H    7    Vxx=   -0.0458    axis=( -0.240210  0.610529  0.754687)
     H    7    Vyy=   -0.4285    axis=(  0.970544  0.136203  0.198730)
     H    7    Vzz=    0.4743    axis=(  0.018539  0.780194 -0.625263)
     H    7  Q=         1.0000 1e-30 m^2  Cq=         1.1143 MHz  eta= 0.80701

     C    8    Vxx=   -0.1246    axis=(  0.402927 -0.530646  0.745698)
     C    8    Vyy=   -0.3108    axis=( -0.693724 -0.708530 -0.129354)
     C    8    Vzz=    0.4354    axis=(  0.596990 -0.465188 -0.653607)
     C    8  Q=         1.0000 1e-30 m^2  Cq=         1.0230 MHz  eta= 0.42751

     H    9    Vxx=   -0.0126    axis=(  0.305906  0.947858 -0.089371)
     H    9    Vyy=   -0.5552    axis=( -0.502222  0.240404  0.830650)
     H    9    Vzz=    0.5678    axis=(  0.808823 -0.209217  0.549576)
     H    9  Q=         1.0000 1e-30 m^2  Cq=         1.3340 MHz  eta= 0.95577

     C   10    Vxx=   -0.0308    axis=(  0.904626 -0.312147  0.290200)
     C   10    Vyy=   -0.4022    axis=( -0.366735 -0.917010  0.156841)
     C   10    Vzz=    0.4330    axis=( -0.217159  0.248309  0.944026)
     C   10  Q=         1.0000 1e-30 m^2  Cq=         1.0175 MHz  eta= 0.85776

     C   11    Vxx=    0.1048    axis=( -0.205294  0.587521  0.782735)
     C   11    Vyy=    0.3088    axis=( -0.705717 -0.642991  0.297535)
     C   11    Vzz=   -0.4136    axis=(  0.678099 -0.491307  0.546625)
     C   11  Q=         1.0000 1e-30 m^2  Cq=        -0.9718 MHz  eta= 0.49323

     Cl  12    Vxx=    0.8809    axis=(  0.528481  0.543584 -0.652092)
     Cl  12    Vyy=    1.7678    axis=(  0.615753  0.283348  0.735229)
     Cl  12    Vzz=   -2.6487    axis=(  0.584428 -0.790082 -0.184969)
     Cl  12  Q=        -8.1650 1e-30 m^2  Cq=        50.8145 MHz  eta= 0.33484

     H   13    Vxx=   -0.1380    axis=( -0.010568 -0.529997  0.847934)
     H   13    Vyy=   -0.1575    axis=(  0.998364  0.042068  0.038737)
     H   13    Vzz=    0.2956    axis=( -0.056202  0.846956  0.528685)
     H   13  Q=         1.0000 1e-30 m^2  Cq=         0.6944 MHz  eta= 0.06592

     C   14    Vxx=   -0.0249    axis=(  0.311375  0.866843  0.389394)
     C   14    Vyy=   -0.2932    axis=( -0.939225  0.343069 -0.012675)
     C   14    Vzz=    0.3181    axis=( -0.144576 -0.361782  0.920984)
     C   14  Q=         1.0000 1e-30 m^2  Cq=         0.7474 MHz  eta= 0.84345

     H   15    Vxx=    0.0122    axis=(  0.393577 -0.891013 -0.226259)
     H   15    Vyy=    0.5058    axis=(  0.864554  0.275096  0.420557)
     H   15    Vzz=   -0.5180    axis=( -0.312478 -0.361135  0.878601)
     H   15  Q=         1.0000 1e-30 m^2  Cq=        -1.2171 MHz  eta= 0.95282

     C   16    Vxx=   -0.1266    axis=( -0.624391  0.711334  0.322707)
     C   16    Vyy=   -0.3104    axis=( -0.772989 -0.503275 -0.386267)
     C   16    Vzz=    0.4370    axis=( -0.112354 -0.490631  0.864094)
     C   16  Q=         1.0000 1e-30 m^2  Cq=         1.0268 MHz  eta= 0.42076

     C   17    Vxx=   -0.1680    axis=( -0.893496  0.014789  0.448827)
     C   17    Vyy=   -0.2920    axis=( -0.238319 -0.862719 -0.446004)
     C   17    Vzz=    0.4600    axis=(  0.380616 -0.505467  0.774361)
     C   17  Q=         1.0000 1e-30 m^2  Cq=         1.0808 MHz  eta= 0.26938

     Cl  18    Vxx=   -0.4899    axis=( -0.541082 -0.135818  0.829930)
     Cl  18    Vyy=   -3.1085    axis=(  0.545148  0.694796  0.469119)
     Cl  18    Vzz=    3.5983    axis=(  0.640347 -0.706266  0.301901)
     Cl  18  Q=        -8.1650 1e-30 m^2  Cq=       -69.0324 MHz  eta= 0.72773

     H   19    Vxx=    0.0016    axis=( -0.729047 -0.405407 -0.551485)
     H   19    Vyy=    0.7145    axis=(  0.048297  0.773241 -0.632270)
     H   19    Vzz=   -0.7161    axis=(  0.682758 -0.487590 -0.544149)
     H   19  Q=         1.0000 1e-30 m^2  Cq=        -1.6826 MHz  eta= 0.99549

     C   20    Vxx=   -0.1841    axis=(  0.330802 -0.647559  0.686467)
     C   20    Vyy=   -0.5624    axis=( -0.559537 -0.720354 -0.409889)
     C   20    Vzz=    0.7465    axis=(  0.759927 -0.248512 -0.600628)
     C   20  Q=         1.0000 1e-30 m^2  Cq=         1.7539 MHz  eta= 0.50689

     H   21    Vxx=   -0.0741    axis=(  0.321299  0.898262 -0.299821)
     H   21    Vyy=   -0.7166    axis=( -0.438945  0.421810  0.793349)
     H   21    Vzz=    0.7907    axis=(  0.839103 -0.123297  0.529815)
     H   21  Q=         1.0000 1e-30 m^2  Cq=         1.8579 MHz  eta= 0.81262

     C   22    Vxx=   -0.0224    axis=(  0.419436  0.800253  0.428566)
     C   22    Vyy=   -0.2255    axis=( -0.367222  0.581323 -0.726094)
     C   22    Vzz=    0.2479    axis=( -0.830194  0.147171  0.537698)
     C   22  Q=         1.0000 1e-30 m^2  Cq=         0.5825 MHz  eta= 0.81908

     C   23    Vxx=   -0.0529    axis=(  0.516611  0.856029 -0.018082)
     C   23    Vyy=   -0.4169    axis=( -0.753247  0.444339 -0.484956)
     C   23    Vzz=    0.4698    axis=( -0.407102  0.264153  0.874352)
     C   23  Q=         1.0000 1e-30 m^2  Cq=         1.1038 MHz  eta= 0.77494

     Cl  24    Vxx=    0.4683    axis=(  0.584281  0.704032  0.403677)
     Cl  24    Vyy=    2.3617    axis=( -0.589793  0.026693  0.807113)
     Cl  24    Vzz=   -2.8300    axis=(  0.557458 -0.709667  0.430829)
     Cl  24  Q=        -8.1650 1e-30 m^2  Cq=        54.2917 MHz  eta= 0.66904

     Initialization:
     gipaw_setup  :      9.22s CPU     10.89s WALL (       1 calls)

     Linear response

     Apply operators

     Induced current

     Other routines
     efg          :      9.49s CPU     12.69s WALL (       1 calls)

     General routines
     calbec       :      3.37s CPU      4.93s WALL (      16 calls)
     fft          :      1.67s CPU      2.44s WALL (      15 calls)
     ffts         :      0.04s CPU      0.05s WALL (       2 calls)
     fftw         :      3.32s CPU      4.25s WALL (     672 calls)
     davcio       :      0.01s CPU      0.33s WALL (      32 calls)

     Parallel routines
     fft_scatter  :      2.41s CPU      3.96s WALL (     689 calls)

     Plugins

     GIPAW        :     61.59s CPU     74.65s WALL (       1 calls)
