
     Program QE v.6.0 (svn rev. 13079) starts on 31Dec2016 at 21:32:33 

     This program is part of the open-source Quantum ESPRESSO suite
     for quantum simulation of materials; please cite
         "P. Giannozzi et al., J. Phys.:Condens. Matter 21 395502 (2009);
          URL http://www.quantum-espresso.org", 
     in publications or presentations arising from this work. More details at
     http://www.quantum-espresso.org/quote

     Parallel version (MPI), running on     8 processors
     R & G space division:  proc/nbgrp/npool/nimage =       8

     ***** This is GIPAW svn revision unknown      *****

     Parallelizing q-star over 1 images

     Reading data from directory:
     /users/majewski/paradichlorobenzene/pbe/9_constraint/scratch/pbe.ecut100.np8.dt60.pcl2phi-129368.save
     Message from routine read_xml_file:
     file /users/majewski/paradichlorobenzene/pbe/9_constraint/scratch/pbe.ecut100.np8.dt60.pcl2phi-129368.save not guaranteed to be safe for post-processing

   Info: using nr1, nr2, nr3 values from input

   Info: using nr1, nr2, nr3 values from input

     IMPORTANT: XC functional enforced from input :
     Exchange-correlation      =  SLA  PW   PBX  PBC ( 1  4  3  4 0 0)
     Any further DFT definition will be discarded
     Please, verify this is what you really want

               file C.pbe-n-kjpaw_psl.1.0.0.UPF: wavefunction(s)  2S 2P renormalized
               file Cl.pbe-n-kjpaw_psl.1.0.0.UPF: wavefunction(s)  3S 3P renormalized
               file H.pbe-kjpaw_psl.1.0.0.UPF: wavefunction(s)  1S renormalized

     Parallelization info
     --------------------
     sticks:   dense  smooth     PW     G-vecs:    dense   smooth      PW
     Min        3057    1223    332               144436    36536    5170
     Max        3059    1225    333               144437    36537    5171
     Sum       24467    9791   2657              1155489   292295   41363


     Subspace diagonalization in iterative solution of the eigenvalue problem:
     a serial algorithm will be used

     GIPAW projectors -----------------------------------------------
     atom=  C    l=0  rc=    1.2000  rs=    0.8000
     atom=  C    l=0  rc=    1.2000  rs=    0.8000
     atom=  C    l=1  rc=    1.4000  rs=    0.9333
     atom=  C    l=1  rc=    1.4000  rs=    0.9333
     projs nearly linearly dependent: l=1  n1,n2= 1, 2  s=  0.99951561

     atom=  Cl   l=0  rc=    1.6000  rs=    1.0667
     atom=  Cl   l=0  rc=    1.6000  rs=    1.0667
     atom=  Cl   l=1  rc=    1.6000  rs=    1.0667
     atom=  Cl   l=1  rc=    1.6000  rs=    1.0667
     atom=  Cl   l=2  rc=    1.6000  rs=    1.0667
     atom=  Cl   l=2  rc=    1.6000  rs=    1.0667
     projs nearly linearly dependent: l=2  n1,n2= 1, 2  s=  0.99993509

     atom=  H    l=0  rc=    1.0000  rs=    0.6667
     atom=  H    l=0  rc=    1.0000  rs=    0.6667
     projs nearly linearly dependent: l=0  n1,n2= 1, 2  s=  0.99968852
     -----------------------------------------------------------------

     GIPAW integrals: -------------------------------------------
     Atom  i/j   nmr_para   nmr_dia   epr_rmc  epr_para   epr_dia
       C   1 1   0.83E+03  0.17E-01  0.93E+01  0.24E+08  0.24E+03
       C   2 1   0.86E+03 -0.61E-01  0.94E+01  0.25E+08  0.25E+03
       C   2 2   0.90E+03 -0.15E+00  0.97E+01  0.26E+08  0.26E+03
       C   3 3   0.33E+01  0.34E+00  0.18E+01  0.55E+03  0.21E+02
       C   4 3   0.35E+01  0.37E+00  0.20E+01  0.59E+03  0.22E+02
       C   4 4   0.38E+01  0.39E+00  0.22E+01  0.63E+03  0.24E+02
       Cl  1 1   0.14E+04 -0.47E+00  0.84E+01  0.32E+09  0.42E+03
       Cl  2 1   0.21E+04 -0.37E+00  0.12E+02  0.49E+09  0.65E+03
       Cl  2 2   0.33E+04 -0.16E+00  0.21E+02  0.76E+09  0.10E+04
       Cl  3 3   0.21E+02  0.79E-01  0.89E+01  0.23E+05  0.13E+03
       Cl  4 3   0.24E+02  0.67E-01  0.99E+01  0.27E+05  0.15E+03
       Cl  4 4   0.28E+02  0.44E-01  0.11E+02  0.32E+05  0.18E+03
       Cl  5 5   0.77E+00  0.19E+00  0.18E+01  0.12E+03  0.22E+02
       Cl  6 5   0.80E+00  0.19E+00  0.19E+01  0.12E+03  0.23E+02
       Cl  6 6   0.83E+00  0.20E+00  0.19E+01  0.12E+03  0.23E+02
       H   1 1   0.39E+02  0.19E+00  0.29E+00  0.78E+05  0.13E+02
       H   2 1   0.41E+02  0.21E+00  0.32E+00  0.82E+05  0.14E+02
       H   2 2   0.43E+02  0.22E+00  0.36E+00  0.86E+05  0.15E+02
     ------------------------------------------------------------

     alpha_pv=     33.6568 eV

     Number of occupied bands for each k-point:
     k-point:     1    nbnd_occ=  42
     k-point:     2    nbnd_occ=  42
     k-point:     3    nbnd_occ=  42
     k-point:     4    nbnd_occ=  42
     k-point:     5    nbnd_occ=  42
     k-point:     6    nbnd_occ=  42
     k-point:     7    nbnd_occ=  42
     k-point:     8    nbnd_occ=  42
     k-point:     9    nbnd_occ=  42
     k-point:    10    nbnd_occ=  42
     k-point:    11    nbnd_occ=  42
     k-point:    12    nbnd_occ=  42
     k-point:    13    nbnd_occ=  42
     k-point:    14    nbnd_occ=  42
     k-point:    15    nbnd_occ=  42
     k-point:    16    nbnd_occ=  42


     q-space interpolation up to   110.00 Rydberg

     GIPAW job: efg                                                                             


     ELECTRIC FIELD GRADIENTS TENSORS IN Hartree/bohrradius^2:

     ----- bare term -----
     Cl   1       -0.055783        0.241702        0.033498
     Cl   1        0.241702       -0.094403       -0.035889
     Cl   1        0.033498       -0.035889        0.150186

     C    2        0.056564       -0.356846       -0.520194
     C    2       -0.356846       -0.271670       -0.520397
     C    2       -0.520194       -0.520397        0.215106

     C    3       -0.626145        0.378166       -0.303105
     C    3        0.378166        0.246184       -0.225709
     C    3       -0.303105       -0.225709        0.379961

     H    4       -0.294824       -0.542051       -0.094800
     H    4       -0.542051       -0.056050        0.088266
     H    4       -0.094800        0.088266        0.350873

     C    5       -0.142130        0.168681       -0.195466
     C    5        0.168681       -0.113018       -0.363048
     C    5       -0.195466       -0.363048        0.255148

     H    6        0.282051       -0.397162       -0.111337
     H    6       -0.397162       -0.574944       -0.400873
     H    6       -0.111337       -0.400873        0.292894

     H    7        0.292770        0.015291        0.313625
     H    7        0.015291        0.165220        0.211911
     H    7        0.313625        0.211911       -0.457990

     C    8       -0.114170       -0.071841       -0.096009
     C    8       -0.071841        0.143257        0.090836
     C    8       -0.096009        0.090836       -0.029087

     H    9        0.165556        0.065713       -0.203012
     H    9        0.065713        0.382334       -0.086257
     H    9       -0.203012       -0.086257       -0.547890

     C   10        0.048155       -0.206942       -0.013645
     C   10       -0.206942       -0.022422        0.034270
     C   10       -0.013645        0.034270       -0.025733

     C   11       -0.022564       -0.054595       -0.310685
     C   11       -0.054595       -0.294315        0.325687
     C   11       -0.310685        0.325687        0.316879

     Cl  12        0.007359        0.021265        0.065499
     Cl  12        0.021265       -0.043620       -0.142773
     Cl  12        0.065499       -0.142773        0.036262

     H   13        0.091389       -0.409220        0.241996
     H   13       -0.409220       -0.421545        0.134907
     H   13        0.241996        0.134907        0.330156

     C   14       -0.230440        0.294766        0.003206
     C   14        0.294766        0.171402        0.126490
     C   14        0.003206        0.126490        0.059038

     H   15       -0.392043       -0.256599        0.256424
     H   15       -0.256599        0.231986        0.006288
     H   15        0.256424        0.006288        0.160057

     C   16        0.226908       -0.128937        0.281312
     C   16       -0.128937       -0.200674       -0.171451
     C   16        0.281312       -0.171451       -0.026234

     C   17       -0.707050        0.359257       -0.216625
     C   17        0.359257        0.228884       -0.094245
     C   17       -0.216625       -0.094245        0.478166

     Cl  18       -0.043659       -0.044281        0.014972
     Cl  18       -0.044281        0.000706        0.099992
     Cl  18        0.014972        0.099992        0.042953

     H   19        0.472138        0.120575       -0.018955
     H   19        0.120575       -0.705941        0.071907
     H   19       -0.018955        0.071907        0.233803

     C   20       -0.360142       -0.285087       -0.377326
     C   20       -0.285087       -0.131982        0.412185
     C   20       -0.377326        0.412185        0.492123

     H   21       -0.307373        0.220066       -0.521571
     H   21        0.220066        0.309199        0.237291
     H   21       -0.521571        0.237291       -0.001826

     C   22       -0.269165       -0.303080       -0.306043
     C   22       -0.303080       -0.161162        0.498258
     C   22       -0.306043        0.498258        0.430327

     C   23       -0.219963       -0.213996       -0.321883
     C   23       -0.213996       -0.110852        0.577732
     C   23       -0.321883        0.577732        0.330815

     Cl  24        0.049642       -0.018337        0.017046
     Cl  24       -0.018337        0.005466       -0.026323
     Cl  24        0.017046       -0.026323       -0.055108

     ----- ionic term -----
     Cl   1        0.103785       -0.182913       -0.033249
     Cl   1       -0.182913        0.029097        0.027689
     Cl   1       -0.033249        0.027689       -0.132882

     C    2        0.274067       -0.000101        0.120639
     C    2       -0.000101        0.228460        0.368199
     C    2        0.120639        0.368199       -0.502527

     C    3        0.209972       -0.081641        0.122214
     C    3       -0.081641        0.279707        0.352651
     C    3        0.122214        0.352651       -0.489679

     H    4        0.801978        0.462160        0.407775
     H    4        0.462160       -0.331492        0.177484
     H    4        0.407775        0.177484       -0.470485

     C    5        0.376563       -0.098979        0.163722
     C    5       -0.098979        0.125450        0.264804
     C    5        0.163722        0.264804       -0.502013

     H    6       -0.475849        0.259037        0.130137
     H    6        0.259037        0.735771        0.609930
     H    6        0.130137        0.609930       -0.259922

     H    7       -0.531477        0.082265       -0.052424
     H    7        0.082265        0.433363       -0.788863
     H    7       -0.052424       -0.788863        0.098114

     C    8        0.194437        0.281978        0.287737
     C    8        0.281978       -0.033179       -0.296957
     C    8        0.287737       -0.296957       -0.161258

     H    9        0.278926       -0.177055        0.815462
     H    9       -0.177055       -0.483306       -0.243873
     H    9        0.815462       -0.243873        0.204380

     C   10        0.045820        0.309000        0.215685
     C   10        0.309000        0.120684       -0.415723
     C   10        0.215685       -0.415723       -0.166505

     C   11        0.008928        0.243304        0.247453
     C   11        0.243304        0.145956       -0.442462
     C   11        0.247453       -0.442462       -0.154884

     Cl  12        0.095034        0.200647        0.022151
     Cl  12        0.200647        0.031240       -0.001451
     Cl  12        0.022151       -0.001451       -0.126273

     H   13       -0.451663        0.272968        0.077260
     H   13        0.272968        0.850303        0.500415
     H   13        0.077260        0.500415       -0.398640

     C   14        0.377403       -0.113602        0.094510
     C   14       -0.113602        0.185063        0.263908
     C   14        0.094510        0.263908       -0.562466

     H   15        0.827799        0.515995        0.369797
     H   15        0.515995       -0.275876        0.189639
     H   15        0.369797        0.189639       -0.551923

     C   16        0.209813       -0.141466        0.077989
     C   16       -0.141466        0.360212        0.324366
     C   16        0.077989        0.324366       -0.570025

     C   17        0.287528       -0.067638        0.211009
     C   17       -0.067638        0.255691        0.252221
     C   17        0.211009        0.252221       -0.543218

     Cl  18        0.128558       -0.206340        0.023089
     Cl  18       -0.206340        0.045846       -0.021649
     Cl  18        0.023089       -0.021649       -0.174404

     H   19       -0.508561        0.018454        0.018763
     H   19        0.018454        0.750020       -0.638863
     H   19        0.018763       -0.638863       -0.241459

     C   20        0.191628        0.281718        0.274917
     C   20        0.281718        0.081212       -0.259533
     C   20        0.274917       -0.259533       -0.272840

     H   21        0.388997       -0.192399        0.757234
     H   21       -0.192399       -0.484297       -0.237904
     H   21        0.757234       -0.237904        0.095300

     C   22        0.101723        0.313131        0.224520
     C   22        0.313131        0.117649       -0.372166
     C   22        0.224520       -0.372166       -0.219373

     C   23        0.095838        0.240330        0.346582
     C   23        0.240330        0.054452       -0.358083
     C   23        0.346582       -0.358083       -0.150290

     Cl  24        0.137940        0.200513        0.044731
     Cl  24        0.200513        0.022712        0.023250
     Cl  24        0.044731        0.023250       -0.160652

     ----- GIPAW term -----
     Cl   1        1.965640       -1.782379        0.274267
     Cl   1       -1.782379       -0.573278       -0.213776
     Cl   1        0.274267       -0.213776       -1.392363

     C    2        0.051555       -0.230371       -0.180683
     C    2       -0.230371       -0.045619        0.058479
     C    2       -0.180683        0.058479       -0.005935

     C    3       -0.224226        0.075869       -0.064380
     C    3        0.075869        0.257068        0.024360
     C    3       -0.064380        0.024360       -0.032842

     H    4       -0.000000        0.000000        0.000000
     H    4        0.000000        0.000000        0.000000
     H    4        0.000000        0.000000        0.000000

     C    5       -0.103658        0.056683        0.000217
     C    5        0.056683        0.135095        0.064420
     C    5        0.000217        0.064420       -0.031437

     H    6       -0.000000        0.000000        0.000000
     H    6        0.000000        0.000000        0.000000
     H    6        0.000000        0.000000        0.000000

     H    7       -0.000000        0.000000        0.000000
     H    7        0.000000        0.000000        0.000000
     H    7        0.000000        0.000000        0.000000

     C    8       -0.008498       -0.020010       -0.041106
     C    8       -0.020010       -0.013897        0.038415
     C    8       -0.041106        0.038415        0.022396

     H    9       -0.000000        0.000000        0.000000
     H    9        0.000000        0.000000        0.000000
     H    9        0.000000        0.000000        0.000000

     C   10       -0.004478       -0.017143       -0.029081
     C   10       -0.017143       -0.013453        0.011699
     C   10       -0.029081        0.011699        0.017931

     C   11       -0.040548        0.026016       -0.106745
     C   11        0.026016       -0.101207        0.095543
     C   11       -0.106745        0.095543        0.141756

     Cl  12        0.001777       -0.032732       -1.044137
     Cl  12       -0.032732        0.411836        1.559078
     Cl  12       -1.044137        1.559078       -0.413613

     H   13       -0.000000        0.000000        0.000000
     H   13        0.000000        0.000000        0.000000
     H   13        0.000000        0.000000        0.000000

     C   14        0.019210       -0.000636        0.012148
     C   14       -0.000636        0.029855        0.029499
     C   14        0.012148        0.029499       -0.049066

     H   15       -0.000000        0.000000        0.000000
     H   15        0.000000        0.000000        0.000000
     H   15        0.000000        0.000000        0.000000

     C   16        0.011632       -0.020103        0.043975
     C   16       -0.020103        0.020912        0.027568
     C   16        0.043975        0.027568       -0.032545

     C   17       -0.108550       -0.015302       -0.036629
     C   17       -0.015302       -0.003370        0.085223
     C   17       -0.036629        0.085223        0.111921

     Cl  18        0.006323       -2.398874       -0.500307
     Cl  18       -2.398874        0.530248        1.871183
     Cl  18       -0.500307        1.871183       -0.536571

     H   19       -0.000000        0.000000        0.000000
     H   19        0.000000        0.000000        0.000000
     H   19        0.000000        0.000000        0.000000

     C   20       -0.072440       -0.097696       -0.135699
     C   20       -0.097696       -0.059184        0.167982
     C   20       -0.135699        0.167982        0.131623

     H   21       -0.000000        0.000000        0.000000
     H   21        0.000000        0.000000        0.000000
     H   21        0.000000        0.000000        0.000000

     C   22       -0.081575       -0.079821       -0.120530
     C   22       -0.079821       -0.002758        0.134756
     C   22       -0.120530        0.134756        0.084333

     C   23       -0.000173       -0.023749       -0.175610
     C   23       -0.023749       -0.050866        0.192240
     C   23       -0.175610        0.192240        0.051038

     Cl  24        1.788284        1.962812        0.165007
     Cl  24        1.962812        0.071877       -0.184482
     Cl  24        0.165007       -0.184482       -1.860161

     ----- total EFG -----
     Cl   1        2.013642       -1.723590        0.274517
     Cl   1       -1.723590       -0.638584       -0.221976
     Cl   1        0.274517       -0.221976       -1.375059

     C    2        0.382185       -0.587318       -0.580237
     C    2       -0.587318       -0.088829       -0.093719
     C    2       -0.580237       -0.093719       -0.293356

     C    3       -0.640399        0.372393       -0.245271
     C    3        0.372393        0.782959        0.151301
     C    3       -0.245271        0.151301       -0.142559

     H    4        0.507154       -0.079891        0.312975
     H    4       -0.079891       -0.387542        0.265750
     H    4        0.312975        0.265750       -0.119612

     C    5        0.130775        0.126385       -0.031527
     C    5        0.126385        0.147528       -0.033825
     C    5       -0.031527       -0.033825       -0.278303

     H    6       -0.193798       -0.138125        0.018800
     H    6       -0.138125        0.160827        0.209057
     H    6        0.018800        0.209057        0.032972

     H    7       -0.238708        0.097555        0.261200
     H    7        0.097555        0.598583       -0.576952
     H    7        0.261200       -0.576952       -0.359876

     C    8        0.071769        0.190127        0.150622
     C    8        0.190127        0.096180       -0.167706
     C    8        0.150622       -0.167706       -0.167950

     H    9        0.444482       -0.111342        0.612450
     H    9       -0.111342       -0.100972       -0.330130
     H    9        0.612450       -0.330130       -0.343510

     C   10        0.089498        0.084915        0.172960
     C   10        0.084915        0.084809       -0.369754
     C   10        0.172960       -0.369754       -0.174307

     C   11       -0.054184        0.214725       -0.169977
     C   11        0.214725       -0.249566       -0.021232
     C   11       -0.169977       -0.021232        0.303750

     Cl  12        0.104170        0.189180       -0.956487
     Cl  12        0.189180        0.399455        1.414854
     Cl  12       -0.956487        1.414854       -0.503625

     H   13       -0.360274       -0.136252        0.319256
     H   13       -0.136252        0.428758        0.635322
     H   13        0.319256        0.635322       -0.068484

     C   14        0.166174        0.180528        0.109865
     C   14        0.180528        0.386320        0.419897
     C   14        0.109865        0.419897       -0.552494

     H   15        0.435756        0.259396        0.626222
     H   15        0.259396       -0.043890        0.195927
     H   15        0.626222        0.195927       -0.391866

     C   16        0.448353       -0.290506        0.403276
     C   16       -0.290506        0.180450        0.180483
     C   16        0.403276        0.180483       -0.628803

     C   17       -0.528073        0.276317       -0.042245
     C   17        0.276317        0.481204        0.243199
     C   17       -0.042245        0.243199        0.046868

     Cl  18        0.091223       -2.649496       -0.462246
     Cl  18       -2.649496        0.576800        1.949526
     Cl  18       -0.462246        1.949526       -0.668023

     H   19       -0.036424        0.139029       -0.000191
     H   19        0.139029        0.044079       -0.566956
     H   19       -0.000191       -0.566956       -0.007656

     C   20       -0.240953       -0.101065       -0.238108
     C   20       -0.101065       -0.109954        0.320634
     C   20       -0.238108        0.320634        0.350906

     H   21        0.081623        0.027666        0.235663
     H   21        0.027666       -0.175098       -0.000614
     H   21        0.235663       -0.000614        0.093474

     C   22       -0.249017       -0.069770       -0.202053
     C   22       -0.069770       -0.046271        0.260849
     C   22       -0.202053        0.260849        0.295288

     C   23       -0.124298        0.002585       -0.150912
     C   23        0.002585       -0.107265        0.411888
     C   23       -0.150912        0.411888        0.231563

     Cl  24        1.975865        2.144988        0.226783
     Cl  24        2.144988        0.100055       -0.187555
     Cl  24        0.226783       -0.187555       -2.075920

     ----- total EFG (symmetrized) -----
     Cl   1        2.013642       -1.723590        0.274517
     Cl   1       -1.723590       -0.638584       -0.221976
     Cl   1        0.274517       -0.221976       -1.375059

     C    2        0.382185       -0.587318       -0.580237
     C    2       -0.587318       -0.088829       -0.093719
     C    2       -0.580237       -0.093719       -0.293356

     C    3       -0.640399        0.372393       -0.245271
     C    3        0.372393        0.782959        0.151301
     C    3       -0.245271        0.151301       -0.142559

     H    4        0.507154       -0.079891        0.312975
     H    4       -0.079891       -0.387542        0.265750
     H    4        0.312975        0.265750       -0.119612

     C    5        0.130775        0.126385       -0.031527
     C    5        0.126385        0.147528       -0.033825
     C    5       -0.031527       -0.033825       -0.278303

     H    6       -0.193798       -0.138125        0.018800
     H    6       -0.138125        0.160827        0.209057
     H    6        0.018800        0.209057        0.032972

     H    7       -0.238708        0.097555        0.261200
     H    7        0.097555        0.598583       -0.576952
     H    7        0.261200       -0.576952       -0.359876

     C    8        0.071769        0.190127        0.150622
     C    8        0.190127        0.096180       -0.167706
     C    8        0.150622       -0.167706       -0.167950

     H    9        0.444482       -0.111342        0.612450
     H    9       -0.111342       -0.100972       -0.330130
     H    9        0.612450       -0.330130       -0.343510

     C   10        0.089498        0.084915        0.172960
     C   10        0.084915        0.084809       -0.369754
     C   10        0.172960       -0.369754       -0.174307

     C   11       -0.054184        0.214725       -0.169977
     C   11        0.214725       -0.249566       -0.021232
     C   11       -0.169977       -0.021232        0.303750

     Cl  12        0.104170        0.189180       -0.956487
     Cl  12        0.189180        0.399455        1.414854
     Cl  12       -0.956487        1.414854       -0.503625

     H   13       -0.360274       -0.136252        0.319256
     H   13       -0.136252        0.428758        0.635322
     H   13        0.319256        0.635322       -0.068484

     C   14        0.166174        0.180528        0.109865
     C   14        0.180528        0.386320        0.419897
     C   14        0.109865        0.419897       -0.552494

     H   15        0.435756        0.259396        0.626222
     H   15        0.259396       -0.043890        0.195927
     H   15        0.626222        0.195927       -0.391866

     C   16        0.448353       -0.290506        0.403276
     C   16       -0.290506        0.180450        0.180483
     C   16        0.403276        0.180483       -0.628803

     C   17       -0.528073        0.276317       -0.042245
     C   17        0.276317        0.481204        0.243199
     C   17       -0.042245        0.243199        0.046868

     Cl  18        0.091223       -2.649496       -0.462246
     Cl  18       -2.649496        0.576800        1.949526
     Cl  18       -0.462246        1.949526       -0.668023

     H   19       -0.036424        0.139029       -0.000191
     H   19        0.139029        0.044079       -0.566956
     H   19       -0.000191       -0.566956       -0.007656

     C   20       -0.240953       -0.101065       -0.238108
     C   20       -0.101065       -0.109954        0.320634
     C   20       -0.238108        0.320634        0.350906

     H   21        0.081623        0.027666        0.235663
     H   21        0.027666       -0.175098       -0.000614
     H   21        0.235663       -0.000614        0.093474

     C   22       -0.249017       -0.069770       -0.202053
     C   22       -0.069770       -0.046271        0.260849
     C   22       -0.202053        0.260849        0.295288

     C   23       -0.124298        0.002585       -0.150912
     C   23        0.002585       -0.107265        0.411888
     C   23       -0.150912        0.411888        0.231563

     Cl  24        1.975865        2.144988        0.226783
     Cl  24        2.144988        0.100055       -0.187555
     Cl  24        0.226783       -0.187555       -2.075920


     NQR/NMR SPECTROSCOPIC PARAMETERS:
     Cl   1    Vxx=   -1.3567    axis=( -0.288547 -0.427798  0.856580)
     Cl   1    Vyy=   -1.5334    axis=(  0.343794  0.788679  0.509697)
     Cl   1    Vzz=    2.8900    axis=(  0.893614 -0.441558  0.080497)
     Cl   1  Q=        -8.1650 1e-30 m^2  Cq=       -55.4440 MHz  eta= 0.06114

     C    2    Vxx=   -0.0921    axis=( -0.109622 -0.741962  0.661420)
     C    2    Vyy=   -0.8507    axis=( -0.552832 -0.507500 -0.660924)
     C    2    Vzz=    0.9427    axis=( -0.826051  0.438106  0.354547)
     C    2  Q=         1.0000 1e-30 m^2  Cq=         2.2150 MHz  eta= 0.80470

     C    3    Vxx=   -0.0420    axis=( -0.378645  0.001175  0.925541)
     C    3    Vyy=   -0.8405    axis=( -0.898306  0.240341 -0.367807)
     C    3    Vzz=    0.8825    axis=( -0.222877 -0.970688 -0.089948)
     C    3  Q=         1.0000 1e-30 m^2  Cq=         2.0735 MHz  eta= 0.90476

     H    4    Vxx=   -0.0341    axis=(  0.325120 -0.614198 -0.719067)
     H    4    Vyy=   -0.6034    axis=( -0.218699 -0.788597  0.574705)
     H    4    Vzz=    0.6375    axis=( -0.920037 -0.029589 -0.390713)
     H    4  Q=         1.0000 1e-30 m^2  Cq=         1.4979 MHz  eta= 0.89293

     C    5    Vxx=    0.0125    axis=(  0.730153 -0.683283  0.000318)
     C    5    Vyy=    0.2697    axis=(  0.680884  0.727550 -0.084076)
     C    5    Vzz=   -0.2822    axis=(  0.057216  0.061605  0.996459)
     C    5  Q=         1.0000 1e-30 m^2  Cq=        -0.6631 MHz  eta= 0.91149

     H    6    Vxx=   -0.0619    axis=(  0.518631 -0.391670  0.760011)
     H    6    Vyy=   -0.2732    axis=(  0.833017  0.431740 -0.345953)
     H    6    Vzz=    0.3351    axis=( -0.192628  0.812524  0.550181)
     H    6  Q=         1.0000 1e-30 m^2  Cq=         0.7874 MHz  eta= 0.63038

     H    7    Vxx=   -0.0951    axis=(  0.887444  0.214515  0.407955)
     H    7    Vyy=   -0.7748    axis=( -0.460418  0.371412  0.806268)
     H    7    Vzz=    0.8699    axis=(  0.021438 -0.903347  0.428374)
     H    7  Q=         1.0000 1e-30 m^2  Cq=         2.0438 MHz  eta= 0.78145

     C    8    Vxx=    0.0886    axis=( -0.595800  0.465717 -0.654317)
     C    8    Vyy=    0.2757    axis=( -0.655872 -0.752344  0.061727)
     C    8    Vzz=   -0.3643    axis=( -0.463524  0.465925  0.753697)
     C    8  Q=         1.0000 1e-30 m^2  Cq=        -0.8559 MHz  eta= 0.51370

     H    9    Vxx=   -0.0830    axis=(  0.404090  0.895784 -0.185153)
     H    9    Vyy=   -0.7673    axis=( -0.395811  0.353719  0.847477)
     H    9    Vzz=    0.8503    axis=(  0.824649 -0.269171  0.497495)
     H    9  Q=         1.0000 1e-30 m^2  Cq=         1.9979 MHz  eta= 0.80486

     C   10    Vxx=    0.1468    axis=(  0.940736  0.295440  0.166525)
     C   10    Vyy=    0.3514    axis=(  0.141036 -0.787358  0.600147)
     C   10    Vzz=   -0.4982    axis=(  0.308422 -0.541094 -0.782364)
     C   10  Q=         1.0000 1e-30 m^2  Cq=        -1.1706 MHz  eta= 0.41077

     C   11    Vxx=    0.0072    axis=(  0.705167  0.552969  0.443807)
     C   11    Vyy=    0.3890    axis=( -0.424389 -0.172259  0.888943)
     C   11    Vzz=   -0.3962    axis=(  0.568008 -0.815201  0.113202)
     C   11  Q=         1.0000 1e-30 m^2  Cq=        -0.9310 MHz  eta= 0.96356

     Cl  12    Vxx=    0.3587    axis=(  0.856220  0.500273 -0.128897)
     Cl  12    Vyy=    1.5722    axis=(  0.319027 -0.708272 -0.629741)
     Cl  12    Vzz=   -1.9309    axis=( -0.406336  0.498075 -0.766037)
     Cl  12  Q=        -8.1650 1e-30 m^2  Cq=        37.0437 MHz  eta= 0.62847

     H   13    Vxx=   -0.0863    axis=(  0.772547 -0.401962  0.491526)
     H   13    Vyy=   -0.7801    axis=( -0.632216 -0.415088  0.654221)
     H   13    Vzz=    0.8664    axis=(  0.058946  0.816167  0.574802)
     H   13  Q=         1.0000 1e-30 m^2  Cq=         2.0356 MHz  eta= 0.80087

     C   14    Vxx=    0.0762    axis=(  0.913829 -0.392895 -0.102716)
     C   14    Vyy=    0.6384    axis=(  0.403588  0.850564  0.337130)
     C   14    Vzz=   -0.7146    axis=( -0.045090 -0.349534  0.935838)
     C   14  Q=         1.0000 1e-30 m^2  Cq=        -1.6791 MHz  eta= 0.78672

     H   15    Vxx=   -0.1513    axis=(  0.326690 -0.941419  0.083689)
     H   15    Vyy=   -0.7326    axis=(  0.457057  0.079859 -0.885845)
     H   15    Vzz=    0.8840    axis=(  0.827268  0.327647  0.456371)
     H   15  Q=         1.0000 1e-30 m^2  Cq=         2.0769 MHz  eta= 0.65762

     C   16    Vxx=    0.1468    axis=( -0.332905 -0.865413 -0.374478)
     C   16    Vyy=    0.6868    axis=( -0.878463  0.428979 -0.210425)
     C   16    Vzz=   -0.8336    axis=( -0.342748 -0.258914  0.903043)
     C   16  Q=         1.0000 1e-30 m^2  Cq=        -1.9587 MHz  eta= 0.64781

     C   17    Vxx=   -0.0234    axis=( -0.245754 -0.308325  0.918989)
     C   17    Vyy=   -0.6153    axis=( -0.947911  0.274651 -0.161342)
     C   17    Vzz=    0.6388    axis=( -0.202655 -0.910770 -0.359761)
     C   17  Q=         1.0000 1e-30 m^2  Cq=         1.5008 MHz  eta= 0.92664

     Cl  18    Vxx=   -0.8349    axis=( -0.617932 -0.079541 -0.782198)
     Cl  18    Vyy=   -2.8848    axis=( -0.534855 -0.686668  0.492359)
     Cl  18    Vzz=    3.7197    axis=( -0.576273  0.722606  0.381771)
     Cl  18  Q=        -8.1650 1e-30 m^2  Cq=       -71.3613 MHz  eta= 0.55107

     H   19    Vxx=   -0.0349    axis=(  0.970803  0.011174  0.239616)
     H   19    Vyy=   -0.5670    axis=(  0.180760 -0.690750 -0.700136)
     H   19    Vzz=    0.6018    axis=( -0.157691 -0.723007  0.672603)
     H   19  Q=         1.0000 1e-30 m^2  Cq=         1.4141 MHz  eta= 0.88412

     C   20    Vxx=   -0.2683    axis=(  0.307435  0.888115 -0.341665)
     C   20    Vyy=   -0.3267    axis=( -0.904679  0.161474 -0.394311)
     C   20    Vzz=    0.5950    axis=( -0.295024  0.430322  0.853102)
     C   20  Q=         1.0000 1e-30 m^2  Cq=         1.3980 MHz  eta= 0.09816

     H   21    Vxx=   -0.1375    axis=( -0.619766 -0.466518  0.631072)
     H   21    Vyy=   -0.1865    axis=(  0.357122 -0.883701 -0.302549)
     H   21    Vzz=    0.3240    axis=(  0.698824  0.037860  0.714291)
     H   21  Q=         1.0000 1e-30 m^2  Cq=         0.7613 MHz  eta= 0.15116

     C   22    Vxx=   -0.1788    axis=( -0.235816 -0.890380  0.389376)
     C   22    Vyy=   -0.3173    axis=( -0.932684  0.094833 -0.348005)
     C   22    Vzz=    0.4961    axis=( -0.272931  0.445230  0.852806)
     C   22  Q=         1.0000 1e-30 m^2  Cq=         1.1657 MHz  eta= 0.27914

     C   23    Vxx=   -0.1205    axis=(  0.933940  0.357009 -0.017340)
     C   23    Vyy=   -0.4107    axis=( -0.304003  0.767888 -0.563853)
     C   23    Vzz=    0.5312    axis=( -0.187986  0.531877  0.825693)
     C   23  Q=         1.0000 1e-30 m^2  Cq=         1.2482 MHz  eta= 0.54632

     Cl  24    Vxx=   -1.2118    axis=( -0.515762  0.799135 -0.308824)
     Cl  24    Vyy=   -2.1686    axis=( -0.181587  0.250309  0.950985)
     Cl  24    Vzz=    3.3804    axis=( -0.837267 -0.546560 -0.016012)
     Cl  24  Q=        -8.1650 1e-30 m^2  Cq=       -64.8519 MHz  eta= 0.28303

     Initialization:
     gipaw_setup  :      8.86s CPU     10.59s WALL (       1 calls)

     Linear response

     Apply operators

     Induced current

     Other routines
     efg          :      9.21s CPU     11.22s WALL (       1 calls)

     General routines
     calbec       :      3.22s CPU      4.00s WALL (      16 calls)
     fft          :      1.28s CPU      1.54s WALL (      15 calls)
     ffts         :      0.03s CPU      0.05s WALL (       2 calls)
     fftw         :      3.27s CPU      3.76s WALL (     672 calls)
     davcio       :      0.04s CPU      0.33s WALL (      32 calls)

     Parallel routines
     fft_scatter  :      1.81s CPU      2.42s WALL (     689 calls)

     Plugins

     GIPAW        :     60.41s CPU     71.72s WALL (       1 calls)
