
     Program QE v.6.0 (svn rev. 13079) starts on  5Jan2017 at 18:45: 7 

     This program is part of the open-source Quantum ESPRESSO suite
     for quantum simulation of materials; please cite
         "P. Giannozzi et al., J. Phys.:Condens. Matter 21 395502 (2009);
          URL http://www.quantum-espresso.org", 
     in publications or presentations arising from this work. More details at
     http://www.quantum-espresso.org/quote

     Parallel version (MPI), running on     8 processors
     R & G space division:  proc/nbgrp/npool/nimage =       8

     ***** This is GIPAW svn revision unknown      *****

     Parallelizing q-star over 1 images

     Reading data from directory:
     /users/majewski/paradichlorobenzene/pbe/9_constraint/scratch/pbe.ecut100.np8.dt60.pcl2phi-129368.save
     Message from routine read_xml_file:
     file /users/majewski/paradichlorobenzene/pbe/9_constraint/scratch/pbe.ecut100.np8.dt60.pcl2phi-129368.save not guaranteed to be safe for post-processing

   Info: using nr1, nr2, nr3 values from input

   Info: using nr1, nr2, nr3 values from input

     IMPORTANT: XC functional enforced from input :
     Exchange-correlation      =  SLA  PW   PBX  PBC ( 1  4  3  4 0 0)
     Any further DFT definition will be discarded
     Please, verify this is what you really want

               file C.pbe-n-kjpaw_psl.1.0.0.UPF: wavefunction(s)  2S 2P renormalized
               file Cl.pbe-n-kjpaw_psl.1.0.0.UPF: wavefunction(s)  3S 3P renormalized
               file H.pbe-kjpaw_psl.1.0.0.UPF: wavefunction(s)  1S renormalized

     Parallelization info
     --------------------
     sticks:   dense  smooth     PW     G-vecs:    dense   smooth      PW
     Min        3057    1223    332               144436    36536    5170
     Max        3059    1225    333               144437    36537    5171
     Sum       24467    9791   2657              1155489   292295   41363


     Subspace diagonalization in iterative solution of the eigenvalue problem:
     a serial algorithm will be used

     GIPAW projectors -----------------------------------------------
     atom=  C    l=0  rc=    1.2000  rs=    0.8000
     atom=  C    l=0  rc=    1.2000  rs=    0.8000
     atom=  C    l=1  rc=    1.4000  rs=    0.9333
     atom=  C    l=1  rc=    1.4000  rs=    0.9333
     projs nearly linearly dependent: l=1  n1,n2= 1, 2  s=  0.99951561

     atom=  Cl   l=0  rc=    1.6000  rs=    1.0667
     atom=  Cl   l=0  rc=    1.6000  rs=    1.0667
     atom=  Cl   l=1  rc=    1.6000  rs=    1.0667
     atom=  Cl   l=1  rc=    1.6000  rs=    1.0667
     atom=  Cl   l=2  rc=    1.6000  rs=    1.0667
     atom=  Cl   l=2  rc=    1.6000  rs=    1.0667
     projs nearly linearly dependent: l=2  n1,n2= 1, 2  s=  0.99993509

     atom=  H    l=0  rc=    1.0000  rs=    0.6667
     atom=  H    l=0  rc=    1.0000  rs=    0.6667
     projs nearly linearly dependent: l=0  n1,n2= 1, 2  s=  0.99968852
     -----------------------------------------------------------------

     GIPAW integrals: -------------------------------------------
     Atom  i/j   nmr_para   nmr_dia   epr_rmc  epr_para   epr_dia
       C   1 1   0.83E+03  0.17E-01  0.93E+01  0.24E+08  0.24E+03
       C   2 1   0.86E+03 -0.61E-01  0.94E+01  0.25E+08  0.25E+03
       C   2 2   0.90E+03 -0.15E+00  0.97E+01  0.26E+08  0.26E+03
       C   3 3   0.33E+01  0.34E+00  0.18E+01  0.55E+03  0.21E+02
       C   4 3   0.35E+01  0.37E+00  0.20E+01  0.59E+03  0.22E+02
       C   4 4   0.38E+01  0.39E+00  0.22E+01  0.63E+03  0.24E+02
       Cl  1 1   0.14E+04 -0.47E+00  0.84E+01  0.32E+09  0.42E+03
       Cl  2 1   0.21E+04 -0.37E+00  0.12E+02  0.49E+09  0.65E+03
       Cl  2 2   0.33E+04 -0.16E+00  0.21E+02  0.76E+09  0.10E+04
       Cl  3 3   0.21E+02  0.79E-01  0.89E+01  0.23E+05  0.13E+03
       Cl  4 3   0.24E+02  0.67E-01  0.99E+01  0.27E+05  0.15E+03
       Cl  4 4   0.28E+02  0.44E-01  0.11E+02  0.32E+05  0.18E+03
       Cl  5 5   0.77E+00  0.19E+00  0.18E+01  0.12E+03  0.22E+02
       Cl  6 5   0.80E+00  0.19E+00  0.19E+01  0.12E+03  0.23E+02
       Cl  6 6   0.83E+00  0.20E+00  0.19E+01  0.12E+03  0.23E+02
       H   1 1   0.39E+02  0.19E+00  0.29E+00  0.78E+05  0.13E+02
       H   2 1   0.41E+02  0.21E+00  0.32E+00  0.82E+05  0.14E+02
       H   2 2   0.43E+02  0.22E+00  0.36E+00  0.86E+05  0.15E+02
     ------------------------------------------------------------

     alpha_pv=     33.9524 eV

     Number of occupied bands for each k-point:
     k-point:     1    nbnd_occ=  42
     k-point:     2    nbnd_occ=  42
     k-point:     3    nbnd_occ=  42
     k-point:     4    nbnd_occ=  42
     k-point:     5    nbnd_occ=  42
     k-point:     6    nbnd_occ=  42
     k-point:     7    nbnd_occ=  42
     k-point:     8    nbnd_occ=  42
     k-point:     9    nbnd_occ=  42
     k-point:    10    nbnd_occ=  42
     k-point:    11    nbnd_occ=  42
     k-point:    12    nbnd_occ=  42
     k-point:    13    nbnd_occ=  42
     k-point:    14    nbnd_occ=  42
     k-point:    15    nbnd_occ=  42
     k-point:    16    nbnd_occ=  42


     q-space interpolation up to   110.00 Rydberg

     GIPAW job: efg                                                                             


     ELECTRIC FIELD GRADIENTS TENSORS IN Hartree/bohrradius^2:

     ----- bare term -----
     Cl   1        0.161571        0.023263       -0.072942
     Cl   1        0.023263       -0.124931        0.243617
     Cl   1       -0.072942        0.243617       -0.036640

     C    2       -0.515945        0.363879       -0.197493
     C    2        0.363879        0.124570       -0.293739
     C    2       -0.197493       -0.293739        0.391375

     C    3        0.018854       -0.174772       -0.276468
     C    3       -0.174772       -0.054494       -0.674920
     C    3       -0.276468       -0.674920        0.035639

     H    4        0.039549        0.038505       -0.518419
     H    4        0.038505        0.231060        0.231214
     H    4       -0.518419        0.231214       -0.270609

     C    5       -0.584999        0.331471       -0.172937
     C    5        0.331471        0.203233       -0.173579
     C    5       -0.172937       -0.173579        0.381766

     H    6        0.439114        0.058836       -0.222111
     H    6        0.058836       -0.339273       -0.416509
     H    6       -0.222111       -0.416509       -0.099841

     H    7        0.153253        0.236620       -0.396684
     H    7        0.236620       -0.066622        0.486560
     H    7       -0.396684        0.486560       -0.086631

     C    8        0.018498       -0.546609        0.110523
     C    8       -0.546609       -0.482515        0.358869
     C    8        0.110523        0.358869        0.464017

     H    9       -0.194859        0.137287       -0.641220
     H    9        0.137287        0.440533        0.140301
     H    9       -0.641220        0.140301       -0.245674

     C   10       -0.177291       -0.144850       -0.293449
     C   10       -0.144850       -0.091253        0.383206
     C   10       -0.293449        0.383206        0.268544

     C   11        0.047580       -0.453308       -0.129151
     C   11       -0.453308       -0.267941        0.523284
     C   11       -0.129151        0.523284        0.220361

     Cl  12       -0.075114       -0.044827       -0.122794
     Cl  12       -0.044827       -0.049541        0.119389
     Cl  12       -0.122794        0.119389        0.124655

     H   13        0.427160        0.029837        0.146278
     H   13        0.029837       -0.107382       -0.556556
     H   13        0.146278       -0.556556       -0.319778

     C   14       -0.049797       -0.135973       -0.534375
     C   14       -0.135973       -0.147048       -0.384783
     C   14       -0.534375       -0.384783        0.196845

     H   15        0.054887       -0.121586       -0.262562
     H   15       -0.121586        0.506937       -0.004146
     H   15       -0.262562       -0.004146       -0.561823

     C   16       -0.075646        0.454748       -0.282457
     C   16        0.454748       -0.245609       -0.121742
     C   16       -0.282457       -0.121742        0.321256

     C   17        0.126391       -0.326865       -0.601159
     C   17       -0.326865       -0.238132       -0.571029
     C   17       -0.601159       -0.571029        0.111741

     Cl  18        0.033368        0.326451       -0.017070
     Cl  18        0.326451       -0.159933       -0.016036
     Cl  18       -0.017070       -0.016036        0.126565

     H   19        0.428094        0.035944       -0.062411
     H   19        0.035944       -0.534449        0.613551
     H   19       -0.062411        0.613551        0.106355

     C   20       -0.689888       -0.426117       -0.461958
     C   20       -0.426117        0.436079        0.124142
     C   20       -0.461958        0.124142        0.253809

     H   21       -0.311988        0.203815       -0.557331
     H   21        0.203815        0.253522        0.065444
     H   21       -0.557331        0.065444        0.058465

     C   22        0.111409       -0.478246        0.034572
     C   22       -0.478246       -0.322475        0.525227
     C   22        0.034572        0.525227        0.211067

     C   23       -0.531385       -0.243967       -0.337259
     C   23       -0.243967        0.226845        0.099062
     C   23       -0.337259        0.099062        0.304541

     Cl  24       -0.028049       -0.066458        0.015780
     Cl  24       -0.066458       -0.011430       -0.021139
     Cl  24        0.015780       -0.021139        0.039479

     ----- ionic term -----
     Cl   1        0.077018       -0.237197        0.074379
     Cl   1       -0.237197        0.063437       -0.051584
     Cl   1        0.074379       -0.051584       -0.140455

     C    2        0.022648       -0.307970        0.384584
     C    2       -0.307970        0.136775        0.292081
     C    2        0.384584        0.292081       -0.159423

     C    3        0.061495       -0.336972        0.255005
     C    3       -0.336972        0.180208        0.369970
     C    3        0.255005        0.369970       -0.241703

     H    4        0.301123        0.216096        0.778093
     H    4        0.216096       -0.436517        0.269212
     H    4        0.778093        0.269212        0.135394

     C    5        0.262792       -0.347880        0.337033
     C    5       -0.347880        0.005834        0.248441
     C    5        0.337033        0.248441       -0.268626

     H    6       -0.498737       -0.026035        0.004007
     H    6       -0.026035        0.526039        0.751790
     H    6        0.004007        0.751790       -0.027302

     H    7       -0.504658       -0.170315        0.146141
     H    7       -0.170315        0.519741       -0.769699
     H    7        0.146141       -0.769699       -0.015083

     C    8        0.280831        0.180510        0.279935
     C    8        0.180510       -0.009020       -0.322688
     C    8        0.279935       -0.322688       -0.271811

     H    9        0.387831       -0.194485        0.821779
     H    9       -0.194485       -0.529738       -0.232439
     H    9        0.821779       -0.232439        0.141907

     C   10        0.066352        0.248005        0.186292
     C   10        0.248005        0.119402       -0.438137
     C   10        0.186292       -0.438137       -0.185754

     C   11        0.225869        0.227952        0.223388
     C   11        0.227952        0.041573       -0.435909
     C   11        0.223388       -0.435909       -0.267442

     Cl  12        0.105300        0.212924       -0.044800
     Cl  12        0.212924        0.034151       -0.030599
     Cl  12       -0.044800       -0.030599       -0.139451

     H   13       -0.517893        0.182474        0.145685
     H   13        0.182474        0.582167        0.731937
     H   13        0.145685        0.731937       -0.064274

     C   14        0.156778       -0.267859        0.351036
     C   14       -0.267859        0.017701        0.248809
     C   14        0.351036        0.248809       -0.174479

     H   15        0.512350        0.130649        0.778882
     H   15        0.130649       -0.517881        0.168547
     H   15        0.778882        0.168547        0.005531

     C   16        0.090815       -0.325625        0.228338
     C   16       -0.325625        0.096551        0.367050
     C   16        0.228338        0.367050       -0.187367

     C   17        0.149218       -0.287014        0.282216
     C   17       -0.287014        0.018948        0.398650
     C   17        0.282216        0.398650       -0.168166

     Cl  18        0.122797       -0.211353       -0.001265
     Cl  18       -0.211353        0.018316        0.015492
     Cl  18       -0.001265        0.015492       -0.141113

     H   19       -0.470006       -0.223692        0.138365
     H   19       -0.223692        0.669426       -0.685192
     H   19        0.138365       -0.685192       -0.199420

     C   20        0.334080        0.179861        0.280253
     C   20        0.179861       -0.000640       -0.296938
     C   20        0.280253       -0.296938       -0.333439

     H   21        0.430327       -0.317370        0.734363
     H   21       -0.317370       -0.398626       -0.313504
     H   21        0.734363       -0.313504       -0.031702

     C   22        0.065444        0.202342        0.188752
     C   22        0.202342        0.160060       -0.472159
     C   22        0.188752       -0.472159       -0.225504

     C   23        0.162570        0.182187        0.271768
     C   23        0.182187        0.082839       -0.442193
     C   23        0.271768       -0.442193       -0.245409

     Cl  24        0.115222        0.205995        0.001684
     Cl  24        0.205995        0.017527       -0.012697
     Cl  24        0.001684       -0.012697       -0.132749

     ----- GIPAW term -----
     Cl   1       -0.257919       -0.821680       -0.501053
     Cl   1       -0.821680        0.340057       -1.543530
     Cl   1       -0.501053       -1.543530       -0.082138

     C    2       -0.062544       -0.177773        0.007223
     C    2       -0.177773        0.181900       -0.068989
     C    2        0.007223       -0.068989       -0.119357

     C    3       -0.074038       -0.170328       -0.005561
     C    3       -0.170328        0.168643       -0.176204
     C    3       -0.005561       -0.176204       -0.094605

     H    4       -0.000000        0.000000        0.000000
     H    4        0.000000        0.000000        0.000000
     H    4        0.000000        0.000000        0.000000

     C    5       -0.050323       -0.170271        0.010441
     C    5       -0.170271        0.161589       -0.000180
     C    5        0.010441       -0.000180       -0.111266

     H    6       -0.000000        0.000000        0.000000
     H    6        0.000000        0.000000        0.000000
     H    6        0.000000        0.000000        0.000000

     H    7       -0.000000        0.000000        0.000000
     H    7        0.000000        0.000000        0.000000
     H    7        0.000000        0.000000        0.000000

     C    8        0.080879       -0.186650        0.192111
     C    8       -0.186650       -0.168813       -0.026945
     C    8        0.192111       -0.026945        0.087934

     H    9       -0.000000        0.000000        0.000000
     H    9        0.000000        0.000000        0.000000
     H    9        0.000000        0.000000        0.000000

     C   10        0.088970       -0.064162        0.030268
     C   10       -0.064162       -0.066984        0.024472
     C   10        0.030268        0.024472       -0.021987

     C   11        0.197304       -0.111377       -0.016568
     C   11       -0.111377       -0.053289        0.071773
     C   11       -0.016568        0.071773       -0.144014

     Cl  12        0.644354        1.548577       -1.291207
     Cl  12        1.548577       -0.556177        1.104465
     Cl  12       -1.291207        1.104465       -0.088176

     H   13       -0.000000        0.000000        0.000000
     H   13        0.000000        0.000000        0.000000
     H   13        0.000000        0.000000        0.000000

     C   14        0.111260       -0.086887       -0.240177
     C   14       -0.086887       -0.154782       -0.023422
     C   14       -0.240177       -0.023422        0.043522

     H   15       -0.000000        0.000000        0.000000
     H   15        0.000000        0.000000        0.000000
     H   15        0.000000        0.000000        0.000000

     C   16        0.080767        0.026636       -0.192712
     C   16        0.026636       -0.132749        0.025487
     C   16       -0.192712        0.025487        0.051982

     C   17        0.202751       -0.216662       -0.203067
     C   17       -0.216662       -0.106515       -0.037224
     C   17       -0.203067       -0.037224       -0.096236

     Cl  18        2.836103       -0.775266       -0.179143
     Cl  18       -0.775266       -1.215638       -0.066685
     Cl  18       -0.179143       -0.066685       -1.620464

     H   19       -0.000000        0.000000        0.000000
     H   19        0.000000        0.000000        0.000000
     H   19        0.000000        0.000000        0.000000

     C   20       -0.103351       -0.222142       -0.034610
     C   20       -0.222142        0.206018       -0.041569
     C   20       -0.034610       -0.041569       -0.102667

     H   21       -0.000000        0.000000        0.000000
     H   21        0.000000        0.000000        0.000000
     H   21        0.000000        0.000000        0.000000

     C   22       -0.048224       -0.183423        0.079182
     C   22       -0.183423        0.135571       -0.073691
     C   22        0.079182       -0.073691       -0.087347

     C   23       -0.021629       -0.107129        0.096660
     C   23       -0.107129        0.069502       -0.156803
     C   23        0.096660       -0.156803       -0.047873

     Cl  24        0.202892       -0.114518        1.162727
     Cl  24       -0.114518        0.658834       -1.824675
     Cl  24        1.162727       -1.824675       -0.861725

     ----- total EFG -----
     Cl   1       -0.019330       -1.035614       -0.499616
     Cl   1       -1.035614        0.278563       -1.351497
     Cl   1       -0.499616       -1.351497       -0.259233

     C    2       -0.555841       -0.121864        0.194313
     C    2       -0.121864        0.443245       -0.070646
     C    2        0.194313       -0.070646        0.112596

     C    3        0.006311       -0.682072       -0.027024
     C    3       -0.682072        0.294357       -0.481154
     C    3       -0.027024       -0.481154       -0.300668

     H    4        0.340672        0.254601        0.259674
     H    4        0.254601       -0.205457        0.500425
     H    4        0.259674        0.500425       -0.135215

     C    5       -0.372530       -0.186681        0.174537
     C    5       -0.186681        0.370656        0.074682
     C    5        0.174537        0.074682        0.001875

     H    6       -0.059623        0.032801       -0.218104
     H    6        0.032801        0.186766        0.335281
     H    6       -0.218104        0.335281       -0.127143

     H    7       -0.351405        0.066305       -0.250543
     H    7        0.066305        0.453119       -0.283140
     H    7       -0.250543       -0.283140       -0.101714

     C    8        0.380208       -0.552749        0.582569
     C    8       -0.552749       -0.660348        0.009236
     C    8        0.582569        0.009236        0.280141

     H    9        0.192972       -0.057198        0.180559
     H    9       -0.057198       -0.089205       -0.092138
     H    9        0.180559       -0.092138       -0.103768

     C   10       -0.021968        0.038993       -0.076889
     C   10        0.038993       -0.038835       -0.030459
     C   10       -0.076889       -0.030459        0.060803

     C   11        0.470753       -0.336734        0.077670
     C   11       -0.336734       -0.279657        0.159148
     C   11        0.077670        0.159148       -0.191096

     Cl  12        0.674540        1.716673       -1.458801
     Cl  12        1.716673       -0.571568        1.193255
     Cl  12       -1.458801        1.193255       -0.102972

     H   13       -0.090733        0.212311        0.291963
     H   13        0.212311        0.474785        0.175381
     H   13        0.291963        0.175381       -0.384052

     C   14        0.218241       -0.490720       -0.423516
     C   14       -0.490720       -0.284129       -0.159397
     C   14       -0.423516       -0.159397        0.065888

     H   15        0.567237        0.009063        0.516320
     H   15        0.009063       -0.010944        0.164401
     H   15        0.516320        0.164401       -0.556293

     C   16        0.095936        0.155759       -0.246831
     C   16        0.155759       -0.281807        0.270796
     C   16       -0.246831        0.270796        0.185871

     C   17        0.478360       -0.830541       -0.522010
     C   17       -0.830541       -0.325699       -0.209603
     C   17       -0.522010       -0.209603       -0.152661

     Cl  18        2.992268       -0.660168       -0.197478
     Cl  18       -0.660168       -1.357256       -0.067228
     Cl  18       -0.197478       -0.067228       -1.635012

     H   19       -0.041912       -0.187748        0.075954
     H   19       -0.187748        0.134977       -0.071640
     H   19        0.075954       -0.071640       -0.093065

     C   20       -0.459160       -0.468398       -0.216315
     C   20       -0.468398        0.641456       -0.214365
     C   20       -0.216315       -0.214365       -0.182297

     H   21        0.118339       -0.113555        0.177031
     H   21       -0.113555       -0.145103       -0.248060
     H   21        0.177031       -0.248060        0.026764

     C   22        0.128629       -0.459328        0.302506
     C   22       -0.459328       -0.026844       -0.020623
     C   22        0.302506       -0.020623       -0.101785

     C   23       -0.390444       -0.168909        0.031170
     C   23       -0.168909        0.379186       -0.499935
     C   23        0.031170       -0.499935        0.011259

     Cl  24        0.290065        0.025019        1.180191
     Cl  24        0.025019        0.664930       -1.858511
     Cl  24        1.180191       -1.858511       -0.954995

     ----- total EFG (symmetrized) -----
     Cl   1       -0.019330       -1.035614       -0.499616
     Cl   1       -1.035614        0.278563       -1.351497
     Cl   1       -0.499616       -1.351497       -0.259233

     C    2       -0.555841       -0.121864        0.194313
     C    2       -0.121864        0.443245       -0.070646
     C    2        0.194313       -0.070646        0.112596

     C    3        0.006311       -0.682072       -0.027024
     C    3       -0.682072        0.294357       -0.481154
     C    3       -0.027024       -0.481154       -0.300668

     H    4        0.340672        0.254601        0.259674
     H    4        0.254601       -0.205457        0.500425
     H    4        0.259674        0.500425       -0.135215

     C    5       -0.372530       -0.186681        0.174537
     C    5       -0.186681        0.370656        0.074682
     C    5        0.174537        0.074682        0.001875

     H    6       -0.059623        0.032801       -0.218104
     H    6        0.032801        0.186766        0.335281
     H    6       -0.218104        0.335281       -0.127143

     H    7       -0.351405        0.066305       -0.250543
     H    7        0.066305        0.453119       -0.283140
     H    7       -0.250543       -0.283140       -0.101714

     C    8        0.380208       -0.552749        0.582569
     C    8       -0.552749       -0.660348        0.009236
     C    8        0.582569        0.009236        0.280141

     H    9        0.192972       -0.057198        0.180559
     H    9       -0.057198       -0.089205       -0.092138
     H    9        0.180559       -0.092138       -0.103768

     C   10       -0.021968        0.038993       -0.076889
     C   10        0.038993       -0.038835       -0.030459
     C   10       -0.076889       -0.030459        0.060803

     C   11        0.470753       -0.336734        0.077670
     C   11       -0.336734       -0.279657        0.159148
     C   11        0.077670        0.159148       -0.191096

     Cl  12        0.674540        1.716673       -1.458801
     Cl  12        1.716673       -0.571568        1.193255
     Cl  12       -1.458801        1.193255       -0.102972

     H   13       -0.090733        0.212311        0.291963
     H   13        0.212311        0.474785        0.175381
     H   13        0.291963        0.175381       -0.384052

     C   14        0.218241       -0.490720       -0.423516
     C   14       -0.490720       -0.284129       -0.159397
     C   14       -0.423516       -0.159397        0.065888

     H   15        0.567237        0.009063        0.516320
     H   15        0.009063       -0.010944        0.164401
     H   15        0.516320        0.164401       -0.556293

     C   16        0.095936        0.155759       -0.246831
     C   16        0.155759       -0.281807        0.270796
     C   16       -0.246831        0.270796        0.185871

     C   17        0.478360       -0.830541       -0.522010
     C   17       -0.830541       -0.325699       -0.209603
     C   17       -0.522010       -0.209603       -0.152661

     Cl  18        2.992268       -0.660168       -0.197478
     Cl  18       -0.660168       -1.357256       -0.067228
     Cl  18       -0.197478       -0.067228       -1.635012

     H   19       -0.041912       -0.187748        0.075954
     H   19       -0.187748        0.134977       -0.071640
     H   19        0.075954       -0.071640       -0.093065

     C   20       -0.459160       -0.468398       -0.216315
     C   20       -0.468398        0.641456       -0.214365
     C   20       -0.216315       -0.214365       -0.182297

     H   21        0.118339       -0.113555        0.177031
     H   21       -0.113555       -0.145103       -0.248060
     H   21        0.177031       -0.248060        0.026764

     C   22        0.128629       -0.459328        0.302506
     C   22       -0.459328       -0.026844       -0.020623
     C   22        0.302506       -0.020623       -0.101785

     C   23       -0.390444       -0.168909        0.031170
     C   23       -0.168909        0.379186       -0.499935
     C   23        0.031170       -0.499935        0.011259

     Cl  24        0.290065        0.025019        1.180191
     Cl  24        0.025019        0.664930       -1.858511
     Cl  24        1.180191       -1.858511       -0.954995


     NQR/NMR SPECTROSCOPIC PARAMETERS:
     Cl   1    Vxx=    0.3743    axis=(  0.794022 -0.008589 -0.607828)
     Cl   1    Vyy=    1.5781    axis=(  0.363362 -0.794900  0.485903)
     Cl   1    Vzz=   -1.9524    axis=(  0.487336  0.606680  0.628047)
     Cl   1  Q=        -8.1650 1e-30 m^2  Cq=        37.4563 MHz  eta= 0.61655

     C    2    Vxx=    0.1340    axis=(  0.210234  0.295738  0.931848)
     C    2    Vyy=    0.4836    axis=( -0.161053  0.950604 -0.265356)
     C    2    Vzz=   -0.6176    axis=( -0.964294 -0.094290  0.247478)
     C    2  Q=         1.0000 1e-30 m^2  Cq=        -1.4512 MHz  eta= 0.56604

     C    3    Vxx=   -0.1575    axis=( -0.645180 -0.184350  0.741457)
     C    3    Vyy=   -0.7972    axis=(  0.526389  0.596128  0.606255)
     C    3    Vzz=    0.9548    axis=(  0.553766 -0.781439  0.287570)
     C    3  Q=         1.0000 1e-30 m^2  Cq=         2.2433 MHz  eta= 0.67003

     H    4    Vxx=   -0.0275    axis=(  0.702446 -0.477993 -0.527344)
     H    4    Vyy=   -0.6721    axis=( -0.010387  0.733962 -0.679111)
     H    4    Vzz=    0.6996    axis=(  0.711661  0.482517  0.510604)
     H    4  Q=         1.0000 1e-30 m^2  Cq=         1.6438 MHz  eta= 0.92133

     C    5    Vxx=    0.0706    axis=(  0.367494 -0.002838  0.930022)
     C    5    Vyy=    0.4177    axis=( -0.210945  0.973679  0.086326)
     C    5    Vzz=   -0.4883    axis=( -0.905787 -0.227908  0.357222)
     C    5  Q=         1.0000 1e-30 m^2  Cq=        -1.1474 MHz  eta= 0.71080

     H    6    Vxx=    0.0289    axis=(  0.858731  0.426125 -0.284602)
     H    6    Vyy=    0.4188    axis=( -0.205536  0.795195  0.570455)
     H    6    Vzz=   -0.4477    axis=(  0.469399 -0.431372  0.770443)
     H    6  Q=         1.0000 1e-30 m^2  Cq=        -1.0520 MHz  eta= 0.87074

     H    7    Vxx=   -0.0832    axis=( -0.551623  0.441749  0.707510)
     H    7    Vyy=   -0.5167    axis=(  0.815964  0.109908  0.567558)
     H    7    Vzz=    0.5999    axis=( -0.172957 -0.890381  0.421079)
     H    7  Q=         1.0000 1e-30 m^2  Cq=         1.4095 MHz  eta= 0.72276

     C    8    Vxx=   -0.0641    axis=( -0.461952  0.440178  0.769964)
     C    8    Vyy=   -0.9536    axis=(  0.454175  0.863086 -0.220925)
     C    8    Vzz=    1.0177    axis=( -0.761791  0.247641 -0.598622)
     C    8  Q=         1.0000 1e-30 m^2  Cq=         2.3911 MHz  eta= 0.87403

     H    9    Vxx=   -0.0804    axis=(  0.395625  0.858138 -0.327232)
     H    9    Vyy=   -0.2196    axis=( -0.302328  0.458130  0.835891)
     H    9    Vzz=    0.3000    axis=(  0.867225 -0.231768  0.440687)
     H    9  Q=         1.0000 1e-30 m^2  Cq=         0.7049 MHz  eta= 0.46375

     C   10    Vxx=   -0.0413    axis=(  0.334041  0.804178  0.491644)
     C   10    Vyy=   -0.0790    axis=( -0.789507  0.523650 -0.320109)
     C   10    Vzz=    0.1203    axis=( -0.514874 -0.281227  0.809825)
     C   10  Q=         1.0000 1e-30 m^2  Cq=         0.2826 MHz  eta= 0.31386

     C   11    Vxx=   -0.0929    axis=(  0.156009  0.462455  0.872809)
     C   11    Vyy=   -0.5071    axis=(  0.318628  0.812831 -0.487629)
     C   11    Vzz=    0.6000    axis=( -0.934953  0.354176 -0.020542)
     C   11  Q=         1.0000 1e-30 m^2  Cq=         1.4098 MHz  eta= 0.69038

     Cl  12    Vxx=    0.8781    axis=(  0.019029  0.648745  0.760768)
     Cl  12    Vyy=    2.0743    axis=( -0.849270 -0.391050  0.354710)
     Cl  12    Vzz=   -2.9524    axis=(  0.527615 -0.652847  0.543519)
     Cl  12  Q=        -8.1650 1e-30 m^2  Cq=        56.6397 MHz  eta= 0.40516

     H   13    Vxx=   -0.0513    axis=(  0.773771 -0.458094  0.437526)
     H   13    Vyy=   -0.5657    axis=(  0.509979  0.040768 -0.859220)
     H   13    Vzz=    0.6170    axis=(  0.375766  0.887969  0.265163)
     H   13  Q=         1.0000 1e-30 m^2  Cq=         1.4497 MHz  eta= 0.83359

     C   14    Vxx=    0.0807    axis=(  0.201554 -0.606970  0.768741)
     C   14    Vyy=    0.6717    axis=(  0.811056 -0.336604 -0.478419)
     C   14    Vzz=   -0.7524    axis=( -0.549148 -0.719920 -0.424443)
     C   14  Q=         1.0000 1e-30 m^2  Cq=        -1.7679 MHz  eta= 0.78549

     H   15    Vxx=    0.0121    axis=(  0.151224 -0.977743 -0.145429)
     H   15    Vyy=    0.7745    axis=(  0.924951  0.088064  0.369743)
     H   15    Vzz=   -0.7866    axis=( -0.348706 -0.190428  0.917682)
     H   15  Q=         1.0000 1e-30 m^2  Cq=        -1.8482 MHz  eta= 0.96922

     C   16    Vxx=    0.0959    axis=(  0.746619  0.562529  0.355136)
     C   16    Vyy=    0.4138    axis=( -0.538761  0.198128  0.818830)
     C   16    Vzz=   -0.5097    axis=(  0.390253 -0.802687  0.450994)
     C   16  Q=         1.0000 1e-30 m^2  Cq=        -1.1976 MHz  eta= 0.62375

     C   17    Vxx=   -0.0127    axis=( -0.010710 -0.536641  0.843743)
     C   17    Vyy=   -1.0823    axis=(  0.532132  0.711330  0.459178)
     C   17    Vzz=    1.0950    axis=( -0.846594  0.453900  0.277946)
     C   17  Q=         1.0000 1e-30 m^2  Cq=         2.5729 MHz  eta= 0.97676

     Cl  18    Vxx=   -1.4152    axis=( -0.119606 -0.914285  0.387012)
     Cl  18    Vyy=   -1.6824    axis=(  0.092284  0.377885  0.921242)
     Cl  18    Vzz=    3.0975    axis=( -0.988523  0.145901  0.039176)
     Cl  18  Q=        -8.1650 1e-30 m^2  Cq=       -59.4246 MHz  eta= 0.08627

     H   19    Vxx=   -0.1086    axis=(  0.231451  0.434390  0.870480)
     H   19    Vyy=   -0.1729    axis=( -0.815943 -0.400588  0.416853)
     H   19    Vzz=    0.2815    axis=(  0.529781 -0.806743  0.261721)
     H   19  Q=         1.0000 1e-30 m^2  Cq=         0.6614 MHz  eta= 0.22831

     C   20    Vxx=   -0.0650    axis=( -0.453165 -0.030121  0.890918)
     C   20    Vyy=   -0.7654    axis=(  0.832377  0.343402  0.434998)
     C   20    Vzz=    0.8305    axis=( -0.319045  0.938706 -0.130545)
     C   20  Q=         1.0000 1e-30 m^2  Cq=         1.9513 MHz  eta= 0.84341

     H   21    Vxx=   -0.0533    axis=(  0.773445  0.391057 -0.498855)
     H   21    Vyy=   -0.3220    axis=( -0.028498  0.807665  0.588952)
     H   21    Vzz=    0.3752    axis=( -0.633222  0.441306 -0.635829)
     H   21  Q=         1.0000 1e-30 m^2  Cq=         0.8817 MHz  eta= 0.71615

     C   22    Vxx=   -0.0975    axis=(  0.050223  0.566453  0.822562)
     C   22    Vyy=   -0.5077    axis=(  0.653173  0.604422 -0.456113)
     C   22    Vzz=    0.6052    axis=(  0.755541 -0.560182  0.339636)
     C   22  Q=         1.0000 1e-30 m^2  Cq=         1.4219 MHz  eta= 0.67772

     C   23    Vxx=   -0.2951    axis=(  0.510482 -0.425945 -0.746980)
     C   23    Vyy=   -0.4543    axis=( -0.848994 -0.387503 -0.359236)
     C   23    Vzz=    0.7495    axis=( -0.136442  0.817565 -0.559438)
     C   23  Q=         1.0000 1e-30 m^2  Cq=         1.7609 MHz  eta= 0.21246

     Cl  24    Vxx=    0.4116    axis=(  0.866758  0.492465  0.078801)
     Cl  24    Vyy=    2.1265    axis=(  0.362265 -0.730278  0.579187)
     Cl  24    Vzz=   -2.5381    axis=(  0.342776 -0.473468 -0.811377)
     Cl  24  Q=        -8.1650 1e-30 m^2  Cq=        48.6920 MHz  eta= 0.67568

     Initialization:
     gipaw_setup  :      9.25s CPU     10.96s WALL (       1 calls)

     Linear response

     Apply operators

     Induced current

     Other routines
     efg          :      9.77s CPU     12.00s WALL (       1 calls)

     General routines
     calbec       :      3.18s CPU      4.08s WALL (      16 calls)
     fft          :      1.50s CPU      1.96s WALL (      15 calls)
     ffts         :      0.03s CPU      0.05s WALL (       2 calls)
     fftw         :      3.70s CPU      4.51s WALL (     672 calls)
     davcio       :      0.05s CPU      0.35s WALL (      32 calls)

     Parallel routines
     fft_scatter  :      2.47s CPU      3.50s WALL (     689 calls)

     Plugins

     GIPAW        :     63.02s CPU     77.00s WALL (       1 calls)
