
     Program QE v.6.0 (svn rev. 13079) starts on 17Dec2016 at 19:10:29 

     This program is part of the open-source Quantum ESPRESSO suite
     for quantum simulation of materials; please cite
         "P. Giannozzi et al., J. Phys.:Condens. Matter 21 395502 (2009);
          URL http://www.quantum-espresso.org", 
     in publications or presentations arising from this work. More details at
     http://www.quantum-espresso.org/quote

     Parallel version (MPI), running on     8 processors
     R & G space division:  proc/nbgrp/npool/nimage =       8

     ***** This is GIPAW svn revision unknown      *****

     Parallelizing q-star over 1 images

     Reading data from directory:
     /users/majewski/paradichlorobenzene/pbe/9_constraint/scratch/pbe.ecut100.np8.dt60.pcl2phi-129368.save
     Message from routine read_xml_file:
     file /users/majewski/paradichlorobenzene/pbe/9_constraint/scratch/pbe.ecut100.np8.dt60.pcl2phi-129368.save not guaranteed to be safe for post-processing

   Info: using nr1, nr2, nr3 values from input

   Info: using nr1, nr2, nr3 values from input

     IMPORTANT: XC functional enforced from input :
     Exchange-correlation      =  SLA  PW   PBX  PBC ( 1  4  3  4 0 0)
     Any further DFT definition will be discarded
     Please, verify this is what you really want

               file C.pbe-n-kjpaw_psl.1.0.0.UPF: wavefunction(s)  2S 2P renormalized
               file Cl.pbe-n-kjpaw_psl.1.0.0.UPF: wavefunction(s)  3S 3P renormalized
               file H.pbe-kjpaw_psl.1.0.0.UPF: wavefunction(s)  1S renormalized

     Parallelization info
     --------------------
     sticks:   dense  smooth     PW     G-vecs:    dense   smooth      PW
     Min        3057    1223    332               144436    36536    5170
     Max        3059    1225    333               144437    36537    5171
     Sum       24467    9791   2657              1155489   292295   41363


     Subspace diagonalization in iterative solution of the eigenvalue problem:
     a serial algorithm will be used

     GIPAW projectors -----------------------------------------------
     atom=  C    l=0  rc=    1.2000  rs=    0.8000
     atom=  C    l=0  rc=    1.2000  rs=    0.8000
     atom=  C    l=1  rc=    1.4000  rs=    0.9333
     atom=  C    l=1  rc=    1.4000  rs=    0.9333
     projs nearly linearly dependent: l=1  n1,n2= 1, 2  s=  0.99951561

     atom=  Cl   l=0  rc=    1.6000  rs=    1.0667
     atom=  Cl   l=0  rc=    1.6000  rs=    1.0667
     atom=  Cl   l=1  rc=    1.6000  rs=    1.0667
     atom=  Cl   l=1  rc=    1.6000  rs=    1.0667
     atom=  Cl   l=2  rc=    1.6000  rs=    1.0667
     atom=  Cl   l=2  rc=    1.6000  rs=    1.0667
     projs nearly linearly dependent: l=2  n1,n2= 1, 2  s=  0.99993509

     atom=  H    l=0  rc=    1.0000  rs=    0.6667
     atom=  H    l=0  rc=    1.0000  rs=    0.6667
     projs nearly linearly dependent: l=0  n1,n2= 1, 2  s=  0.99968852
     -----------------------------------------------------------------

     GIPAW integrals: -------------------------------------------
     Atom  i/j   nmr_para   nmr_dia   epr_rmc  epr_para   epr_dia
       C   1 1   0.83E+03  0.17E-01  0.93E+01  0.24E+08  0.24E+03
       C   2 1   0.86E+03 -0.61E-01  0.94E+01  0.25E+08  0.25E+03
       C   2 2   0.90E+03 -0.15E+00  0.97E+01  0.26E+08  0.26E+03
       C   3 3   0.33E+01  0.34E+00  0.18E+01  0.55E+03  0.21E+02
       C   4 3   0.35E+01  0.37E+00  0.20E+01  0.59E+03  0.22E+02
       C   4 4   0.38E+01  0.39E+00  0.22E+01  0.63E+03  0.24E+02
       Cl  1 1   0.14E+04 -0.47E+00  0.84E+01  0.32E+09  0.42E+03
       Cl  2 1   0.21E+04 -0.37E+00  0.12E+02  0.49E+09  0.65E+03
       Cl  2 2   0.33E+04 -0.16E+00  0.21E+02  0.76E+09  0.10E+04
       Cl  3 3   0.21E+02  0.79E-01  0.89E+01  0.23E+05  0.13E+03
       Cl  4 3   0.24E+02  0.67E-01  0.99E+01  0.27E+05  0.15E+03
       Cl  4 4   0.28E+02  0.44E-01  0.11E+02  0.32E+05  0.18E+03
       Cl  5 5   0.77E+00  0.19E+00  0.18E+01  0.12E+03  0.22E+02
       Cl  6 5   0.80E+00  0.19E+00  0.19E+01  0.12E+03  0.23E+02
       Cl  6 6   0.83E+00  0.20E+00  0.19E+01  0.12E+03  0.23E+02
       H   1 1   0.39E+02  0.19E+00  0.29E+00  0.78E+05  0.13E+02
       H   2 1   0.41E+02  0.21E+00  0.32E+00  0.82E+05  0.14E+02
       H   2 2   0.43E+02  0.22E+00  0.36E+00  0.86E+05  0.15E+02
     ------------------------------------------------------------

     alpha_pv=     34.5002 eV

     Number of occupied bands for each k-point:
     k-point:     1    nbnd_occ=  42
     k-point:     2    nbnd_occ=  42
     k-point:     3    nbnd_occ=  42
     k-point:     4    nbnd_occ=  42
     k-point:     5    nbnd_occ=  42
     k-point:     6    nbnd_occ=  42
     k-point:     7    nbnd_occ=  42
     k-point:     8    nbnd_occ=  42
     k-point:     9    nbnd_occ=  42
     k-point:    10    nbnd_occ=  42
     k-point:    11    nbnd_occ=  42
     k-point:    12    nbnd_occ=  42
     k-point:    13    nbnd_occ=  42
     k-point:    14    nbnd_occ=  42
     k-point:    15    nbnd_occ=  42
     k-point:    16    nbnd_occ=  42


     q-space interpolation up to   110.00 Rydberg

     GIPAW job: efg                                                                             


     ELECTRIC FIELD GRADIENTS TENSORS IN Hartree/bohrradius^2:

     ----- bare term -----
     Cl   1        0.000833        0.043151       -0.094927
     Cl   1        0.043151        0.023139       -0.089070
     Cl   1       -0.094927       -0.089070       -0.023972

     C    2       -0.226911        0.302537       -0.236982
     C    2        0.302537       -0.149252       -0.365594
     C    2       -0.236982       -0.365594        0.376162

     C    3       -0.078973        0.103801       -0.211801
     C    3        0.103801       -0.053347       -0.672920
     C    3       -0.211801       -0.672920        0.132320

     H    4       -0.125148       -0.059809       -0.555882
     H    4       -0.059809        0.321095        0.070734
     H    4       -0.555882        0.070734       -0.195946

     C    5       -0.591623        0.307124       -0.242542
     C    5        0.307124        0.348783       -0.140163
     C    5       -0.242542       -0.140163        0.242840

     H    6        0.312636       -0.084066        0.332010
     H    6       -0.084066        0.028301       -0.279938
     H    6        0.332010       -0.279938       -0.340937

     H    7        0.262894       -0.177257        0.010043
     H    7       -0.177257       -0.504221        0.443804
     H    7        0.010043        0.443804        0.241327

     C    8       -0.326236       -0.132024       -0.325452
     C    8       -0.132024       -0.037126        0.534619
     C    8       -0.325452        0.534619        0.363362

     H    9       -0.111918        0.360178       -0.431829
     H    9        0.360178       -0.054693        0.402777
     H    9       -0.431829        0.402777        0.166610

     C   10       -0.691147       -0.400148       -0.305500
     C   10       -0.400148        0.340097        0.173531
     C   10       -0.305500        0.173531        0.351050

     C   11        0.047534       -0.360957       -0.064662
     C   11       -0.360957       -0.080538        0.573915
     C   11       -0.064662        0.573915        0.033003

     Cl  12       -0.147184       -0.174799        0.048547
     Cl  12       -0.174799        0.069415       -0.146492
     Cl  12        0.048547       -0.146492        0.077769

     H   13        0.063980        0.164907        0.353055
     H   13        0.164907        0.031283       -0.438234
     H   13        0.353055       -0.438234       -0.095263

     C   14       -0.020960       -0.322990       -0.520422
     C   14       -0.322990       -0.090907       -0.463449
     C   14       -0.520422       -0.463449        0.111867

     H   15        0.028887        0.008991       -0.203199
     H   15        0.008991        0.239649       -0.496827
     H   15       -0.203199       -0.496827       -0.268536

     C   16       -0.501355        0.374406       -0.270827
     C   16        0.374406        0.106401       -0.092234
     C   16       -0.270827       -0.092234        0.394953

     C   17        0.041673       -0.040401       -0.256082
     C   17       -0.040401        0.027670       -0.643240
     C   17       -0.256082       -0.643240       -0.069343

     Cl  18       -0.132257        0.230010       -0.008506
     Cl  18        0.230010       -0.043879       -0.032789
     Cl  18       -0.008506       -0.032789        0.176136

     H   19        0.141560        0.026288        0.404462
     H   19        0.026288        0.148093        0.281141
     H   19        0.404462        0.281141       -0.289653

     C   20       -0.301435       -0.162733       -0.327334
     C   20       -0.162733        0.264336        0.113254
     C   20       -0.327334        0.113254        0.037099

     H   21        0.113436        0.100743       -0.299295
     H   21        0.100743        0.394353       -0.175689
     H   21       -0.299295       -0.175689       -0.507789

     C   22        0.076147       -0.405332       -0.088368
     C   22       -0.405332       -0.239383        0.309707
     C   22       -0.088368        0.309707        0.163237

     C   23       -0.368716       -0.307629       -0.428586
     C   23       -0.307629        0.105382        0.407323
     C   23       -0.428586        0.407323        0.263334

     Cl  24       -0.105948        0.008266       -0.068131
     Cl  24        0.008266       -0.053658        0.132863
     Cl  24       -0.068131        0.132863        0.159606

     ----- ionic term -----
     Cl   1        0.197863       -0.218693       -0.029034
     Cl   1       -0.218693       -0.070538        0.007728
     Cl   1       -0.029034        0.007728       -0.127325

     C    2        0.206475       -0.192120        0.207124
     C    2       -0.192120       -0.109185        0.520764
     C    2        0.207124        0.520764       -0.097291

     C    3        0.176255       -0.260355        0.122790
     C    3       -0.260355       -0.020469        0.457362
     C    3        0.122790        0.457362       -0.155786

     H    4        0.492316        0.391119        0.663331
     H    4        0.391119       -0.404937        0.323742
     H    4        0.663331        0.323742       -0.087379

     C    5        0.279132       -0.243428        0.245756
     C    5       -0.243428       -0.091596        0.326525
     C    5        0.245756        0.326525       -0.187535

     H    6       -0.514907       -0.140919       -0.073295
     H    6       -0.140919        0.556218        0.751864
     H    6       -0.073295        0.751864       -0.041311

     H    7       -0.492787        0.128095       -0.067855
     H    7        0.128095        0.480964       -0.776334
     H    7       -0.067855       -0.776334        0.011822

     C    8        0.379894        0.270749        0.346665
     C    8        0.270749       -0.085863       -0.283518
     C    8        0.346665       -0.283518       -0.294031

     H    9        0.495217       -0.311484        0.705816
     H    9       -0.311484       -0.449266       -0.279603
     H    9        0.705816       -0.279603       -0.045951

     C   10        0.193194        0.298831        0.233242
     C   10        0.298831        0.105630       -0.358909
     C   10        0.233242       -0.358909       -0.298823

     C   11        0.074994        0.271009        0.307164
     C   11        0.271009        0.136950       -0.382079
     C   11        0.307164       -0.382079       -0.211944

     Cl  12        0.103315        0.235202        0.045416
     Cl  12        0.235202        0.055541        0.029564
     Cl  12        0.045416        0.029564       -0.158855

     H   13       -0.500918       -0.101110       -0.073667
     H   13       -0.101110        0.381148        0.793649
     H   13       -0.073667        0.793649        0.119770

     C   14        0.323165       -0.206990        0.258148
     C   14       -0.206990       -0.143169        0.366258
     C   14        0.258148        0.366258       -0.179996

     H   15        0.240236        0.211951        0.796301
     H   15        0.211951       -0.502047        0.302081
     H   15        0.796301        0.302081        0.261811

     C   16        0.173096       -0.327242        0.151313
     C   16       -0.327242       -0.025358        0.421374
     C   16        0.151313        0.421374       -0.147739

     C   17        0.192452       -0.240702        0.294408
     C   17       -0.240702       -0.058710        0.387309
     C   17        0.294408        0.387309       -0.133742

     Cl  18        0.157831       -0.189917        0.051889
     Cl  18       -0.189917       -0.023736       -0.027987
     Cl  18        0.051889       -0.027987       -0.134095

     H   19       -0.514057        0.125837       -0.062162
     H   19        0.125837        0.499204       -0.761352
     H   19       -0.062162       -0.761352        0.014853

     C   20        0.229462        0.289188        0.273796
     C   20        0.289188       -0.030510       -0.310465
     C   20        0.273796       -0.310465       -0.198952

     H   21        0.433616       -0.208360        0.769295
     H   21       -0.208360       -0.460084       -0.249789
     H   21        0.769295       -0.249789        0.026468

     C   22        0.187199        0.335896        0.193720
     C   22        0.335896        0.053903       -0.351914
     C   22        0.193720       -0.351914       -0.241101

     C   23        0.297356        0.239476        0.317225
     C   23        0.239476       -0.050741       -0.352627
     C   23        0.317225       -0.352627       -0.246616

     Cl  24        0.181159        0.236277        0.038975
     Cl  24        0.236277       -0.038831        0.013669
     Cl  24        0.038975        0.013669       -0.142327

     ----- GIPAW term -----
     Cl   1        1.849233       -0.632530       -1.919482
     Cl   1       -0.632530       -0.609919       -1.069062
     Cl   1       -1.919482       -1.069062       -1.239314

     C    2        0.122127       -0.155299       -0.047142
     C    2       -0.155299       -0.031344       -0.035105
     C    2       -0.047142       -0.035105       -0.090783

     C    3       -0.135788       -0.008661       -0.036106
     C    3       -0.008661        0.151863       -0.243714
     C    3       -0.036106       -0.243714       -0.016075

     H    4       -0.000000        0.000000        0.000000
     H    4        0.000000        0.000000        0.000000
     H    4        0.000000        0.000000        0.000000

     C    5       -0.135544        0.068153       -0.032892
     C    5        0.068153        0.164877       -0.088937
     C    5       -0.032892       -0.088937       -0.029332

     H    6       -0.000000        0.000000        0.000000
     H    6        0.000000        0.000000        0.000000
     H    6        0.000000        0.000000        0.000000

     H    7       -0.000000        0.000000        0.000000
     H    7        0.000000        0.000000        0.000000
     H    7        0.000000        0.000000        0.000000

     C    8       -0.109544       -0.040014       -0.061948
     C    8       -0.040014        0.062318        0.235041
     C    8       -0.061948        0.235041        0.047226

     H    9       -0.000000        0.000000        0.000000
     H    9        0.000000        0.000000        0.000000
     H    9        0.000000        0.000000        0.000000

     C   10       -0.236657       -0.110825       -0.058051
     C   10       -0.110825        0.309971       -0.025602
     C   10       -0.058051       -0.025602       -0.073314

     C   11        0.040203       -0.153153        0.008642
     C   11       -0.153153        0.160119        0.049822
     C   11        0.008642        0.049822       -0.200322

     Cl  12        0.251328        0.939157        0.499839
     Cl  12        0.939157        0.771004       -1.426894
     Cl  12        0.499839       -1.426894       -1.022332

     H   13       -0.000000        0.000000        0.000000
     H   13        0.000000        0.000000        0.000000
     H   13        0.000000        0.000000        0.000000

     C   14        0.135126       -0.189775       -0.164705
     C   14       -0.189775       -0.075087       -0.009710
     C   14       -0.164705       -0.009710       -0.060040

     H   15       -0.000000        0.000000        0.000000
     H   15        0.000000        0.000000        0.000000
     H   15        0.000000        0.000000        0.000000

     C   16       -0.036283       -0.153086       -0.089204
     C   16       -0.153086        0.116674        0.092900
     C   16       -0.089204        0.092900       -0.080392

     C   17       -0.061931       -0.043938       -0.028851
     C   17       -0.043938        0.267755       -0.054741
     C   17       -0.028851       -0.054741       -0.205823

     Cl  18       -0.659078        0.508522        0.484325
     Cl  18        0.508522        1.804121        1.536766
     Cl  18        0.484325        1.536766       -1.145043

     H   19       -0.000000        0.000000        0.000000
     H   19        0.000000        0.000000        0.000000
     H   19        0.000000        0.000000        0.000000

     C   20        0.005419       -0.094354       -0.082430
     C   20       -0.094354        0.035374        0.052990
     C   20       -0.082430        0.052990       -0.040793

     H   21       -0.000000        0.000000        0.000000
     H   21        0.000000        0.000000        0.000000
     H   21        0.000000        0.000000        0.000000

     C   22        0.029805       -0.113246       -0.094493
     C   22       -0.113246       -0.039664        0.090174
     C   22       -0.094493        0.090174        0.009859

     C   23       -0.096752       -0.051472       -0.111773
     C   23       -0.051472        0.148902        0.195742
     C   23       -0.111773        0.195742       -0.052151

     Cl  24       -0.010882        1.947703       -0.385121
     Cl  24        1.947703       -0.343745        1.556130
     Cl  24       -0.385121        1.556130        0.354626

     ----- total EFG -----
     Cl   1        2.047928       -0.808072       -2.043443
     Cl   1       -0.808072       -0.657318       -1.150404
     Cl   1       -2.043443       -1.150404       -1.390610

     C    2        0.101692       -0.044883       -0.077000
     C    2       -0.044883       -0.289780        0.120064
     C    2       -0.077000        0.120064        0.188088

     C    3       -0.038506       -0.165215       -0.125117
     C    3       -0.165215        0.078047       -0.459271
     C    3       -0.125117       -0.459271       -0.039541

     H    4        0.367168        0.331309        0.107450
     H    4        0.331309       -0.083842        0.394475
     H    4        0.107450        0.394475       -0.283326

     C    5       -0.448036        0.131849       -0.029679
     C    5        0.131849        0.422063        0.097425
     C    5       -0.029679        0.097425        0.025973

     H    6       -0.202271       -0.224985        0.258715
     H    6       -0.224985        0.584519        0.471927
     H    6        0.258715        0.471927       -0.382248

     H    7       -0.229892       -0.049162       -0.057813
     H    7       -0.049162       -0.023257       -0.332530
     H    7       -0.057813       -0.332530        0.253149

     C    8       -0.055886        0.098711       -0.040735
     C    8        0.098711       -0.060672        0.486142
     C    8       -0.040735        0.486142        0.116558

     H    9        0.383299        0.048694        0.273987
     H    9        0.048694       -0.503958        0.123174
     H    9        0.273987        0.123174        0.120659

     C   10       -0.734611       -0.212142       -0.130309
     C   10       -0.212142        0.755698       -0.210980
     C   10       -0.130309       -0.210980       -0.021087

     C   11        0.162731       -0.243101        0.251144
     C   11       -0.243101        0.216532        0.241658
     C   11        0.251144        0.241658       -0.379263

     Cl  12        0.207458        0.999561        0.593802
     Cl  12        0.999561        0.895959       -1.543822
     Cl  12        0.593802       -1.543822       -1.103418

     H   13       -0.436938        0.063797        0.279387
     H   13        0.063797        0.412431        0.355416
     H   13        0.279387        0.355416        0.024507

     C   14        0.437331       -0.719755       -0.426979
     C   14       -0.719755       -0.309163       -0.106902
     C   14       -0.426979       -0.106902       -0.128169

     H   15        0.269123        0.220942        0.593102
     H   15        0.220942       -0.262398       -0.194745
     H   15        0.593102       -0.194745       -0.006725

     C   16       -0.364541       -0.105923       -0.208719
     C   16       -0.105923        0.197718        0.422040
     C   16       -0.208719        0.422040        0.166823

     C   17        0.172194       -0.325041        0.009475
     C   17       -0.325041        0.236714       -0.310672
     C   17        0.009475       -0.310672       -0.408908

     Cl  18       -0.633504        0.548615        0.527708
     Cl  18        0.548615        1.736507        1.475990
     Cl  18        0.527708        1.475990       -1.103002

     H   19       -0.372497        0.152125        0.342300
     H   19        0.152125        0.647297       -0.480211
     H   19        0.342300       -0.480211       -0.274800

     C   20       -0.066555        0.032101       -0.135968
     C   20        0.032101        0.269200       -0.144222
     C   20       -0.135968       -0.144222       -0.202646

     H   21        0.547052       -0.107617        0.469999
     H   21       -0.107617       -0.065731       -0.425478
     H   21        0.469999       -0.425478       -0.481321

     C   22        0.293150       -0.182682        0.010859
     C   22       -0.182682       -0.225144        0.047967
     C   22        0.010859        0.047967       -0.068006

     C   23       -0.168111       -0.119625       -0.223134
     C   23       -0.119625        0.203544        0.250438
     C   23       -0.223134        0.250438       -0.035433

     Cl  24        0.064329        2.192246       -0.414277
     Cl  24        2.192246       -0.436234        1.702661
     Cl  24       -0.414277        1.702661        0.371905

     ----- total EFG (symmetrized) -----
     Cl   1        2.047928       -0.808072       -2.043443
     Cl   1       -0.808072       -0.657318       -1.150404
     Cl   1       -2.043443       -1.150404       -1.390610

     C    2        0.101692       -0.044883       -0.077000
     C    2       -0.044883       -0.289780        0.120064
     C    2       -0.077000        0.120064        0.188088

     C    3       -0.038506       -0.165215       -0.125117
     C    3       -0.165215        0.078047       -0.459271
     C    3       -0.125117       -0.459271       -0.039541

     H    4        0.367168        0.331309        0.107450
     H    4        0.331309       -0.083842        0.394475
     H    4        0.107450        0.394475       -0.283326

     C    5       -0.448036        0.131849       -0.029679
     C    5        0.131849        0.422063        0.097425
     C    5       -0.029679        0.097425        0.025973

     H    6       -0.202271       -0.224985        0.258715
     H    6       -0.224985        0.584519        0.471927
     H    6        0.258715        0.471927       -0.382248

     H    7       -0.229892       -0.049162       -0.057813
     H    7       -0.049162       -0.023257       -0.332530
     H    7       -0.057813       -0.332530        0.253149

     C    8       -0.055886        0.098711       -0.040735
     C    8        0.098711       -0.060672        0.486142
     C    8       -0.040735        0.486142        0.116558

     H    9        0.383299        0.048694        0.273987
     H    9        0.048694       -0.503958        0.123174
     H    9        0.273987        0.123174        0.120659

     C   10       -0.734611       -0.212142       -0.130309
     C   10       -0.212142        0.755698       -0.210980
     C   10       -0.130309       -0.210980       -0.021087

     C   11        0.162731       -0.243101        0.251144
     C   11       -0.243101        0.216532        0.241658
     C   11        0.251144        0.241658       -0.379263

     Cl  12        0.207458        0.999561        0.593802
     Cl  12        0.999561        0.895959       -1.543822
     Cl  12        0.593802       -1.543822       -1.103418

     H   13       -0.436938        0.063797        0.279387
     H   13        0.063797        0.412431        0.355416
     H   13        0.279387        0.355416        0.024507

     C   14        0.437331       -0.719755       -0.426979
     C   14       -0.719755       -0.309163       -0.106902
     C   14       -0.426979       -0.106902       -0.128169

     H   15        0.269123        0.220942        0.593102
     H   15        0.220942       -0.262398       -0.194745
     H   15        0.593102       -0.194745       -0.006725

     C   16       -0.364541       -0.105923       -0.208719
     C   16       -0.105923        0.197718        0.422040
     C   16       -0.208719        0.422040        0.166823

     C   17        0.172194       -0.325041        0.009475
     C   17       -0.325041        0.236714       -0.310672
     C   17        0.009475       -0.310672       -0.408908

     Cl  18       -0.633504        0.548615        0.527708
     Cl  18        0.548615        1.736507        1.475990
     Cl  18        0.527708        1.475990       -1.103002

     H   19       -0.372497        0.152125        0.342300
     H   19        0.152125        0.647297       -0.480211
     H   19        0.342300       -0.480211       -0.274800

     C   20       -0.066555        0.032101       -0.135968
     C   20        0.032101        0.269200       -0.144222
     C   20       -0.135968       -0.144222       -0.202646

     H   21        0.547052       -0.107617        0.469999
     H   21       -0.107617       -0.065731       -0.425478
     H   21        0.469999       -0.425478       -0.481321

     C   22        0.293150       -0.182682        0.010859
     C   22       -0.182682       -0.225144        0.047967
     C   22        0.010859        0.047967       -0.068006

     C   23       -0.168111       -0.119625       -0.223134
     C   23       -0.119625        0.203544        0.250438
     C   23       -0.223134        0.250438       -0.035433

     Cl  24        0.064329        2.192246       -0.414277
     Cl  24        2.192246       -0.436234        1.702661
     Cl  24       -0.414277        1.702661        0.371905


     NQR/NMR SPECTROSCOPIC PARAMETERS:
     Cl   1    Vxx=    0.1045    axis=(  0.140053 -0.867982  0.476437)
     Cl   1    Vyy=    3.0176    axis=( -0.912010  0.074263  0.403389)
     Cl   1    Vzz=   -3.1221    axis=( -0.385516 -0.491011 -0.781207)
     Cl   1  Q=        -8.1650 1e-30 m^2  Cq=        59.8956 MHz  eta= 0.93304

     C    2    Vxx=    0.0577    axis=(  0.879458  0.049959  0.473348)
     C    2    Vyy=    0.2622    axis=(  0.471741 -0.223867 -0.852845)
     C    2    Vzz=   -0.3199    axis=(  0.063360  0.973338 -0.220449)
     C    2  Q=         1.0000 1e-30 m^2  Cq=        -0.7516 MHz  eta= 0.63927

     C    3    Vxx=    0.0424    axis=(  0.919289 -0.188803 -0.345341)
     C    3    Vyy=    0.4858    axis=( -0.085830  0.760145 -0.644060)
     C    3    Vzz=   -0.5283    axis=(  0.384110  0.621718  0.682588)
     C    3  Q=         1.0000 1e-30 m^2  Cq=        -1.2412 MHz  eta= 0.83937

     H    4    Vxx=   -0.0303    axis=(  0.607297 -0.539472 -0.583232)
     H    4    Vyy=   -0.6072    axis=(  0.138931 -0.650687  0.746528)
     H    4    Vzz=    0.6375    axis=( -0.782233 -0.534394 -0.320211)
     H    4  Q=         1.0000 1e-30 m^2  Cq=         1.4979 MHz  eta= 0.90484

     C    5    Vxx=    0.0103    axis=( -0.118464 -0.192557  0.974109)
     C    5    Vyy=    0.4612    axis=( -0.133736 -0.968984 -0.207808)
     C    5    Vzz=   -0.4715    axis=(  0.983911 -0.154891  0.089038)
     C    5  Q=         1.0000 1e-30 m^2  Cq=        -1.1078 MHz  eta= 0.95621

     H    6    Vxx=   -0.0257    axis=(  0.854755 -0.081303  0.512624)
     H    6    Vyy=   -0.7644    axis=(  0.504936  0.358863 -0.785020)
     H    6    Vzz=    0.7901    axis=( -0.120137  0.929843  0.347793)
     H    6  Q=         1.0000 1e-30 m^2  Cq=         1.8564 MHz  eta= 0.93492

     H    7    Vxx=   -0.1645    axis=( -0.741223  0.571374  0.352307)
     H    7    Vyy=   -0.3112    axis=( -0.670598 -0.607023 -0.426405)
     H    7    Vzz=    0.4757    axis=( -0.029778 -0.552318  0.833101)
     H    7  Q=         1.0000 1e-30 m^2  Cq=         1.1176 MHz  eta= 0.30827

     C    8    Vxx=   -0.0337    axis=(  0.971831  0.140030 -0.189567)
     C    8    Vyy=   -0.4902    axis=( -0.228918  0.752113 -0.617999)
     C    8    Vzz=    0.5239    axis=(  0.056037  0.643986  0.762982)
     C    8  Q=         1.0000 1e-30 m^2  Cq=         1.2309 MHz  eta= 0.87128

     H    9    Vxx=   -0.0392    axis=( -0.550017  0.159628  0.819756)
     H    9    Vyy=   -0.5274    axis=(  0.004180  0.982077 -0.188432)
     H    9    Vzz=    0.5666    axis=( -0.835143 -0.100214 -0.540826)
     H    9  Q=         1.0000 1e-30 m^2  Cq=         1.3312 MHz  eta= 0.86167

     C   10    Vxx=   -0.0316    axis=( -0.234600  0.192159  0.952910)
     C   10    Vyy=   -0.7975    axis=(  0.965527  0.159793  0.205484)
     C   10    Vzz=    0.8290    axis=( -0.112783  0.968267 -0.223022)
     C   10  Q=         1.0000 1e-30 m^2  Cq=         1.9478 MHz  eta= 0.92388

     C   11    Vxx=    0.1669    axis=(  0.644872  0.543748  0.537101)
     C   11    Vyy=    0.4345    axis=( -0.655143  0.755182  0.022072)
     C   11    Vzz=   -0.6014    axis=( -0.393608 -0.366111  0.843229)
     C   11  Q=         1.0000 1e-30 m^2  Cq=        -1.4131 MHz  eta= 0.44490

     Cl  12    Vxx=    0.3775    axis=( -0.852177  0.152399 -0.500569)
     Cl  12    Vyy=    1.9699    axis=(  0.365269  0.858245 -0.360546)
     Cl  12    Vzz=   -2.3474    axis=( -0.374664  0.490091  0.787044)
     Cl  12  Q=        -8.1650 1e-30 m^2  Cq=        45.0342 MHz  eta= 0.67837

     H   13    Vxx=   -0.0814    axis=(  0.447616 -0.559720  0.697391)
     H   13    Vyy=   -0.5792    axis=( -0.874838 -0.112585  0.471150)
     H   13    Vzz=    0.6606    axis=(  0.185196  0.820999  0.540059)
     H   13  Q=         1.0000 1e-30 m^2  Cq=         1.5522 MHz  eta= 0.75349

     C   14    Vxx=   -0.0810    axis=( -0.027960  0.495037 -0.868422)
     C   14    Vyy=   -0.8861    axis=(  0.534236  0.741680  0.405589)
     C   14    Vzz=    0.9670    axis=(  0.844873 -0.452602 -0.285204)
     C   14  Q=         1.0000 1e-30 m^2  Cq=         2.2722 MHz  eta= 0.83253

     H   15    Vxx=   -0.0631    axis=(  0.314417  0.818415 -0.480977)
     H   15    Vyy=   -0.6799    axis=( -0.526334  0.571957  0.629156)
     H   15    Vzz=    0.7430    axis=( -0.790009 -0.055337 -0.610593)
     H   15  Q=         1.0000 1e-30 m^2  Cq=         1.7458 MHz  eta= 0.83024

     C   16    Vxx=   -0.2123    axis=( -0.338798 -0.715920  0.610470)
     C   16    Vyy=   -0.4407    axis=( -0.916281  0.103729 -0.386870)
     C   16    Vzz=    0.6530    axis=(  0.213645 -0.690433 -0.691128)
     C   16  Q=         1.0000 1e-30 m^2  Cq=         1.5342 MHz  eta= 0.34978

     C   17    Vxx=   -0.0361    axis=(  0.781205  0.489222 -0.387789)
     C   17    Vyy=   -0.5544    axis=( -0.177145 -0.421931 -0.889153)
     C   17    Vzz=    0.5905    axis=( -0.598614  0.763306 -0.242952)
     C   17  Q=         1.0000 1e-30 m^2  Cq=         1.3875 MHz  eta= 0.87786

     Cl  18    Vxx=   -0.7246    axis=(  0.942664 -0.299027  0.148216)
     Cl  18    Vyy=   -1.8013    axis=(  0.250251  0.339480 -0.906712)
     Cl  18    Vzz=    2.5258    axis=(  0.220815  0.891816  0.394848)
     Cl  18  Q=        -8.1650 1e-30 m^2  Cq=       -48.4568 MHz  eta= 0.42628

     H   19    Vxx=   -0.0477    axis=( -0.755409 -0.252461 -0.604666)
     H   19    Vyy=   -0.8043    axis=(  0.655234 -0.298265 -0.694051)
     H   19    Vzz=    0.8520    axis=( -0.005130 -0.920490  0.390733)
     H   19  Q=         1.0000 1e-30 m^2  Cq=         2.0018 MHz  eta= 0.88811

     C   20    Vxx=   -0.0152    axis=(  0.866931 -0.299780 -0.398199)
     C   20    Vyy=   -0.3072    axis=( -0.463427 -0.190702 -0.865372)
     C   20    Vzz=    0.3224    axis=(  0.183484  0.934754 -0.304252)
     C   20  Q=         1.0000 1e-30 m^2  Cq=         0.7576 MHz  eta= 0.90571

     H   21    Vxx=    0.0273    axis=(  0.443774  0.845440 -0.297147)
     H   21    Vyy=    0.8113    axis=( -0.858183  0.305455 -0.412576)
     H   21    Vzz=   -0.8386    axis=( -0.258043  0.438097  0.861095)
     H   21  Q=         1.0000 1e-30 m^2  Cq=        -1.9705 MHz  eta= 0.93484

     C   22    Vxx=   -0.0574    axis=(  0.073587  0.199292  0.977173)
     C   22    Vyy=   -0.2937    axis=(  0.294031  0.931941 -0.212209)
     C   22    Vzz=    0.3511    axis=( -0.952959  0.302935  0.009980)
     C   22  Q=         1.0000 1e-30 m^2  Cq=         0.8250 MHz  eta= 0.67301

     C   23    Vxx=   -0.1020    axis=(  0.568553  0.643040 -0.513077)
     C   23    Vyy=   -0.3420    axis=( -0.744444  0.136766 -0.653528)
     C   23    Vzz=    0.4441    axis=(  0.350073 -0.753522 -0.556465)
     C   23  Q=         1.0000 1e-30 m^2  Cq=         1.0434 MHz  eta= 0.54040

     Cl  24    Vxx=    0.6572    axis=( -0.619218 -0.019124  0.784986)
     Cl  24    Vyy=    2.4497    axis=( -0.557650 -0.693097 -0.456774)
     Cl  24    Vzz=   -3.1069    axis=(  0.552807 -0.720591  0.418513)
     Cl  24  Q=        -8.1650 1e-30 m^2  Cq=        59.6048 MHz  eta= 0.57693

     Initialization:
     gipaw_setup  :      9.34s CPU     11.39s WALL (       1 calls)

     Linear response

     Apply operators

     Induced current

     Other routines
     efg          :     10.05s CPU     13.80s WALL (       1 calls)

     General routines
     calbec       :      3.63s CPU      5.12s WALL (      16 calls)
     fft          :      1.57s CPU      2.28s WALL (      15 calls)
     ffts         :      0.05s CPU      0.09s WALL (       2 calls)
     fftw         :      3.66s CPU      5.07s WALL (     672 calls)
     davcio       :      0.02s CPU      0.32s WALL (      32 calls)

     Parallel routines
     fft_scatter  :      2.54s CPU      4.54s WALL (     689 calls)

     Plugins

     GIPAW        :     63.44s CPU     76.89s WALL (       1 calls)
