
     Program QE v.6.0 (svn rev. 13079) starts on  3Jan2017 at 17:30:21 

     This program is part of the open-source Quantum ESPRESSO suite
     for quantum simulation of materials; please cite
         "P. Giannozzi et al., J. Phys.:Condens. Matter 21 395502 (2009);
          URL http://www.quantum-espresso.org", 
     in publications or presentations arising from this work. More details at
     http://www.quantum-espresso.org/quote

     Parallel version (MPI), running on     8 processors
     R & G space division:  proc/nbgrp/npool/nimage =       8

     ***** This is GIPAW svn revision unknown      *****

     Parallelizing q-star over 1 images

     Reading data from directory:
     /users/majewski/paradichlorobenzene/pbe/9_constraint/scratch/pbe.ecut100.np8.dt60.pcl2phi-129368.save
     Message from routine read_xml_file:
     file /users/majewski/paradichlorobenzene/pbe/9_constraint/scratch/pbe.ecut100.np8.dt60.pcl2phi-129368.save not guaranteed to be safe for post-processing

   Info: using nr1, nr2, nr3 values from input

   Info: using nr1, nr2, nr3 values from input

     IMPORTANT: XC functional enforced from input :
     Exchange-correlation      =  SLA  PW   PBX  PBC ( 1  4  3  4 0 0)
     Any further DFT definition will be discarded
     Please, verify this is what you really want

               file C.pbe-n-kjpaw_psl.1.0.0.UPF: wavefunction(s)  2S 2P renormalized
               file Cl.pbe-n-kjpaw_psl.1.0.0.UPF: wavefunction(s)  3S 3P renormalized
               file H.pbe-kjpaw_psl.1.0.0.UPF: wavefunction(s)  1S renormalized

     Parallelization info
     --------------------
     sticks:   dense  smooth     PW     G-vecs:    dense   smooth      PW
     Min        3057    1223    332               144436    36536    5170
     Max        3059    1225    333               144437    36537    5171
     Sum       24467    9791   2657              1155489   292295   41363


     Subspace diagonalization in iterative solution of the eigenvalue problem:
     a serial algorithm will be used

     GIPAW projectors -----------------------------------------------
     atom=  C    l=0  rc=    1.2000  rs=    0.8000
     atom=  C    l=0  rc=    1.2000  rs=    0.8000
     atom=  C    l=1  rc=    1.4000  rs=    0.9333
     atom=  C    l=1  rc=    1.4000  rs=    0.9333
     projs nearly linearly dependent: l=1  n1,n2= 1, 2  s=  0.99951561

     atom=  Cl   l=0  rc=    1.6000  rs=    1.0667
     atom=  Cl   l=0  rc=    1.6000  rs=    1.0667
     atom=  Cl   l=1  rc=    1.6000  rs=    1.0667
     atom=  Cl   l=1  rc=    1.6000  rs=    1.0667
     atom=  Cl   l=2  rc=    1.6000  rs=    1.0667
     atom=  Cl   l=2  rc=    1.6000  rs=    1.0667
     projs nearly linearly dependent: l=2  n1,n2= 1, 2  s=  0.99993509

     atom=  H    l=0  rc=    1.0000  rs=    0.6667
     atom=  H    l=0  rc=    1.0000  rs=    0.6667
     projs nearly linearly dependent: l=0  n1,n2= 1, 2  s=  0.99968852
     -----------------------------------------------------------------

     GIPAW integrals: -------------------------------------------
     Atom  i/j   nmr_para   nmr_dia   epr_rmc  epr_para   epr_dia
       C   1 1   0.83E+03  0.17E-01  0.93E+01  0.24E+08  0.24E+03
       C   2 1   0.86E+03 -0.61E-01  0.94E+01  0.25E+08  0.25E+03
       C   2 2   0.90E+03 -0.15E+00  0.97E+01  0.26E+08  0.26E+03
       C   3 3   0.33E+01  0.34E+00  0.18E+01  0.55E+03  0.21E+02
       C   4 3   0.35E+01  0.37E+00  0.20E+01  0.59E+03  0.22E+02
       C   4 4   0.38E+01  0.39E+00  0.22E+01  0.63E+03  0.24E+02
       Cl  1 1   0.14E+04 -0.47E+00  0.84E+01  0.32E+09  0.42E+03
       Cl  2 1   0.21E+04 -0.37E+00  0.12E+02  0.49E+09  0.65E+03
       Cl  2 2   0.33E+04 -0.16E+00  0.21E+02  0.76E+09  0.10E+04
       Cl  3 3   0.21E+02  0.79E-01  0.89E+01  0.23E+05  0.13E+03
       Cl  4 3   0.24E+02  0.67E-01  0.99E+01  0.27E+05  0.15E+03
       Cl  4 4   0.28E+02  0.44E-01  0.11E+02  0.32E+05  0.18E+03
       Cl  5 5   0.77E+00  0.19E+00  0.18E+01  0.12E+03  0.22E+02
       Cl  6 5   0.80E+00  0.19E+00  0.19E+01  0.12E+03  0.23E+02
       Cl  6 6   0.83E+00  0.20E+00  0.19E+01  0.12E+03  0.23E+02
       H   1 1   0.39E+02  0.19E+00  0.29E+00  0.78E+05  0.13E+02
       H   2 1   0.41E+02  0.21E+00  0.32E+00  0.82E+05  0.14E+02
       H   2 2   0.43E+02  0.22E+00  0.36E+00  0.86E+05  0.15E+02
     ------------------------------------------------------------

     alpha_pv=     33.6070 eV

     Number of occupied bands for each k-point:
     k-point:     1    nbnd_occ=  42
     k-point:     2    nbnd_occ=  42
     k-point:     3    nbnd_occ=  42
     k-point:     4    nbnd_occ=  42
     k-point:     5    nbnd_occ=  42
     k-point:     6    nbnd_occ=  42
     k-point:     7    nbnd_occ=  42
     k-point:     8    nbnd_occ=  42
     k-point:     9    nbnd_occ=  42
     k-point:    10    nbnd_occ=  42
     k-point:    11    nbnd_occ=  42
     k-point:    12    nbnd_occ=  42
     k-point:    13    nbnd_occ=  42
     k-point:    14    nbnd_occ=  42
     k-point:    15    nbnd_occ=  42
     k-point:    16    nbnd_occ=  42


     q-space interpolation up to   110.00 Rydberg

     GIPAW job: efg                                                                             


     ELECTRIC FIELD GRADIENTS TENSORS IN Hartree/bohrradius^2:

     ----- bare term -----
     Cl   1       -0.033690        0.029225       -0.010110
     Cl   1        0.029225        0.176519        0.040335
     Cl   1       -0.010110        0.040335       -0.142829

     C    2       -0.744729        0.318795       -0.294521
     C    2        0.318795        0.276928       -0.113528
     C    2       -0.294521       -0.113528        0.467801

     C    3        0.187243        0.374449        0.004878
     C    3        0.374449       -0.568405       -0.519905
     C    3        0.004878       -0.519905        0.381162

     H    4       -0.288238       -0.047191       -0.568334
     H    4       -0.047191       -0.004851       -0.227309
     H    4       -0.568334       -0.227309        0.293088

     C    5       -0.858821        0.236205       -0.371407
     C    5        0.236205        0.329656       -0.070356
     C    5       -0.371407       -0.070356        0.529165

     H    6        0.349549        0.011730       -0.240867
     H    6        0.011730       -0.531271       -0.513501
     H    6       -0.240867       -0.513501        0.181722

     H    7        0.415940        0.122212       -0.005978
     H    7        0.122212       -0.672964       -0.210557
     H    7       -0.005978       -0.210557        0.257024

     C    8        0.030484        0.172861       -0.189834
     C    8        0.172861       -0.158658       -0.063450
     C    8       -0.189834       -0.063450        0.128174

     H    9       -0.230245        0.374240        0.168408
     H    9        0.374240        0.022788       -0.179346
     H    9        0.168408       -0.179346        0.207457

     C   10        0.011886       -0.116647        0.214681
     C   10       -0.116647       -0.082045       -0.155569
     C   10        0.214681       -0.155569        0.070159

     C   11       -0.088869        0.189564       -0.244600
     C   11        0.189564       -0.031146        0.432187
     C   11       -0.244600        0.432187        0.120015

     Cl  12        0.075431       -0.201027        0.008723
     Cl  12       -0.201027        0.084227       -0.244075
     Cl  12        0.008723       -0.244075       -0.159658

     H   13        0.433189        0.001875        0.019267
     H   13        0.001875       -0.527483       -0.536490
     H   13        0.019267       -0.536490        0.094295

     C   14        0.175786        0.106199       -0.094909
     C   14        0.106199       -0.391662       -0.375368
     C   14       -0.094909       -0.375368        0.215875

     H   15       -0.105031       -0.326959       -0.553034
     H   15       -0.326959        0.244343       -0.394770
     H   15       -0.553034       -0.394770       -0.139312

     C   16       -0.545744        0.293904       -0.291615
     C   16        0.293904        0.307494       -0.199520
     C   16       -0.291615       -0.199520        0.238250

     C   17        0.300336        0.158640       -0.098147
     C   17        0.158640       -0.538398       -0.363891
     C   17       -0.098147       -0.363891        0.238062

     Cl  18       -0.146870        0.210595        0.008933
     Cl  18        0.210595       -0.011488        0.034727
     Cl  18        0.008933        0.034727        0.158358

     H   19        0.435432       -0.019839       -0.203482
     H   19       -0.019839       -0.271028        0.411278
     H   19       -0.203482        0.411278       -0.164404

     C   20       -0.620803       -0.321302       -0.113341
     C   20       -0.321302        0.262163        0.345736
     C   20       -0.113341        0.345736        0.358641

     H   21       -0.729674        0.207119       -0.148697
     H   21        0.207119        0.407818        0.133183
     H   21       -0.148697        0.133183        0.321856

     C   22        0.019557        0.255259       -0.309906
     C   22        0.255259       -0.152702        0.664346
     C   22       -0.309906        0.664346        0.133144

     C   23       -0.363082       -0.302439       -0.175004
     C   23       -0.302439       -0.076760        0.479673
     C   23       -0.175004        0.479673        0.439842

     Cl  24        0.004047        0.145513       -0.022425
     Cl  24        0.145513        0.116682        0.031883
     Cl  24       -0.022425        0.031883       -0.120729

     ----- ionic term -----
     Cl   1        0.175784       -0.203060        0.069186
     Cl   1       -0.203060       -0.021825       -0.029097
     Cl   1        0.069186       -0.029097       -0.153959

     C    2        0.183958       -0.141326        0.373780
     C    2       -0.141326        0.074190        0.373705
     C    2        0.373780        0.373705       -0.258148

     C    3        0.067911       -0.273914        0.233925
     C    3       -0.273914        0.192817        0.365759
     C    3        0.233925        0.365759       -0.260728

     H    4        0.422057        0.188313        0.760285
     H    4        0.188313       -0.434690        0.229029
     H    4        0.760285        0.229029        0.012632

     C    5        0.198673       -0.186353        0.300220
     C    5       -0.186353        0.078043        0.293865
     C    5        0.300220        0.293865       -0.276716

     H    6       -0.513709        0.043168        0.029541
     H    6        0.043168        0.629453        0.709030
     H    6        0.029541        0.709030       -0.115743

     H    7       -0.512890       -0.140862        0.058369
     H    7       -0.140862        0.722893       -0.656422
     H    7        0.058369       -0.656422       -0.210003

     C    8        0.329797        0.023261        0.135431
     C    8        0.023261        0.126653       -0.303826
     C    8        0.135431       -0.303826       -0.456449

     H    9        0.895631       -0.396707        0.356319
     H    9       -0.396707       -0.367547       -0.155997
     H    9        0.356319       -0.155997       -0.528083

     C   10        0.246476        0.115400        0.083564
     C   10        0.115400        0.228656       -0.314035
     C   10        0.083564       -0.314035       -0.475132

     C   11        0.313793        0.036143        0.198503
     C   11        0.036143        0.160946       -0.356705
     C   11        0.198503       -0.356705       -0.474739

     Cl  12        0.138872        0.172362       -0.016033
     Cl  12        0.172362        0.008681       -0.027142
     Cl  12       -0.016033       -0.027142       -0.147553

     H   13       -0.533470        0.001153        0.015120
     H   13        0.001153        0.858169        0.565654
     H   13        0.015120        0.565654       -0.324699

     C   14        0.245326       -0.177810        0.317289
     C   14       -0.177810        0.090814        0.268368
     C   14        0.317289        0.268368       -0.336140

     H   15        0.740946        0.267481        0.581035
     H   15        0.267481       -0.470953        0.187311
     H   15        0.581035        0.187311       -0.269992

     C   16        0.200971       -0.241093        0.192477
     C   16       -0.241093        0.153330        0.313607
     C   16        0.192477        0.313607       -0.354301

     C   17        0.189625       -0.183318        0.257738
     C   17       -0.183318        0.099895        0.395338
     C   17        0.257738        0.395338       -0.289521

     Cl  18        0.140472       -0.202972       -0.020248
     Cl  18       -0.202972        0.003616        0.013714
     Cl  18       -0.020248        0.013714       -0.144088

     H   19       -0.495307       -0.083591        0.055221
     H   19       -0.083591        0.660044       -0.700633
     H   19        0.055221       -0.700633       -0.164737

     C   20        0.432637        0.089483        0.202539
     C   20        0.089483        0.017077       -0.310627
     C   20        0.202539       -0.310627       -0.449714

     H   21        0.666795       -0.526052        0.447996
     H   21       -0.526052       -0.276723       -0.249184
     H   21        0.447996       -0.249184       -0.390071

     C   22        0.207954        0.095746        0.121792
     C   22        0.095746        0.214079       -0.388943
     C   22        0.121792       -0.388943       -0.422033

     C   23        0.217814        0.000311        0.153025
     C   23        0.000311        0.223779       -0.410608
     C   23        0.153025       -0.410608       -0.441593

     Cl  24        0.119248        0.207665       -0.013657
     Cl  24        0.207665        0.000047       -0.011762
     Cl  24       -0.013657       -0.011762       -0.119295

     ----- GIPAW term -----
     Cl   1        0.425956       -1.468324       -0.044179
     Cl   1       -1.468324        2.188336        0.363889
     Cl   1       -0.044179        0.363889       -2.614293

     C    2       -0.090928        0.054026        0.060154
     C    2        0.054026        0.034061        0.111044
     C    2        0.060154        0.111044        0.056867

     C    3       -0.056984        0.087579        0.067588
     C    3        0.087579        0.015046        0.136048
     C    3        0.067588        0.136048        0.041938

     H    4       -0.000000        0.000000        0.000000
     H    4        0.000000        0.000000        0.000000
     H    4        0.000000        0.000000        0.000000

     C    5       -0.144622        0.070565        0.073238
     C    5        0.070565        0.015588        0.127135
     C    5        0.073238        0.127135        0.129033

     H    6       -0.000000        0.000000        0.000000
     H    6        0.000000        0.000000        0.000000
     H    6        0.000000        0.000000        0.000000

     H    7       -0.000000        0.000000        0.000000
     H    7        0.000000        0.000000        0.000000
     H    7        0.000000        0.000000        0.000000

     C    8        0.015480        0.020610        0.002424
     C    8        0.020610       -0.009563       -0.003290
     C    8        0.002424       -0.003290       -0.005917

     H    9       -0.000000        0.000000        0.000000
     H    9        0.000000        0.000000        0.000000
     H    9        0.000000        0.000000        0.000000

     C   10        0.017720        0.010285        0.026581
     C   10        0.010285        0.006829       -0.034351
     C   10        0.026581       -0.034351       -0.024550

     C   11       -0.042613        0.068907       -0.013980
     C   11        0.068907        0.005244        0.124635
     C   11       -0.013980        0.124635        0.037369

     Cl  12       -0.600213        0.361387       -0.260163
     Cl  12        0.361387       -0.500938        0.996545
     Cl  12       -0.260163        0.996545        1.101151

     H   13       -0.000000        0.000000        0.000000
     H   13        0.000000        0.000000        0.000000
     H   13        0.000000        0.000000        0.000000

     C   14       -0.042464        0.012615        0.006156
     C   14        0.012615        0.001546        0.106609
     C   14        0.006156        0.106609        0.040918

     H   15       -0.000000        0.000000        0.000000
     H   15        0.000000        0.000000        0.000000
     H   15        0.000000        0.000000        0.000000

     C   16       -0.079959        0.035771        0.010896
     C   16        0.035771        0.035943        0.027949
     C   16        0.010896        0.027949        0.044015

     C   17       -0.005593       -0.008512        0.022726
     C   17       -0.008512       -0.031975        0.101212
     C   17        0.022726        0.101212        0.037568

     Cl  18       -0.859893       -0.323780        0.658287
     Cl  18       -0.323780        0.267238        2.177990
     Cl  18        0.658287        2.177990        0.592655

     H   19       -0.000000        0.000000        0.000000
     H   19        0.000000        0.000000        0.000000
     H   19        0.000000        0.000000        0.000000

     C   20       -0.167700        0.066878        0.055170
     C   20        0.066878        0.195588        0.160399
     C   20        0.055170        0.160399       -0.027889

     H   21       -0.000000        0.000000        0.000000
     H   21        0.000000        0.000000        0.000000
     H   21        0.000000        0.000000        0.000000

     C   22        0.053214        0.240343        0.001742
     C   22        0.240343        0.026280        0.160961
     C   22        0.001742        0.160961       -0.079494

     C   23       -0.080947        0.115668        0.042086
     C   23        0.115668        0.064813        0.207346
     C   23        0.042086        0.207346        0.016134

     Cl  24        0.959817        3.273888       -0.013831
     Cl  24        3.273888        1.454565        0.415374
     Cl  24       -0.013831        0.415374       -2.414382

     ----- total EFG -----
     Cl   1        0.568050       -1.642160        0.014897
     Cl   1       -1.642160        2.343030        0.375127
     Cl   1        0.014897        0.375127       -2.911080

     C    2       -0.651699        0.231495        0.139414
     C    2        0.231495        0.385179        0.371222
     C    2        0.139414        0.371222        0.266521

     C    3        0.198170        0.188114        0.306391
     C    3        0.188114       -0.360542       -0.018098
     C    3        0.306391       -0.018098        0.162372

     H    4        0.133820        0.141122        0.191951
     H    4        0.141122       -0.439541        0.001720
     H    4        0.191951        0.001720        0.305721

     C    5       -0.804769        0.120417        0.002051
     C    5        0.120417        0.423287        0.350644
     C    5        0.002051        0.350644        0.381482

     H    6       -0.164160        0.054898       -0.211327
     H    6        0.054898        0.098182        0.195529
     H    6       -0.211327        0.195529        0.065978

     H    7       -0.096949       -0.018650        0.052391
     H    7       -0.018650        0.049929       -0.866978
     H    7        0.052391       -0.866978        0.047020

     C    8        0.375761        0.216732       -0.051979
     C    8        0.216732       -0.041569       -0.370566
     C    8       -0.051979       -0.370566       -0.334192

     H    9        0.665385       -0.022467        0.524727
     H    9       -0.022467       -0.344759       -0.335343
     H    9        0.524727       -0.335343       -0.320626

     C   10        0.276083        0.009038        0.324825
     C   10        0.009038        0.153440       -0.503955
     C   10        0.324825       -0.503955       -0.429522

     C   11        0.182310        0.294614       -0.060076
     C   11        0.294614        0.135044        0.200117
     C   11       -0.060076        0.200117       -0.317355

     Cl  12       -0.385910        0.332722       -0.267473
     Cl  12        0.332722       -0.408031        0.725328
     Cl  12       -0.267473        0.725328        0.793941

     H   13       -0.100282        0.003028        0.034387
     H   13        0.003028        0.330686        0.029165
     H   13        0.034387        0.029165       -0.230404

     C   14        0.378648       -0.058997        0.228536
     C   14       -0.058997       -0.299302       -0.000391
     C   14        0.228536       -0.000391       -0.079347

     H   15        0.635915       -0.059478        0.028001
     H   15       -0.059478       -0.226610       -0.207458
     H   15        0.028001       -0.207458       -0.409305

     C   16       -0.424732        0.088582       -0.088242
     C   16        0.088582        0.496767        0.142037
     C   16       -0.088242        0.142037       -0.072035

     C   17        0.484368       -0.033190        0.182316
     C   17       -0.033190       -0.470478        0.132659
     C   17        0.182316        0.132659       -0.013890

     Cl  18       -0.866291       -0.316157        0.646972
     Cl  18       -0.316157        0.259366        2.226432
     Cl  18        0.646972        2.226432        0.606925

     H   19       -0.059875       -0.103430       -0.148261
     H   19       -0.103430        0.389016       -0.289355
     H   19       -0.148261       -0.289355       -0.329141

     C   20       -0.355866       -0.164942        0.144369
     C   20       -0.164942        0.474828        0.195508
     C   20        0.144369        0.195508       -0.118962

     H   21       -0.062879       -0.318933        0.299298
     H   21       -0.318933        0.131095       -0.116001
     H   21        0.299298       -0.116001       -0.068216

     C   22        0.280725        0.591349       -0.186373
     C   22        0.591349        0.087657        0.436365
     C   22       -0.186373        0.436365       -0.368383

     C   23       -0.226215       -0.186461        0.020107
     C   23       -0.186461        0.211833        0.276411
     C   23        0.020107        0.276411        0.014382

     Cl  24        1.083112        3.627065       -0.049913
     Cl  24        3.627065        1.571295        0.435494
     Cl  24       -0.049913        0.435494       -2.654406

     ----- total EFG (symmetrized) -----
     Cl   1        0.568050       -1.642160        0.014897
     Cl   1       -1.642160        2.343030        0.375127
     Cl   1        0.014897        0.375127       -2.911080

     C    2       -0.651699        0.231495        0.139414
     C    2        0.231495        0.385179        0.371222
     C    2        0.139414        0.371222        0.266521

     C    3        0.198170        0.188114        0.306391
     C    3        0.188114       -0.360542       -0.018098
     C    3        0.306391       -0.018098        0.162372

     H    4        0.133820        0.141122        0.191951
     H    4        0.141122       -0.439541        0.001720
     H    4        0.191951        0.001720        0.305721

     C    5       -0.804769        0.120417        0.002051
     C    5        0.120417        0.423287        0.350644
     C    5        0.002051        0.350644        0.381482

     H    6       -0.164160        0.054898       -0.211327
     H    6        0.054898        0.098182        0.195529
     H    6       -0.211327        0.195529        0.065978

     H    7       -0.096949       -0.018650        0.052391
     H    7       -0.018650        0.049929       -0.866978
     H    7        0.052391       -0.866978        0.047020

     C    8        0.375761        0.216732       -0.051979
     C    8        0.216732       -0.041569       -0.370566
     C    8       -0.051979       -0.370566       -0.334192

     H    9        0.665385       -0.022467        0.524727
     H    9       -0.022467       -0.344759       -0.335343
     H    9        0.524727       -0.335343       -0.320626

     C   10        0.276083        0.009038        0.324825
     C   10        0.009038        0.153440       -0.503955
     C   10        0.324825       -0.503955       -0.429522

     C   11        0.182310        0.294614       -0.060076
     C   11        0.294614        0.135044        0.200117
     C   11       -0.060076        0.200117       -0.317355

     Cl  12       -0.385910        0.332722       -0.267473
     Cl  12        0.332722       -0.408031        0.725328
     Cl  12       -0.267473        0.725328        0.793941

     H   13       -0.100282        0.003028        0.034387
     H   13        0.003028        0.330686        0.029165
     H   13        0.034387        0.029165       -0.230404

     C   14        0.378648       -0.058997        0.228536
     C   14       -0.058997       -0.299302       -0.000391
     C   14        0.228536       -0.000391       -0.079347

     H   15        0.635915       -0.059478        0.028001
     H   15       -0.059478       -0.226610       -0.207458
     H   15        0.028001       -0.207458       -0.409305

     C   16       -0.424732        0.088582       -0.088242
     C   16        0.088582        0.496767        0.142037
     C   16       -0.088242        0.142037       -0.072035

     C   17        0.484368       -0.033190        0.182316
     C   17       -0.033190       -0.470478        0.132659
     C   17        0.182316        0.132659       -0.013890

     Cl  18       -0.866291       -0.316157        0.646972
     Cl  18       -0.316157        0.259366        2.226432
     Cl  18        0.646972        2.226432        0.606925

     H   19       -0.059875       -0.103430       -0.148261
     H   19       -0.103430        0.389016       -0.289355
     H   19       -0.148261       -0.289355       -0.329141

     C   20       -0.355866       -0.164942        0.144369
     C   20       -0.164942        0.474828        0.195508
     C   20        0.144369        0.195508       -0.118962

     H   21       -0.062879       -0.318933        0.299298
     H   21       -0.318933        0.131095       -0.116001
     H   21        0.299298       -0.116001       -0.068216

     C   22        0.280725        0.591349       -0.186373
     C   22        0.591349        0.087657        0.436365
     C   22       -0.186373        0.436365       -0.368383

     C   23       -0.226215       -0.186461        0.020107
     C   23       -0.186461        0.211833        0.276411
     C   23        0.020107        0.276411        0.014382

     Cl  24        1.083112        3.627065       -0.049913
     Cl  24        3.627065        1.571295        0.435494
     Cl  24       -0.049913        0.435494       -2.654406


     NQR/NMR SPECTROSCOPIC PARAMETERS:
     Cl   1    Vxx=   -0.3946    axis=(  0.859596  0.504624  0.080311)
     Cl   1    Vyy=   -2.9435    axis=(  0.043590  0.084181 -0.995497)
     Cl   1    Vzz=    3.3380    axis=( -0.509112  0.859225  0.050365)
     Cl   1  Q=        -8.1650 1e-30 m^2  Cq=       -64.0386 MHz  eta= 0.76358

     C    2    Vxx=   -0.0473    axis=( -0.062989 -0.630406  0.773706)
     C    2    Vyy=   -0.7052    axis=( -0.980370  0.184213  0.070281)
     C    2    Vzz=    0.7525    axis=( -0.186833 -0.754091 -0.629635)
     C    2  Q=         1.0000 1e-30 m^2  Cq=         1.7680 MHz  eta= 0.87429

     C    3    Vxx=   -0.0643    axis=( -0.560192 -0.399985  0.725395)
     C    3    Vyy=   -0.4415    axis=( -0.368601  0.904587  0.214137)
     C    3    Vzz=    0.5057    axis=( -0.741834 -0.147423 -0.654177)
     C    3  Q=         1.0000 1e-30 m^2  Cq=         1.1883 MHz  eta= 0.74587

     H    4    Vxx=    0.0375    axis=(  0.790378  0.231781 -0.567081)
     H    4    Vyy=    0.4373    axis=(  0.562497  0.092140  0.821649)
     H    4    Vzz=   -0.4748    axis=( -0.242693  0.968395  0.057551)
     H    4  Q=         1.0000 1e-30 m^2  Cq=        -1.1156 MHz  eta= 0.84211

     C    5    Vxx=    0.0586    axis=( -0.092284 -0.674165  0.732792)
     C    5    Vyy=    0.7588    axis=(  0.057201  0.731128  0.679838)
     C    5    Vzz=   -0.8174    axis=( -0.994088  0.104654 -0.028908)
     C    5  Q=         1.0000 1e-30 m^2  Cq=        -1.9205 MHz  eta= 0.85653

     H    6    Vxx=    0.0372    axis=(  0.597381  0.702533 -0.386761)
     H    6    Vyy=    0.3059    axis=( -0.258154  0.625060  0.736652)
     H    6    Vzz=   -0.3432    axis=(  0.759271 -0.340218  0.554761)
     H    6  Q=         1.0000 1e-30 m^2  Cq=        -0.8063 MHz  eta= 0.78308

     H    7    Vxx=   -0.0986    axis=( -0.998228 -0.058396  0.011466)
     H    7    Vyy=   -0.8193    axis=( -0.033136  0.705446  0.707988)
     H    7    Vzz=    0.9179    axis=(  0.049432 -0.706354  0.706131)
     H    7  Q=         1.0000 1e-30 m^2  Cq=         2.1568 MHz  eta= 0.78508

     C    8    Vxx=    0.0719    axis=( -0.552627  0.649632 -0.522094)
     C    8    Vyy=    0.5212    axis=(  0.828986  0.493056 -0.263966)
     C    8    Vzz=   -0.5931    axis=( -0.085941  0.578683  0.811012)
     C    8  Q=         1.0000 1e-30 m^2  Cq=        -1.3935 MHz  eta= 0.75762

     H    9    Vxx=   -0.1454    axis=(  0.343536  0.797025 -0.496723)
     H    9    Vyy=   -0.7667    axis=( -0.269514  0.590335  0.760833)
     H    9    Vzz=    0.9121    axis=(  0.899636 -0.127500  0.417611)
     H    9  Q=         1.0000 1e-30 m^2  Cq=         2.1432 MHz  eta= 0.68108

     C   10    Vxx=    0.2426    axis=(  0.772541  0.627491 -0.097138)
     C   10    Vyy=    0.5551    axis=( -0.578615  0.632691 -0.514691)
     C   10    Vzz=   -0.7977    axis=( -0.261506  0.453825  0.851855)
     C   10  Q=         1.0000 1e-30 m^2  Cq=        -1.8743 MHz  eta= 0.39182

     C   11    Vxx=   -0.0236    axis=( -0.650330  0.559329  0.514026)
     C   11    Vyy=   -0.4422    axis=(  0.290290 -0.442325  0.848575)
     C   11    Vzz=    0.4658    axis=( -0.701999 -0.701070 -0.125289)
     C   11  Q=         1.0000 1e-30 m^2  Cq=         1.0945 MHz  eta= 0.89870

     Cl  12    Vxx=   -0.1202    axis=(  0.832818  0.525678 -0.173424)
     Cl  12    Vyy=   -1.0217    axis=( -0.549131  0.745091 -0.378542)
     Cl  12    Vzz=    1.1419    axis=( -0.069775  0.410489  0.909192)
     Cl  12  Q=        -8.1650 1e-30 m^2  Cq=       -21.9076 MHz  eta= 0.78949

     H   13    Vxx=   -0.0920    axis=(  0.971375 -0.023270  0.236410)
     H   13    Vyy=   -0.2403    axis=( -0.237290 -0.048302  0.970237)
     H   13    Vzz=    0.3323    axis=( -0.011159 -0.998562 -0.052441)
     H   13  Q=         1.0000 1e-30 m^2  Cq=         0.7807 MHz  eta= 0.44629

     C   14    Vxx=   -0.1702    axis=( -0.364179  0.163636  0.916841)
     C   14    Vyy=   -0.3068    axis=(  0.126491  0.984012 -0.125381)
     C   14    Vzz=    0.4770    axis=( -0.922699  0.070311 -0.379055)
     C   14  Q=         1.0000 1e-30 m^2  Cq=         1.1208 MHz  eta= 0.28644

     H   15    Vxx=   -0.0971    axis=(  0.088465  0.833289 -0.545714)
     H   15    Vyy=   -0.5447    axis=(  0.007722  0.547272  0.836919)
     H   15    Vzz=    0.6418    axis=( -0.996049  0.078252 -0.041980)
     H   15  Q=         1.0000 1e-30 m^2  Cq=         1.5079 MHz  eta= 0.69752

     C   16    Vxx=   -0.0740    axis=( -0.284364 -0.189725  0.939756)
     C   16    Vyy=   -0.4609    axis=( -0.956169  0.127541 -0.263581)
     C   16    Vzz=    0.5349    axis=( -0.069849 -0.973518 -0.217677)
     C   16  Q=         1.0000 1e-30 m^2  Cq=         1.2568 MHz  eta= 0.72327

     C   17    Vxx=   -0.0311    axis=( -0.301423  0.296414  0.906247)
     C   17    Vyy=   -0.5129    axis=(  0.083793  0.955009 -0.284493)
     C   17    Vzz=    0.5440    axis=( -0.949802 -0.009816 -0.312699)
     C   17  Q=         1.0000 1e-30 m^2  Cq=         1.2783 MHz  eta= 0.88553

     Cl  18    Vxx=   -0.5320    axis=( -0.881490  0.391330 -0.264264)
     Cl  18    Vyy=   -2.1540    axis=( -0.466179 -0.632100  0.618972)
     Cl  18    Vzz=    2.6860    axis=(  0.075181  0.668812  0.739620)
     Cl  18  Q=        -8.1650 1e-30 m^2  Cq=       -51.5290 MHz  eta= 0.60388

     H   19    Vxx=    0.0049    axis=(  0.924737 -0.036400 -0.378862)
     H   19    Vyy=    0.4955    axis=( -0.091846  0.944657 -0.314939)
     H   19    Vzz=   -0.5005    axis=(  0.369359  0.326033  0.870216)
     H   19  Q=         1.0000 1e-30 m^2  Cq=        -1.1759 MHz  eta= 0.98026

     C   20    Vxx=   -0.0669    axis=( -0.509364  0.150675 -0.847258)
     C   20    Vyy=   -0.4823    axis=( -0.849964 -0.242054  0.467944)
     C   20    Vzz=    0.5493    axis=( -0.134575  0.958492  0.251361)
     C   20  Q=         1.0000 1e-30 m^2  Cq=         1.2905 MHz  eta= 0.75626

     H   21    Vxx=   -0.0894    axis=(  0.212894  0.677984  0.703573)
     H   21    Vyy=   -0.4153    axis=(  0.766595  0.330566 -0.550507)
     H   21    Vzz=    0.5048    axis=(  0.605812 -0.656555  0.449363)
     H   21  Q=         1.0000 1e-30 m^2  Cq=         1.1860 MHz  eta= 0.64565

     C   22    Vxx=    0.0482    axis=(  0.551968 -0.440262 -0.708167)
     C   22    Vyy=    0.8031    axis=( -0.720145 -0.679826 -0.138662)
     C   22    Vzz=   -0.8512    axis=( -0.420383  0.586520 -0.692295)
     C   22  Q=         1.0000 1e-30 m^2  Cq=        -2.0001 MHz  eta= 0.88683

     C   23    Vxx=   -0.0922    axis=( -0.572642  0.330796 -0.750103)
     C   23    Vyy=   -0.3455    axis=( -0.791106 -0.462952  0.399783)
     C   23    Vzz=    0.4377    axis=( -0.215015  0.822344  0.526801)
     C   23  Q=         1.0000 1e-30 m^2  Cq=         1.0283 MHz  eta= 0.57883

     Cl  24    Vxx=   -2.1082    axis=( -0.640673  0.570763  0.513583)
     Cl  24    Vyy=   -2.8649    axis=(  0.354209 -0.373756  0.857229)
     Cl  24    Vzz=    4.9731    axis=(  0.681230  0.731119  0.037286)
     Cl  24  Q=        -8.1650 1e-30 m^2  Cq=       -95.4058 MHz  eta= 0.15217

     Initialization:
     gipaw_setup  :      9.21s CPU     10.75s WALL (       1 calls)

     Linear response

     Apply operators

     Induced current

     Other routines
     efg          :      9.48s CPU     12.00s WALL (       1 calls)

     General routines
     calbec       :      3.10s CPU      3.91s WALL (      16 calls)
     fft          :      1.60s CPU      2.26s WALL (      15 calls)
     ffts         :      0.04s CPU      0.05s WALL (       2 calls)
     fftw         :      3.66s CPU      4.77s WALL (     672 calls)
     davcio       :      0.04s CPU      0.32s WALL (      32 calls)

     Parallel routines
     fft_scatter  :      2.52s CPU      4.02s WALL (     689 calls)

     Plugins

     GIPAW        :     61.28s CPU     71.43s WALL (       1 calls)
