
     Program QE v.6.0 (svn rev. 13079) starts on 14Dec2016 at 21:40:29 

     This program is part of the open-source Quantum ESPRESSO suite
     for quantum simulation of materials; please cite
         "P. Giannozzi et al., J. Phys.:Condens. Matter 21 395502 (2009);
          URL http://www.quantum-espresso.org", 
     in publications or presentations arising from this work. More details at
     http://www.quantum-espresso.org/quote

     Parallel version (MPI), running on     8 processors
     R & G space division:  proc/nbgrp/npool/nimage =       8

     ***** This is GIPAW svn revision unknown      *****

     Parallelizing q-star over 1 images

     Reading data from directory:
     /users/majewski/paradichlorobenzene/pbe/9_constraint/scratch/pbe.ecut100.np8.dt60.pcl2phi-129368.save
     Message from routine read_xml_file:
     file /users/majewski/paradichlorobenzene/pbe/9_constraint/scratch/pbe.ecut100.np8.dt60.pcl2phi-129368.save not guaranteed to be safe for post-processing

   Info: using nr1, nr2, nr3 values from input

   Info: using nr1, nr2, nr3 values from input

     IMPORTANT: XC functional enforced from input :
     Exchange-correlation      =  SLA  PW   PBX  PBC ( 1  4  3  4 0 0)
     Any further DFT definition will be discarded
     Please, verify this is what you really want

               file C.pbe-n-kjpaw_psl.1.0.0.UPF: wavefunction(s)  2S 2P renormalized
               file Cl.pbe-n-kjpaw_psl.1.0.0.UPF: wavefunction(s)  3S 3P renormalized
               file H.pbe-kjpaw_psl.1.0.0.UPF: wavefunction(s)  1S renormalized

     Parallelization info
     --------------------
     sticks:   dense  smooth     PW     G-vecs:    dense   smooth      PW
     Min        3057    1223    332               144436    36536    5170
     Max        3059    1225    333               144437    36537    5171
     Sum       24467    9791   2657              1155489   292295   41363


     Subspace diagonalization in iterative solution of the eigenvalue problem:
     a serial algorithm will be used

     GIPAW projectors -----------------------------------------------
     atom=  C    l=0  rc=    1.2000  rs=    0.8000
     atom=  C    l=0  rc=    1.2000  rs=    0.8000
     atom=  C    l=1  rc=    1.4000  rs=    0.9333
     atom=  C    l=1  rc=    1.4000  rs=    0.9333
     projs nearly linearly dependent: l=1  n1,n2= 1, 2  s=  0.99951561

     atom=  Cl   l=0  rc=    1.6000  rs=    1.0667
     atom=  Cl   l=0  rc=    1.6000  rs=    1.0667
     atom=  Cl   l=1  rc=    1.6000  rs=    1.0667
     atom=  Cl   l=1  rc=    1.6000  rs=    1.0667
     atom=  Cl   l=2  rc=    1.6000  rs=    1.0667
     atom=  Cl   l=2  rc=    1.6000  rs=    1.0667
     projs nearly linearly dependent: l=2  n1,n2= 1, 2  s=  0.99993509

     atom=  H    l=0  rc=    1.0000  rs=    0.6667
     atom=  H    l=0  rc=    1.0000  rs=    0.6667
     projs nearly linearly dependent: l=0  n1,n2= 1, 2  s=  0.99968852
     -----------------------------------------------------------------

     GIPAW integrals: -------------------------------------------
     Atom  i/j   nmr_para   nmr_dia   epr_rmc  epr_para   epr_dia
       C   1 1   0.83E+03  0.17E-01  0.93E+01  0.24E+08  0.24E+03
       C   2 1   0.86E+03 -0.61E-01  0.94E+01  0.25E+08  0.25E+03
       C   2 2   0.90E+03 -0.15E+00  0.97E+01  0.26E+08  0.26E+03
       C   3 3   0.33E+01  0.34E+00  0.18E+01  0.55E+03  0.21E+02
       C   4 3   0.35E+01  0.37E+00  0.20E+01  0.59E+03  0.22E+02
       C   4 4   0.38E+01  0.39E+00  0.22E+01  0.63E+03  0.24E+02
       Cl  1 1   0.14E+04 -0.47E+00  0.84E+01  0.32E+09  0.42E+03
       Cl  2 1   0.21E+04 -0.37E+00  0.12E+02  0.49E+09  0.65E+03
       Cl  2 2   0.33E+04 -0.16E+00  0.21E+02  0.76E+09  0.10E+04
       Cl  3 3   0.21E+02  0.79E-01  0.89E+01  0.23E+05  0.13E+03
       Cl  4 3   0.24E+02  0.67E-01  0.99E+01  0.27E+05  0.15E+03
       Cl  4 4   0.28E+02  0.44E-01  0.11E+02  0.32E+05  0.18E+03
       Cl  5 5   0.77E+00  0.19E+00  0.18E+01  0.12E+03  0.22E+02
       Cl  6 5   0.80E+00  0.19E+00  0.19E+01  0.12E+03  0.23E+02
       Cl  6 6   0.83E+00  0.20E+00  0.19E+01  0.12E+03  0.23E+02
       H   1 1   0.39E+02  0.19E+00  0.29E+00  0.78E+05  0.13E+02
       H   2 1   0.41E+02  0.21E+00  0.32E+00  0.82E+05  0.14E+02
       H   2 2   0.43E+02  0.22E+00  0.36E+00  0.86E+05  0.15E+02
     ------------------------------------------------------------

     alpha_pv=     33.9656 eV

     Number of occupied bands for each k-point:
     k-point:     1    nbnd_occ=  42
     k-point:     2    nbnd_occ=  42
     k-point:     3    nbnd_occ=  42
     k-point:     4    nbnd_occ=  42
     k-point:     5    nbnd_occ=  42
     k-point:     6    nbnd_occ=  42
     k-point:     7    nbnd_occ=  42
     k-point:     8    nbnd_occ=  42
     k-point:     9    nbnd_occ=  42
     k-point:    10    nbnd_occ=  42
     k-point:    11    nbnd_occ=  42
     k-point:    12    nbnd_occ=  42
     k-point:    13    nbnd_occ=  42
     k-point:    14    nbnd_occ=  42
     k-point:    15    nbnd_occ=  42
     k-point:    16    nbnd_occ=  42


     q-space interpolation up to   110.00 Rydberg

     GIPAW job: efg                                                                             


     ELECTRIC FIELD GRADIENTS TENSORS IN Hartree/bohrradius^2:

     ----- bare term -----
     Cl   1       -0.027653       -0.034731       -0.000847
     Cl   1       -0.034731        0.017882        0.071838
     Cl   1       -0.000847        0.071838        0.009771

     C    2       -0.195369        0.089052       -0.343986
     C    2        0.089052       -0.123940       -0.510010
     C    2       -0.343986       -0.510010        0.319309

     C    3       -0.222489        0.276095       -0.270454
     C    3        0.276095       -0.199742       -0.490336
     C    3       -0.270454       -0.490336        0.422230

     H    4       -0.458848       -0.310548       -0.420231
     H    4       -0.310548        0.257860       -0.191255
     H    4       -0.420231       -0.191255        0.200988

     C    5       -0.358958        0.260168       -0.329472
     C    5        0.260168       -0.086200       -0.397931
     C    5       -0.329472       -0.397931        0.445158

     H    6        0.364310       -0.003140       -0.037818
     H    6       -0.003140       -0.552862       -0.449896
     H    6       -0.037818       -0.449896        0.188552

     H    7        0.380019        0.104799       -0.043003
     H    7        0.104799       -0.588649        0.406853
     H    7       -0.043003        0.406853        0.208629

     C    8       -0.384455       -0.130186       -0.378877
     C    8       -0.130186       -0.038282        0.420650
     C    8       -0.378877        0.420650        0.422737

     H    9       -0.312443        0.219574       -0.492847
     H    9        0.219574        0.286730        0.279760
     H    9       -0.492847        0.279760        0.025713

     C   10       -0.118797       -0.358502       -0.206294
     C   10       -0.358502       -0.278957        0.527356
     C   10       -0.206294        0.527356        0.397754

     C   11       -0.183093       -0.095188       -0.419114
     C   11       -0.095188       -0.147916        0.511255
     C   11       -0.419114        0.511255        0.331009

     Cl  12        0.026390        0.059249       -0.036352
     Cl  12        0.059249        0.000466        0.001059
     Cl  12       -0.036352        0.001059       -0.026857

     H   13        0.467522       -0.025331       -0.106458
     H   13       -0.025331       -0.203442       -0.425644
     H   13       -0.106458       -0.425644       -0.264080

     C   14       -0.502357        0.316807       -0.349184
     C   14        0.316807        0.087845       -0.383051
     C   14       -0.349184       -0.383051        0.414512

     H   15       -0.180789       -0.102449       -0.560002
     H   15       -0.102449        0.371065       -0.034355
     H   15       -0.560002       -0.034355       -0.190276

     C   16       -0.135839        0.120577       -0.282213
     C   16        0.120577       -0.188556       -0.582868
     C   16       -0.282213       -0.582868        0.324395

     C   17       -0.293861        0.112475       -0.366042
     C   17        0.112475       -0.053776       -0.426240
     C   17       -0.366042       -0.426240        0.347637

     Cl  18       -0.045539        0.026639       -0.027408
     Cl  18        0.026639        0.003493       -0.039553
     Cl  18       -0.027408       -0.039553        0.042046

     H   19        0.440372        0.024725        0.027937
     H   19        0.024725       -0.190866        0.494384
     H   19        0.027937        0.494384       -0.249506

     C   20       -0.352399       -0.243316       -0.339811
     C   20       -0.243316       -0.084156        0.408167
     C   20       -0.339811        0.408167        0.436555

     H   21        0.018390        0.125045       -0.403706
     H   21        0.125045        0.487459        0.091102
     H   21       -0.403706        0.091102       -0.505850

     C   22       -0.167725       -0.110232       -0.292879
     C   22       -0.110232       -0.174527        0.556522
     C   22       -0.292879        0.556522        0.342252

     C   23       -0.116779       -0.161733       -0.287529
     C   23       -0.161733       -0.181648        0.522474
     C   23       -0.287529        0.522474        0.298427

     Cl  24       -0.001749        0.015873       -0.030133
     Cl  24        0.015873        0.036920        0.018771
     Cl  24       -0.030133        0.018771       -0.035171

     ----- ionic term -----
     Cl   1        0.106668       -0.205268        0.000906
     Cl   1       -0.205268        0.034783        0.005740
     Cl   1        0.000906        0.005740       -0.141452

     C    2        0.172132       -0.196022        0.266182
     C    2       -0.196022        0.102206        0.399868
     C    2        0.266182        0.399868       -0.274338

     C    3        0.166774       -0.227133        0.174880
     C    3       -0.227133        0.154847        0.399533
     C    3        0.174880        0.399533       -0.321621

     H    4        0.630286        0.372573        0.625569
     H    4        0.372573       -0.403585        0.261341
     H    4        0.625569        0.261341       -0.226702

     C    5        0.336409       -0.209907        0.257501
     C    5       -0.209907        0.035926        0.292017
     C    5        0.257501        0.292017       -0.372335

     H    6       -0.507345        0.030993        0.029953
     H    6        0.030993        0.725325        0.678027
     H    6        0.029953        0.678027       -0.217980

     H    7       -0.498321       -0.141090        0.093604
     H    7       -0.141090        0.700011       -0.670933
     H    7        0.093604       -0.670933       -0.201691

     C    8        0.269564        0.129943        0.285547
     C    8        0.129943        0.098599       -0.283831
     C    8        0.285547       -0.283831       -0.368163

     H    9        0.477254       -0.374391        0.683537
     H    9       -0.374391       -0.353035       -0.316685
     H    9        0.683537       -0.316685       -0.124219

     C   10        0.063284        0.197545        0.213181
     C   10        0.197545        0.269842       -0.400723
     C   10        0.213181       -0.400723       -0.333125

     C   11        0.147197        0.166687        0.276832
     C   11        0.166687        0.134845       -0.413158
     C   11        0.276832       -0.413158       -0.282042

     Cl  12        0.151352        0.193442       -0.006290
     Cl  12        0.193442       -0.017450       -0.011117
     Cl  12       -0.006290       -0.011117       -0.133902

     H   13       -0.503348        0.094948        0.098688
     H   13        0.094948        0.499492        0.766898
     H   13        0.098688        0.766898        0.003855

     C   14        0.308790       -0.185953        0.286109
     C   14       -0.185953       -0.040450        0.310664
     C   14        0.286109        0.310664       -0.268340

     H   15        0.424467        0.253762        0.752809
     H   15        0.253762       -0.464879        0.272791
     H   15        0.752809        0.272791        0.040411

     C   16        0.120622       -0.218439        0.197377
     C   16       -0.218439        0.105109        0.418850
     C   16        0.197377        0.418850       -0.225731

     C   17        0.283994       -0.192886        0.263310
     C   17       -0.192886        0.027711        0.411911
     C   17        0.263310        0.411911       -0.311705

     Cl  18        0.164321       -0.232870        0.000087
     Cl  18       -0.232870       -0.007897        0.009119
     Cl  18        0.000087        0.009119       -0.156424

     H   19       -0.521596       -0.016321        0.028348
     H   19       -0.016321        0.430654       -0.782835
     H   19        0.028348       -0.782835        0.090943

     C   20        0.219978        0.177847        0.303163
     C   20        0.177847       -0.017986       -0.311289
     C   20        0.303163       -0.311289       -0.201992

     H   21        0.197567       -0.227177        0.777154
     H   21       -0.227177       -0.457142       -0.306224
     H   21        0.777154       -0.306224        0.259575

     C   22       -0.008224        0.202247        0.225344
     C   22        0.202247        0.163396       -0.454860
     C   22        0.225344       -0.454860       -0.155172

     C   23        0.143636        0.154528        0.256908
     C   23        0.154528        0.154353       -0.454648
     C   23        0.256908       -0.454648       -0.297989

     Cl  24        0.111768        0.223247        0.014614
     Cl  24        0.223247        0.037911        0.002529
     Cl  24        0.014614        0.002529       -0.149679

     ----- GIPAW term -----
     Cl   1        1.066666       -2.352764       -0.042947
     Cl   1       -2.352764        0.260502        0.574086
     Cl   1       -0.042947        0.574086       -1.327169

     C    2        0.050342       -0.115988       -0.077573
     C    2       -0.115988       -0.020027       -0.086465
     C    2       -0.077573       -0.086465       -0.030315

     C    3       -0.058419        0.034233       -0.067116
     C    3        0.034233       -0.014408       -0.080283
     C    3       -0.067116       -0.080283        0.072827

     H    4       -0.000000        0.000000        0.000000
     H    4        0.000000        0.000000        0.000000
     H    4        0.000000        0.000000        0.000000

     C    5       -0.039713        0.045425       -0.049106
     C    5        0.045425       -0.035369       -0.083615
     C    5       -0.049106       -0.083615        0.075082

     H    6       -0.000000        0.000000        0.000000
     H    6        0.000000        0.000000        0.000000
     H    6        0.000000        0.000000        0.000000

     H    7       -0.000000        0.000000        0.000000
     H    7        0.000000        0.000000        0.000000
     H    7        0.000000        0.000000        0.000000

     C    8       -0.043982       -0.000740       -0.041009
     C    8       -0.000740       -0.027779        0.100688
     C    8       -0.041009        0.100688        0.071761

     H    9       -0.000000        0.000000        0.000000
     H    9        0.000000        0.000000        0.000000
     H    9        0.000000        0.000000        0.000000

     C   10       -0.026179       -0.074314       -0.043762
     C   10       -0.074314       -0.022987        0.084895
     C   10       -0.043762        0.084895        0.049166

     C   11        0.019186        0.090285       -0.106102
     C   11        0.090285       -0.018251        0.129884
     C   11       -0.106102        0.129884       -0.000935

     Cl  12        1.584148        2.605602       -0.292481
     Cl  12        2.605602        0.074707        0.015988
     Cl  12       -0.292481        0.015988       -1.658855

     H   13       -0.000000        0.000000        0.000000
     H   13        0.000000        0.000000        0.000000
     H   13        0.000000        0.000000        0.000000

     C   14       -0.109913        0.072479       -0.062134
     C   14        0.072479        0.055337       -0.116876
     C   14       -0.062134       -0.116876        0.054576

     H   15       -0.000000        0.000000        0.000000
     H   15        0.000000        0.000000        0.000000
     H   15        0.000000        0.000000        0.000000

     C   16       -0.049246       -0.042036       -0.055582
     C   16       -0.042036        0.019970       -0.121717
     C   16       -0.055582       -0.121717        0.029276

     C   17        0.014600       -0.120114       -0.073991
     C   17       -0.120114        0.011842       -0.042197
     C   17       -0.073991       -0.042197       -0.026441

     Cl  18        1.169053       -2.194778       -0.244534
     Cl  18       -2.194778        0.118667       -0.298830
     Cl  18       -0.244534       -0.298830       -1.287720

     H   19       -0.000000        0.000000        0.000000
     H   19        0.000000        0.000000        0.000000
     H   19        0.000000        0.000000        0.000000

     C   20       -0.040322       -0.040349       -0.053859
     C   20       -0.040349       -0.037066        0.086508
     C   20       -0.053859        0.086508        0.077388

     H   21       -0.000000        0.000000        0.000000
     H   21        0.000000        0.000000        0.000000
     H   21        0.000000        0.000000        0.000000

     C   22       -0.041848        0.044619       -0.047377
     C   22        0.044619       -0.003958        0.119465
     C   22       -0.047377        0.119465        0.045805

     C   23        0.089051        0.078425       -0.054262
     C   23        0.078425       -0.029670        0.084367
     C   23       -0.054262        0.084367       -0.059381

     Cl  24        1.350217        2.314517       -0.208601
     Cl  24        2.314517        0.418090        0.171778
     Cl  24       -0.208601        0.171778       -1.768307

     ----- total EFG -----
     Cl   1        1.145681       -2.592763       -0.042888
     Cl   1       -2.592763        0.313168        0.651663
     Cl   1       -0.042888        0.651663       -1.458849

     C    2        0.027105       -0.222959       -0.155378
     C    2       -0.222959       -0.041761       -0.196607
     C    2       -0.155378       -0.196607        0.014657

     C    3       -0.114133        0.083195       -0.162691
     C    3        0.083195       -0.059303       -0.171086
     C    3       -0.162691       -0.171086        0.173436

     H    4        0.171439        0.062024        0.205339
     H    4        0.062024       -0.145725        0.070086
     H    4        0.205339        0.070086       -0.025714

     C    5       -0.062263        0.095687       -0.121078
     C    5        0.095687       -0.085642       -0.189529
     C    5       -0.121078       -0.189529        0.147905

     H    6       -0.143035        0.027853       -0.007865
     H    6        0.027853        0.172463        0.228131
     H    6       -0.007865        0.228131       -0.029428

     H    7       -0.118302       -0.036292        0.050600
     H    7       -0.036292        0.111363       -0.264080
     H    7        0.050600       -0.264080        0.006939

     C    8       -0.158874       -0.000983       -0.134339
     C    8       -0.000983        0.032538        0.237506
     C    8       -0.134339        0.237506        0.126335

     H    9        0.164811       -0.154818        0.190690
     H    9       -0.154818       -0.066306       -0.036925
     H    9        0.190690       -0.036925       -0.098505

     C   10       -0.081692       -0.235271       -0.036875
     C   10       -0.235271       -0.032102        0.211527
     C   10       -0.036875        0.211527        0.113794

     C   11       -0.016710        0.161784       -0.248384
     C   11        0.161784       -0.031321        0.227981
     C   11       -0.248384        0.227981        0.048032

     Cl  12        1.761891        2.858293       -0.335123
     Cl  12        2.858293        0.057723        0.005930
     Cl  12       -0.335123        0.005930       -1.819614

     H   13       -0.035826        0.069617       -0.007769
     H   13        0.069617        0.296050        0.341254
     H   13       -0.007769        0.341254       -0.260225

     C   14       -0.303480        0.203333       -0.125209
     C   14        0.203333        0.102732       -0.189263
     C   14       -0.125209       -0.189263        0.200747

     H   15        0.243678        0.151313        0.192807
     H   15        0.151313       -0.093814        0.238435
     H   15        0.192807        0.238435       -0.149865

     C   16       -0.064464       -0.139898       -0.140418
     C   16       -0.139898       -0.063477       -0.285735
     C   16       -0.140418       -0.285735        0.127941

     C   17        0.004732       -0.200524       -0.176722
     C   17       -0.200524       -0.014224       -0.056526
     C   17       -0.176722       -0.056526        0.009491

     Cl  18        1.287835       -2.401010       -0.271855
     Cl  18       -2.401010        0.114264       -0.329265
     Cl  18       -0.271855       -0.329265       -1.402099

     H   19       -0.081225        0.008403        0.056285
     H   19        0.008403        0.239788       -0.288451
     H   19        0.056285       -0.288451       -0.158563

     C   20       -0.172743       -0.105818       -0.090507
     C   20       -0.105818       -0.139208        0.183386
     C   20       -0.090507        0.183386        0.311951

     H   21        0.215958       -0.102132        0.373448
     H   21       -0.102132        0.030317       -0.215122
     H   21        0.373448       -0.215122       -0.246274

     C   22       -0.217796        0.136634       -0.114913
     C   22        0.136634       -0.015089        0.221127
     C   22       -0.114913        0.221127        0.232885

     C   23        0.115908        0.071219       -0.084883
     C   23        0.071219       -0.056965        0.152194
     C   23       -0.084883        0.152194       -0.058943

     Cl  24        1.460235        2.553637       -0.224120
     Cl  24        2.553637        0.492921        0.193078
     Cl  24       -0.224120        0.193078       -1.953156

     ----- total EFG (symmetrized) -----
     Cl   1        1.145681       -2.592763       -0.042888
     Cl   1       -2.592763        0.313168        0.651663
     Cl   1       -0.042888        0.651663       -1.458849

     C    2        0.027105       -0.222959       -0.155378
     C    2       -0.222959       -0.041761       -0.196607
     C    2       -0.155378       -0.196607        0.014657

     C    3       -0.114133        0.083195       -0.162691
     C    3        0.083195       -0.059303       -0.171086
     C    3       -0.162691       -0.171086        0.173436

     H    4        0.171439        0.062024        0.205339
     H    4        0.062024       -0.145725        0.070086
     H    4        0.205339        0.070086       -0.025714

     C    5       -0.062263        0.095687       -0.121078
     C    5        0.095687       -0.085642       -0.189529
     C    5       -0.121078       -0.189529        0.147905

     H    6       -0.143035        0.027853       -0.007865
     H    6        0.027853        0.172463        0.228131
     H    6       -0.007865        0.228131       -0.029428

     H    7       -0.118302       -0.036292        0.050600
     H    7       -0.036292        0.111363       -0.264080
     H    7        0.050600       -0.264080        0.006939

     C    8       -0.158874       -0.000983       -0.134339
     C    8       -0.000983        0.032538        0.237506
     C    8       -0.134339        0.237506        0.126335

     H    9        0.164811       -0.154818        0.190690
     H    9       -0.154818       -0.066306       -0.036925
     H    9        0.190690       -0.036925       -0.098505

     C   10       -0.081692       -0.235271       -0.036875
     C   10       -0.235271       -0.032102        0.211527
     C   10       -0.036875        0.211527        0.113794

     C   11       -0.016710        0.161784       -0.248384
     C   11        0.161784       -0.031321        0.227981
     C   11       -0.248384        0.227981        0.048032

     Cl  12        1.761891        2.858293       -0.335123
     Cl  12        2.858293        0.057723        0.005930
     Cl  12       -0.335123        0.005930       -1.819614

     H   13       -0.035826        0.069617       -0.007769
     H   13        0.069617        0.296050        0.341254
     H   13       -0.007769        0.341254       -0.260225

     C   14       -0.303480        0.203333       -0.125209
     C   14        0.203333        0.102732       -0.189263
     C   14       -0.125209       -0.189263        0.200747

     H   15        0.243678        0.151313        0.192807
     H   15        0.151313       -0.093814        0.238435
     H   15        0.192807        0.238435       -0.149865

     C   16       -0.064464       -0.139898       -0.140418
     C   16       -0.139898       -0.063477       -0.285735
     C   16       -0.140418       -0.285735        0.127941

     C   17        0.004732       -0.200524       -0.176722
     C   17       -0.200524       -0.014224       -0.056526
     C   17       -0.176722       -0.056526        0.009491

     Cl  18        1.287835       -2.401010       -0.271855
     Cl  18       -2.401010        0.114264       -0.329265
     Cl  18       -0.271855       -0.329265       -1.402099

     H   19       -0.081225        0.008403        0.056285
     H   19        0.008403        0.239788       -0.288451
     H   19        0.056285       -0.288451       -0.158563

     C   20       -0.172743       -0.105818       -0.090507
     C   20       -0.105818       -0.139208        0.183386
     C   20       -0.090507        0.183386        0.311951

     H   21        0.215958       -0.102132        0.373448
     H   21       -0.102132        0.030317       -0.215122
     H   21        0.373448       -0.215122       -0.246274

     C   22       -0.217796        0.136634       -0.114913
     C   22        0.136634       -0.015089        0.221127
     C   22       -0.114913        0.221127        0.232885

     C   23        0.115908        0.071219       -0.084883
     C   23        0.071219       -0.056965        0.152194
     C   23       -0.084883        0.152194       -0.058943

     Cl  24        1.460235        2.553637       -0.224120
     Cl  24        2.553637        0.492921        0.193078
     Cl  24       -0.224120        0.193078       -1.953156


     NQR/NMR SPECTROSCOPIC PARAMETERS:
     Cl   1    Vxx=   -1.1929    axis=( -0.421293 -0.366274 -0.829672)
     Cl   1    Vyy=   -2.2055    axis=( -0.506535 -0.663805  0.550259)
     Cl   1    Vzz=    3.3984    axis=( -0.752286  0.652078  0.094126)
     Cl   1  Q=        -8.1650 1e-30 m^2  Cq=       -65.1974 MHz  eta= 0.29795

     C    2    Vxx=    0.1687    axis=( -0.467765 -0.285752  0.836386)
     C    2    Vyy=    0.2198    axis=( -0.694845  0.703729 -0.148176)
     C    2    Vzz=   -0.3885    axis=( -0.546248 -0.650470 -0.527733)
     C    2  Q=         1.0000 1e-30 m^2  Cq=        -0.9128 MHz  eta= 0.13141

     C    3    Vxx=   -0.1497    axis=( -0.056766  0.893882  0.444693)
     C    3    Vyy=   -0.1881    axis=(  0.925369 -0.120100  0.359540)
     C    3    Vzz=    0.3378    axis=( -0.374794 -0.431915  0.820353)
     C    3  Q=         1.0000 1e-30 m^2  Cq=         0.7938 MHz  eta= 0.11379

     H    4    Vxx=   -0.1329    axis=(  0.516415 -0.636130 -0.573283)
     H    4    Vyy=   -0.1852    axis=(  0.228919  0.747645 -0.623396)
     H    4    Vzz=    0.3181    axis=( -0.825173 -0.190696 -0.531718)
     H    4  Q=         1.0000 1e-30 m^2  Cq=         0.7474 MHz  eta= 0.16429

     C    5    Vxx=   -0.1169    axis=(  0.884959  0.076362  0.459366)
     C    5    Vyy=   -0.1986    axis=( -0.275970  0.880572  0.385270)
     C    5    Vzz=    0.3154    axis=( -0.375085 -0.467719  0.800344)
     C    5  Q=         1.0000 1e-30 m^2  Cq=         0.7411 MHz  eta= 0.25902

     H    6    Vxx=   -0.1332    axis=(  0.898377  0.207178 -0.387292)
     H    6    Vyy=   -0.1885    axis=( -0.437303  0.504286 -0.744622)
     H    6    Vzz=    0.3218    axis=( -0.041037 -0.838316 -0.543638)
     H    6  Q=         1.0000 1e-30 m^2  Cq=         0.7560 MHz  eta= 0.17194

     H    7    Vxx=   -0.1233    axis=( -0.974953 -0.214964 -0.057067)
     H    7    Vyy=   -0.2130    axis=( -0.179496  0.608986  0.772604)
     H    7    Vzz=    0.3363    axis=(  0.131329 -0.763496  0.632318)
     H    7  Q=         1.0000 1e-30 m^2  Cq=         0.7902 MHz  eta= 0.26651

     C    8    Vxx=   -0.0887    axis=(  0.649144  0.678529 -0.343818)
     C    8    Vyy=   -0.2551    axis=( -0.731434  0.432699 -0.527044)
     C    8    Vzz=    0.3438    axis=( -0.208845  0.593607  0.777183)
     C    8  Q=         1.0000 1e-30 m^2  Cq=         0.8079 MHz  eta= 0.48378

     H    9    Vxx=   -0.1117    axis=(  0.130322  0.853738  0.504131)
     H    9    Vyy=   -0.2142    axis=(  0.533463  0.368214 -0.761469)
     H    9    Vzz=    0.3260    axis=(  0.835723 -0.368171  0.407452)
     H    9  Q=         1.0000 1e-30 m^2  Cq=         0.7659 MHz  eta= 0.31443

     C   10    Vxx=   -0.0123    axis=( -0.651430  0.301374 -0.696285)
     C   10    Vyy=   -0.3280    axis=( -0.638393 -0.713647  0.288378)
     C   10    Vzz=    0.3403    axis=( -0.409992  0.632362  0.657286)
     C   10  Q=         1.0000 1e-30 m^2  Cq=         0.7996 MHz  eta= 0.92794

     C   11    Vxx=    0.1361    axis=( -0.657734 -0.748662 -0.083011)
     C   11    Vyy=    0.2894    axis=( -0.481625  0.333258  0.810541)
     C   11    Vzz=   -0.4254    axis=(  0.579157 -0.573101  0.579769)
     C   11  Q=         1.0000 1e-30 m^2  Cq=        -0.9996 MHz  eta= 0.36025

     Cl  12    Vxx=   -1.7147    axis=( -0.263856  0.422596  0.867060)
     Cl  12    Vyy=   -2.1900    axis=(  0.536094 -0.683039  0.496045)
     Cl  12    Vzz=    3.9047    axis=( -0.801862 -0.595710  0.046327)
     Cl  12  Q=        -8.1650 1e-30 m^2  Cq=       -74.9097 MHz  eta= 0.12170

     H   13    Vxx=   -0.0394    axis=(  0.988403 -0.065997 -0.136763)
     H   13    Vyy=   -0.4259    axis=( -0.095127  0.432914 -0.896402)
     H   13    Vzz=    0.4653    axis=(  0.118366  0.899016  0.421615)
     H   13  Q=         1.0000 1e-30 m^2  Cq=         1.0932 MHz  eta= 0.83064

     C   14    Vxx=   -0.0265    axis=(  0.199354  0.696197  0.689615)
     C   14    Vyy=   -0.3915    axis=( -0.932465  0.351136 -0.084931)
     C   14    Vzz=    0.4180    axis=( -0.301277 -0.626110  0.719179)
     C   14  Q=         1.0000 1e-30 m^2  Cq=         0.9821 MHz  eta= 0.87311

     H   15    Vxx=   -0.0659    axis=(  0.604383 -0.650651 -0.459754)
     H   15    Vyy=   -0.3658    axis=(  0.088507  0.628340 -0.772888)
     H   15    Vzz=    0.4317    axis=(  0.791762  0.426429  0.437345)
     H   15  Q=         1.0000 1e-30 m^2  Cq=         1.0143 MHz  eta= 0.69474

     C   16    Vxx=    0.0512    axis=(  0.849488 -0.477627 -0.224149)
     C   16    Vyy=    0.3366    axis=( -0.094964 -0.556317  0.825526)
     C   16    Vzz=   -0.3879    axis=( -0.518992 -0.679988 -0.517942)
     C   16  Q=         1.0000 1e-30 m^2  Cq=        -0.9114 MHz  eta= 0.73578

     C   17    Vxx=    0.0552    axis=(  0.018969 -0.663742  0.747721)
     C   17    Vyy=    0.2417    axis=(  0.748189 -0.486654 -0.450977)
     C   17    Vzz=   -0.2969    axis=( -0.663214 -0.567992 -0.487373)
     C   17  Q=         1.0000 1e-30 m^2  Cq=        -0.6975 MHz  eta= 0.62821

     Cl  18    Vxx=   -1.1214    axis=( -0.337647 -0.433416  0.835551)
     Cl  18    Vyy=   -2.0513    axis=(  0.516818  0.656543  0.549408)
     Cl  18    Vzz=    3.1727    axis=( -0.786698  0.617334  0.002317)
     Cl  18  Q=        -8.1650 1e-30 m^2  Cq=       -60.8675 MHz  eta= 0.29308

     H   19    Vxx=   -0.0699    axis=(  0.975062  0.136505  0.174984)
     H   19    Vyy=   -0.3219    axis=( -0.218321  0.448359  0.866781)
     H   19    Vzz=    0.3919    axis=(  0.039864 -0.883369  0.466980)
     H   19  Q=         1.0000 1e-30 m^2  Cq=         0.9208 MHz  eta= 0.64303

     C   20    Vxx=   -0.1334    axis=( -0.704858  0.593936 -0.387835)
     C   20    Vyy=   -0.2694    axis=(  0.678180  0.724534 -0.122975)
     C   20    Vzz=    0.4028    axis=( -0.207960  0.349702  0.913488)
     C   20  Q=         1.0000 1e-30 m^2  Cq=         0.9463 MHz  eta= 0.33768

     H   21    Vxx=   -0.0126    axis=(  0.474744  0.878691 -0.050208)
     H   21    Vyy=   -0.4939    axis=( -0.416479  0.274541  0.866702)
     H   21    Vzz=    0.5064    axis=(  0.775348 -0.390551  0.496293)
     H   21  Q=         1.0000 1e-30 m^2  Cq=         1.1899 MHz  eta= 0.95035

     C   22    Vxx=   -0.0025    axis=(  0.627579  0.696463 -0.347971)
     C   22    Vyy=   -0.3617    axis=( -0.776415  0.526773 -0.345961)
     C   22    Vzz=    0.3642    axis=( -0.057647  0.487288  0.871336)
     C   22  Q=         1.0000 1e-30 m^2  Cq=         0.8556 MHz  eta= 0.98654

     C   23    Vxx=    0.0929    axis=( -0.145285 -0.738179 -0.658775)
     C   23    Vyy=    0.1512    axis=(  0.944874  0.093958 -0.313663)
     C   23    Vzz=   -0.2440    axis=(  0.293436 -0.668030  0.683836)
     C   23  Q=         1.0000 1e-30 m^2  Cq=        -0.5734 MHz  eta= 0.23886

     Cl  24    Vxx=   -1.4527    axis=( -0.547493  0.668673  0.503119)
     Cl  24    Vyy=   -2.1234    axis=(  0.326741 -0.382687  0.864171)
     Cl  24    Vzz=    3.5761    axis=( -0.770384 -0.637517  0.008965)
     Cl  24  Q=        -8.1650 1e-30 m^2  Cq=       -68.6048 MHz  eta= 0.18756

     Initialization:
     gipaw_setup  :      9.05s CPU     10.90s WALL (       1 calls)

     Linear response

     Apply operators

     Induced current

     Other routines
     efg          :      9.48s CPU     11.87s WALL (       1 calls)

     General routines
     calbec       :      3.33s CPU      4.49s WALL (      16 calls)
     fft          :      1.74s CPU      3.06s WALL (      15 calls)
     ffts         :      0.03s CPU      0.06s WALL (       2 calls)
     fftw         :      3.40s CPU      3.97s WALL (     672 calls)
     davcio       :      0.04s CPU      0.32s WALL (      32 calls)

     Parallel routines
     fft_scatter  :      2.37s CPU      4.15s WALL (     689 calls)

     Plugins

     GIPAW        :     60.82s CPU     72.45s WALL (       1 calls)
