
     Program QE v.6.0 (svn rev. 13079) starts on 15Dec2016 at  5:24:59 

     This program is part of the open-source Quantum ESPRESSO suite
     for quantum simulation of materials; please cite
         "P. Giannozzi et al., J. Phys.:Condens. Matter 21 395502 (2009);
          URL http://www.quantum-espresso.org", 
     in publications or presentations arising from this work. More details at
     http://www.quantum-espresso.org/quote

     Parallel version (MPI), running on     8 processors
     R & G space division:  proc/nbgrp/npool/nimage =       8

     ***** This is GIPAW svn revision unknown      *****

     Parallelizing q-star over 1 images

     Reading data from directory:
     /users/majewski/paradichlorobenzene/pbe/9_constraint/scratch/pbe.ecut100.np8.dt60.pcl2phi-129368.save
     Message from routine read_xml_file:
     file /users/majewski/paradichlorobenzene/pbe/9_constraint/scratch/pbe.ecut100.np8.dt60.pcl2phi-129368.save not guaranteed to be safe for post-processing

   Info: using nr1, nr2, nr3 values from input

   Info: using nr1, nr2, nr3 values from input

     IMPORTANT: XC functional enforced from input :
     Exchange-correlation      =  SLA  PW   PBX  PBC ( 1  4  3  4 0 0)
     Any further DFT definition will be discarded
     Please, verify this is what you really want

               file C.pbe-n-kjpaw_psl.1.0.0.UPF: wavefunction(s)  2S 2P renormalized
               file Cl.pbe-n-kjpaw_psl.1.0.0.UPF: wavefunction(s)  3S 3P renormalized
               file H.pbe-kjpaw_psl.1.0.0.UPF: wavefunction(s)  1S renormalized

     Parallelization info
     --------------------
     sticks:   dense  smooth     PW     G-vecs:    dense   smooth      PW
     Min        3057    1223    332               144436    36536    5170
     Max        3059    1225    333               144437    36537    5171
     Sum       24467    9791   2657              1155489   292295   41363


     Subspace diagonalization in iterative solution of the eigenvalue problem:
     a serial algorithm will be used

     GIPAW projectors -----------------------------------------------
     atom=  C    l=0  rc=    1.2000  rs=    0.8000
     atom=  C    l=0  rc=    1.2000  rs=    0.8000
     atom=  C    l=1  rc=    1.4000  rs=    0.9333
     atom=  C    l=1  rc=    1.4000  rs=    0.9333
     projs nearly linearly dependent: l=1  n1,n2= 1, 2  s=  0.99951561

     atom=  Cl   l=0  rc=    1.6000  rs=    1.0667
     atom=  Cl   l=0  rc=    1.6000  rs=    1.0667
     atom=  Cl   l=1  rc=    1.6000  rs=    1.0667
     atom=  Cl   l=1  rc=    1.6000  rs=    1.0667
     atom=  Cl   l=2  rc=    1.6000  rs=    1.0667
     atom=  Cl   l=2  rc=    1.6000  rs=    1.0667
     projs nearly linearly dependent: l=2  n1,n2= 1, 2  s=  0.99993509

     atom=  H    l=0  rc=    1.0000  rs=    0.6667
     atom=  H    l=0  rc=    1.0000  rs=    0.6667
     projs nearly linearly dependent: l=0  n1,n2= 1, 2  s=  0.99968852
     -----------------------------------------------------------------

     GIPAW integrals: -------------------------------------------
     Atom  i/j   nmr_para   nmr_dia   epr_rmc  epr_para   epr_dia
       C   1 1   0.83E+03  0.17E-01  0.93E+01  0.24E+08  0.24E+03
       C   2 1   0.86E+03 -0.61E-01  0.94E+01  0.25E+08  0.25E+03
       C   2 2   0.90E+03 -0.15E+00  0.97E+01  0.26E+08  0.26E+03
       C   3 3   0.33E+01  0.34E+00  0.18E+01  0.55E+03  0.21E+02
       C   4 3   0.35E+01  0.37E+00  0.20E+01  0.59E+03  0.22E+02
       C   4 4   0.38E+01  0.39E+00  0.22E+01  0.63E+03  0.24E+02
       Cl  1 1   0.14E+04 -0.47E+00  0.84E+01  0.32E+09  0.42E+03
       Cl  2 1   0.21E+04 -0.37E+00  0.12E+02  0.49E+09  0.65E+03
       Cl  2 2   0.33E+04 -0.16E+00  0.21E+02  0.76E+09  0.10E+04
       Cl  3 3   0.21E+02  0.79E-01  0.89E+01  0.23E+05  0.13E+03
       Cl  4 3   0.24E+02  0.67E-01  0.99E+01  0.27E+05  0.15E+03
       Cl  4 4   0.28E+02  0.44E-01  0.11E+02  0.32E+05  0.18E+03
       Cl  5 5   0.77E+00  0.19E+00  0.18E+01  0.12E+03  0.22E+02
       Cl  6 5   0.80E+00  0.19E+00  0.19E+01  0.12E+03  0.23E+02
       Cl  6 6   0.83E+00  0.20E+00  0.19E+01  0.12E+03  0.23E+02
       H   1 1   0.39E+02  0.19E+00  0.29E+00  0.78E+05  0.13E+02
       H   2 1   0.41E+02  0.21E+00  0.32E+00  0.82E+05  0.14E+02
       H   2 2   0.43E+02  0.22E+00  0.36E+00  0.86E+05  0.15E+02
     ------------------------------------------------------------

     alpha_pv=     34.0339 eV

     Number of occupied bands for each k-point:
     k-point:     1    nbnd_occ=  42
     k-point:     2    nbnd_occ=  42
     k-point:     3    nbnd_occ=  42
     k-point:     4    nbnd_occ=  42
     k-point:     5    nbnd_occ=  42
     k-point:     6    nbnd_occ=  42
     k-point:     7    nbnd_occ=  42
     k-point:     8    nbnd_occ=  42
     k-point:     9    nbnd_occ=  42
     k-point:    10    nbnd_occ=  42
     k-point:    11    nbnd_occ=  42
     k-point:    12    nbnd_occ=  42
     k-point:    13    nbnd_occ=  42
     k-point:    14    nbnd_occ=  42
     k-point:    15    nbnd_occ=  42
     k-point:    16    nbnd_occ=  42


     q-space interpolation up to   110.00 Rydberg

     GIPAW job: efg                                                                             


     ELECTRIC FIELD GRADIENTS TENSORS IN Hartree/bohrradius^2:

     ----- bare term -----
     Cl   1       -0.085188        0.074765        0.062622
     Cl   1        0.074765       -0.042668        0.078580
     Cl   1        0.062622        0.078580        0.127856

     C    2       -0.534669        0.049071       -0.305019
     C    2        0.049071       -0.051754       -0.351220
     C    2       -0.305019       -0.351220        0.586423

     C    3       -0.015489       -0.006766       -0.322982
     C    3       -0.006766       -0.313641       -0.499578
     C    3       -0.322982       -0.499578        0.329130

     H    4       -0.433461        0.205637       -0.380682
     H    4        0.205637        0.089768       -0.174462
     H    4       -0.380682       -0.174462        0.343693

     C    5       -0.506573        0.313484       -0.231559
     C    5        0.313484        0.094606       -0.301739
     C    5       -0.231559       -0.301739        0.411967

     H    6        0.400574        0.016073       -0.266884
     H    6        0.016073       -0.201302       -0.387516
     H    6       -0.266884       -0.387516       -0.199273

     H    7        0.437861        0.038271        0.195137
     H    7        0.038271       -0.063077        0.374568
     H    7        0.195137        0.374568       -0.374784

     C    8       -0.408221       -0.256576       -0.432873
     C    8       -0.256576        0.037151        0.398087
     C    8       -0.432873        0.398087        0.371070

     H    9       -0.031018        0.026439       -0.516554
     H    9        0.026439        0.168867       -0.195901
     H    9       -0.516554       -0.195901       -0.137849

     C   10       -0.092359       -0.339352       -0.219148
     C   10       -0.339352       -0.209154        0.600393
     C   10       -0.219148        0.600393        0.301513

     C   11       -0.243291        0.094303       -0.353410
     C   11        0.094303       -0.075512        0.527104
     C   11       -0.353410        0.527104        0.318804

     Cl  12       -0.049347       -0.056309        0.023619
     Cl  12       -0.056309       -0.032190        0.013998
     Cl  12        0.023619        0.013998        0.081537

     H   13        0.481696        0.003902       -0.151511
     H   13        0.003902        0.096819       -0.221687
     H   13       -0.151511       -0.221687       -0.578516

     C   14       -0.348994        0.303545       -0.095026
     C   14        0.303545       -0.094503       -0.420363
     C   14       -0.095026       -0.420363        0.443497

     H   15       -0.268398        0.103658       -0.559011
     H   15        0.103658        0.157199        0.042374
     H   15       -0.559011        0.042374        0.111199

     C   16       -0.157705        0.163882       -0.236194
     C   16        0.163882       -0.105026       -0.650050
     C   16       -0.236194       -0.650050        0.262732

     C   17       -0.263373        0.048774       -0.396528
     C   17        0.048774       -0.027711       -0.434920
     C   17       -0.396528       -0.434920        0.291084

     Cl  18       -0.164122        0.073989       -0.035810
     Cl  18        0.073989       -0.084952       -0.097322
     Cl  18       -0.035810       -0.097322        0.249074

     H   19        0.433498        0.068973       -0.158436
     H   19        0.068973       -0.145728        0.506407
     H   19       -0.158436        0.506407       -0.287770

     C   20       -0.243160       -0.355668       -0.143733
     C   20       -0.355668       -0.255496        0.415837
     C   20       -0.143733        0.415837        0.498655

     H   21       -0.366439       -0.031990       -0.547772
     H   21       -0.031990        0.244357        0.037995
     H   21       -0.547772        0.037995        0.122082

     C   22       -0.160024       -0.136191       -0.253827
     C   22       -0.136191       -0.124710        0.646654
     C   22       -0.253827        0.646654        0.284735

     C   23       -0.246872       -0.158005       -0.354871
     C   23       -0.158005       -0.114701        0.496598
     C   23       -0.354871        0.496598        0.361573

     Cl  24       -0.051039       -0.114049       -0.112002
     Cl  24       -0.114049        0.057477        0.135701
     Cl  24       -0.112002        0.135701       -0.006438

     ----- ionic term -----
     Cl   1        0.075122       -0.224779       -0.007241
     Cl   1       -0.224779        0.069835        0.017200
     Cl   1       -0.007241        0.017200       -0.144957

     C    2        0.134425       -0.220129        0.270403
     C    2       -0.220129        0.061451        0.442527
     C    2        0.270403        0.442527       -0.195876

     C    3        0.146562       -0.263435        0.160184
     C    3       -0.263435        0.059379        0.453923
     C    3        0.160184        0.453923       -0.205941

     H    4        0.638059        0.144122        0.708451
     H    4        0.144122       -0.522727        0.162743
     H    4        0.708451        0.162743       -0.115332

     C    5        0.327572       -0.240936        0.219711
     C    5       -0.240936       -0.072418        0.334189
     C    5        0.219711        0.334189       -0.255154

     H    6       -0.518689        0.103418        0.083679
     H    6        0.103418        0.450331        0.810148
     H    6        0.083679        0.810148        0.068358

     H    7       -0.533719        0.001640        0.030282
     H    7        0.001640        0.388073       -0.795160
     H    7        0.030282       -0.795160        0.145645

     C    8        0.209661        0.249786        0.320542
     C    8        0.249786       -0.054127       -0.303550
     C    8        0.320542       -0.303550       -0.155534

     H    9        0.474082       -0.101716        0.767145
     H    9       -0.101716       -0.519697       -0.159920
     H    9        0.767145       -0.159920        0.045615

     C   10        0.073738        0.278857        0.216146
     C   10        0.278857        0.075409       -0.424661
     C   10        0.216146       -0.424661       -0.149147

     C   11        0.173269        0.172276        0.271766
     C   11        0.172276        0.031654       -0.465233
     C   11        0.271766       -0.465233       -0.204923

     Cl  12        0.142647        0.216063        0.011916
     Cl  12        0.216063        0.001135       -0.006084
     Cl  12        0.011916       -0.006084       -0.143783

     H   13       -0.506322        0.125816        0.146565
     H   13        0.125816        0.359318        0.802394
     H   13        0.146565        0.802394        0.147005

     C   14        0.282124       -0.229677        0.261529
     C   14       -0.229677       -0.062606        0.324789
     C   14        0.261529        0.324789       -0.219519

     H   15        0.725314        0.251781        0.614366
     H   15        0.251781       -0.504012        0.206115
     H   15        0.614366        0.206115       -0.221301

     C   16        0.160286       -0.256405        0.137601
     C   16       -0.256405        0.026392        0.429275
     C   16        0.137601        0.429275       -0.186679

     C   17        0.273204       -0.204949        0.206980
     C   17       -0.204949       -0.108780        0.433869
     C   17        0.206980        0.433869       -0.164424

     Cl  18        0.141255       -0.198415       -0.050505
     Cl  18       -0.198415       -0.026301        0.029583
     Cl  18       -0.050505        0.029583       -0.114954

     H   19       -0.524772       -0.074824        0.045298
     H   19       -0.074824        0.515006       -0.769406
     H   19        0.045298       -0.769406        0.009766

     C   20        0.209508        0.152285        0.263245
     C   20        0.152285        0.071080       -0.321298
     C   20        0.263245       -0.321298       -0.280588

     H   21        0.669221       -0.289404        0.639520
     H   21       -0.289404       -0.423211       -0.224901
     H   21        0.639520       -0.224901       -0.246010

     C   22        0.069766        0.221691        0.198365
     C   22        0.221691        0.228297       -0.420628
     C   22        0.198365       -0.420628       -0.298063

     C   23        0.088303        0.243675        0.352227
     C   23        0.243675        0.134213       -0.402651
     C   23        0.352227       -0.402651       -0.222517

     Cl  24        0.101359        0.234382        0.026428
     Cl  24        0.234382        0.050349        0.009953
     Cl  24        0.026428        0.009953       -0.151708

     ----- GIPAW term -----
     Cl   1       -0.300471       -0.903884        1.124388
     Cl   1       -0.903884       -0.740656        1.677597
     Cl   1        1.124388        1.677597        1.041127

     C    2       -0.145971       -0.086541       -0.069314
     C    2       -0.086541       -0.120033       -0.035641
     C    2       -0.069314       -0.035641        0.266004

     C    3       -0.041385       -0.109836       -0.128656
     C    3       -0.109836        0.002751        0.038511
     C    3       -0.128656        0.038511        0.038634

     H    4       -0.000000        0.000000        0.000000
     H    4        0.000000        0.000000        0.000000
     H    4        0.000000        0.000000        0.000000

     C    5       -0.075017       -0.058770        0.000100
     C    5       -0.058770        0.092385       -0.063387
     C    5        0.000100       -0.063387       -0.017368

     H    6       -0.000000        0.000000        0.000000
     H    6        0.000000        0.000000        0.000000
     H    6        0.000000        0.000000        0.000000

     H    7       -0.000000        0.000000        0.000000
     H    7        0.000000        0.000000        0.000000
     H    7        0.000000        0.000000        0.000000

     C    8       -0.042554       -0.086839       -0.112029
     C    8       -0.086839       -0.004547        0.110687
     C    8       -0.112029        0.110687        0.047100

     H    9       -0.000000        0.000000        0.000000
     H    9        0.000000        0.000000        0.000000
     H    9        0.000000        0.000000        0.000000

     C   10       -0.058711       -0.093549       -0.062581
     C   10       -0.093549        0.053000        0.146928
     C   10       -0.062581        0.146928        0.005711

     C   11        0.023220        0.163538       -0.015744
     C   11        0.163538       -0.037652        0.096821
     C   11       -0.015744        0.096821        0.014431

     Cl  12        1.219729        2.096543        0.153909
     Cl  12        2.096543       -0.136429        0.101656
     Cl  12        0.153909        0.101656       -1.083300

     H   13       -0.000000        0.000000        0.000000
     H   13        0.000000        0.000000        0.000000
     H   13        0.000000        0.000000        0.000000

     C   14       -0.143420        0.030464        0.011189
     C   14        0.030464       -0.074081       -0.200841
     C   14        0.011189       -0.200841        0.217501

     H   15       -0.000000        0.000000        0.000000
     H   15        0.000000        0.000000        0.000000
     H   15        0.000000        0.000000        0.000000

     C   16       -0.144624        0.013050       -0.055700
     C   16        0.013050        0.072850       -0.253931
     C   16       -0.055700       -0.253931        0.071774

     C   17        0.034344       -0.104488       -0.055173
     C   17       -0.104488        0.015889       -0.042291
     C   17       -0.055173       -0.042291       -0.050234

     Cl  18       -0.445313       -1.485577       -0.538218
     Cl  18       -1.485577       -1.069965       -1.172223
     Cl  18       -0.538218       -1.172223        1.515279

     H   19       -0.000000        0.000000        0.000000
     H   19        0.000000        0.000000        0.000000
     H   19        0.000000        0.000000        0.000000

     C   20       -0.015709       -0.068249        0.050710
     C   20       -0.068249       -0.119549        0.082412
     C   20        0.050710        0.082412        0.135258

     H   21       -0.000000        0.000000        0.000000
     H   21        0.000000        0.000000        0.000000
     H   21        0.000000        0.000000        0.000000

     C   22       -0.113532        0.021284       -0.043868
     C   22        0.021284        0.076984        0.205539
     C   22       -0.043868        0.205539        0.036548

     C   23       -0.009338        0.095498       -0.063819
     C   23        0.095498        0.013223        0.137615
     C   23       -0.063819        0.137615       -0.003885

     Cl  24        0.685134        0.912659       -0.940885
     Cl  24        0.912659        0.810922        1.413358
     Cl  24       -0.940885        1.413358       -1.496057

     ----- total EFG -----
     Cl   1       -0.310537       -1.053898        1.179769
     Cl   1       -1.053898       -0.713489        1.773377
     Cl   1        1.179769        1.773377        1.024026

     C    2       -0.546216       -0.257599       -0.103929
     C    2       -0.257599       -0.110336        0.055665
     C    2       -0.103929        0.055665        0.656552

     C    3        0.089689       -0.380037       -0.291454
     C    3       -0.380037       -0.251511       -0.007145
     C    3       -0.291454       -0.007145        0.161822

     H    4        0.204599        0.349760        0.327769
     H    4        0.349760       -0.432959       -0.011719
     H    4        0.327769       -0.011719        0.228360

     C    5       -0.254019        0.013779       -0.011747
     C    5        0.013779        0.114573       -0.030937
     C    5       -0.011747       -0.030937        0.139445

     H    6       -0.118115        0.119491       -0.183205
     H    6        0.119491        0.249029        0.422632
     H    6       -0.183205        0.422632       -0.130915

     H    7       -0.095858        0.039911        0.225419
     H    7        0.039911        0.324997       -0.420591
     H    7        0.225419       -0.420591       -0.229139

     C    8       -0.241114       -0.093629       -0.224360
     C    8       -0.093629       -0.021523        0.205224
     C    8       -0.224360        0.205224        0.262637

     H    9        0.443064       -0.075277        0.250591
     H    9       -0.075277       -0.350830       -0.355822
     H    9        0.250591       -0.355822       -0.092234

     C   10       -0.077332       -0.154045       -0.065583
     C   10       -0.154045       -0.080745        0.322659
     C   10       -0.065583        0.322659        0.158077

     C   11       -0.046802        0.430116       -0.097388
     C   11        0.430116       -0.081510        0.158691
     C   11       -0.097388        0.158691        0.128311

     Cl  12        1.313029        2.256298        0.189445
     Cl  12        2.256298       -0.167483        0.109570
     Cl  12        0.189445        0.109570       -1.145546

     H   13       -0.024626        0.129718       -0.004946
     H   13        0.129718        0.456137        0.580707
     H   13       -0.004946        0.580707       -0.431511

     C   14       -0.210289        0.104331        0.177692
     C   14        0.104331       -0.231190       -0.296416
     C   14        0.177692       -0.296416        0.441479

     H   15        0.456916        0.355439        0.055355
     H   15        0.355439       -0.346814        0.248489
     H   15        0.055355        0.248489       -0.110102

     C   16       -0.142043       -0.079474       -0.154293
     C   16       -0.079474       -0.005783       -0.474705
     C   16       -0.154293       -0.474705        0.147827

     C   17        0.044176       -0.260663       -0.244721
     C   17       -0.260663       -0.120602       -0.043342
     C   17       -0.244721       -0.043342        0.076426

     Cl  18       -0.468180       -1.610004       -0.624533
     Cl  18       -1.610004       -1.181219       -1.239963
     Cl  18       -0.624533       -1.239963        1.649399

     H   19       -0.091274       -0.005851       -0.113138
     H   19       -0.005851        0.369278       -0.263000
     H   19       -0.113138       -0.263000       -0.278004

     C   20       -0.049361       -0.271632        0.170221
     C   20       -0.271632       -0.303965        0.176951
     C   20        0.170221        0.176951        0.353325

     H   21        0.302782       -0.321394        0.091748
     H   21       -0.321394       -0.178854       -0.186906
     H   21        0.091748       -0.186906       -0.123928

     C   22       -0.203790        0.106784       -0.099330
     C   22        0.106784        0.180570        0.431565
     C   22       -0.099330        0.431565        0.023220

     C   23       -0.167907        0.181168       -0.066464
     C   23        0.181168        0.032736        0.231562
     C   23       -0.066464        0.231562        0.135172

     Cl  24        0.735455        1.032992       -1.026459
     Cl  24        1.032992        0.918749        1.559012
     Cl  24       -1.026459        1.559012       -1.654203

     ----- total EFG (symmetrized) -----
     Cl   1       -0.310537       -1.053898        1.179769
     Cl   1       -1.053898       -0.713489        1.773377
     Cl   1        1.179769        1.773377        1.024026

     C    2       -0.546216       -0.257599       -0.103929
     C    2       -0.257599       -0.110336        0.055665
     C    2       -0.103929        0.055665        0.656552

     C    3        0.089689       -0.380037       -0.291454
     C    3       -0.380037       -0.251511       -0.007145
     C    3       -0.291454       -0.007145        0.161822

     H    4        0.204599        0.349760        0.327769
     H    4        0.349760       -0.432959       -0.011719
     H    4        0.327769       -0.011719        0.228360

     C    5       -0.254019        0.013779       -0.011747
     C    5        0.013779        0.114573       -0.030937
     C    5       -0.011747       -0.030937        0.139445

     H    6       -0.118115        0.119491       -0.183205
     H    6        0.119491        0.249029        0.422632
     H    6       -0.183205        0.422632       -0.130915

     H    7       -0.095858        0.039911        0.225419
     H    7        0.039911        0.324997       -0.420591
     H    7        0.225419       -0.420591       -0.229139

     C    8       -0.241114       -0.093629       -0.224360
     C    8       -0.093629       -0.021523        0.205224
     C    8       -0.224360        0.205224        0.262637

     H    9        0.443064       -0.075277        0.250591
     H    9       -0.075277       -0.350830       -0.355822
     H    9        0.250591       -0.355822       -0.092234

     C   10       -0.077332       -0.154045       -0.065583
     C   10       -0.154045       -0.080745        0.322659
     C   10       -0.065583        0.322659        0.158077

     C   11       -0.046802        0.430116       -0.097388
     C   11        0.430116       -0.081510        0.158691
     C   11       -0.097388        0.158691        0.128311

     Cl  12        1.313029        2.256298        0.189445
     Cl  12        2.256298       -0.167483        0.109570
     Cl  12        0.189445        0.109570       -1.145546

     H   13       -0.024626        0.129718       -0.004946
     H   13        0.129718        0.456137        0.580707
     H   13       -0.004946        0.580707       -0.431511

     C   14       -0.210289        0.104331        0.177692
     C   14        0.104331       -0.231190       -0.296416
     C   14        0.177692       -0.296416        0.441479

     H   15        0.456916        0.355439        0.055355
     H   15        0.355439       -0.346814        0.248489
     H   15        0.055355        0.248489       -0.110102

     C   16       -0.142043       -0.079474       -0.154293
     C   16       -0.079474       -0.005783       -0.474705
     C   16       -0.154293       -0.474705        0.147827

     C   17        0.044176       -0.260663       -0.244721
     C   17       -0.260663       -0.120602       -0.043342
     C   17       -0.244721       -0.043342        0.076426

     Cl  18       -0.468180       -1.610004       -0.624533
     Cl  18       -1.610004       -1.181219       -1.239963
     Cl  18       -0.624533       -1.239963        1.649399

     H   19       -0.091274       -0.005851       -0.113138
     H   19       -0.005851        0.369278       -0.263000
     H   19       -0.113138       -0.263000       -0.278004

     C   20       -0.049361       -0.271632        0.170221
     C   20       -0.271632       -0.303965        0.176951
     C   20        0.170221        0.176951        0.353325

     H   21        0.302782       -0.321394        0.091748
     H   21       -0.321394       -0.178854       -0.186906
     H   21        0.091748       -0.186906       -0.123928

     C   22       -0.203790        0.106784       -0.099330
     C   22        0.106784        0.180570        0.431565
     C   22       -0.099330        0.431565        0.023220

     C   23       -0.167907        0.181168       -0.066464
     C   23        0.181168        0.032736        0.231562
     C   23       -0.066464        0.231562        0.135172

     Cl  24        0.735455        1.032992       -1.026459
     Cl  24        1.032992        0.918749        1.559012
     Cl  24       -1.026459        1.559012       -1.654203


     NQR/NMR SPECTROSCOPIC PARAMETERS:
     Cl   1    Vxx=    0.5421    axis=(  0.818840 -0.567747  0.084639)
     Cl   1    Vyy=    2.2297    axis=(  0.218732  0.444936  0.868440)
     Cl   1    Vzz=   -2.7719    axis=( -0.530713 -0.692600  0.488516)
     Cl   1  Q=        -8.1650 1e-30 m^2  Cq=        53.1771 MHz  eta= 0.60883

     C    2    Vxx=   -0.0041    axis=( -0.403045  0.904470 -0.139605)
     C    2    Vyy=   -0.6695    axis=(  0.908969  0.413367  0.053887)
     C    2    Vzz=    0.6737    axis=( -0.106447  0.105178  0.988740)
     C    2  Q=         1.0000 1e-30 m^2  Cq=         1.5828 MHz  eta= 0.98772

     C    3    Vxx=    0.0261    axis=( -0.369641  0.525724 -0.766146)
     C    3    Vyy=    0.5139    axis=(  0.723945 -0.353931 -0.592145)
     C    3    Vzz=   -0.5400    axis=(  0.582468  0.773529  0.249768)
     C    3  Q=         1.0000 1e-30 m^2  Cq=        -1.2688 MHz  eta= 0.90330

     H    4    Vxx=    0.0118    axis=( -0.510437 -0.421179  0.749709)
     H    4    Vyy=    0.6028    axis=(  0.734059  0.240691  0.635000)
     H    4    Vzz=   -0.6146    axis=(  0.447896 -0.874458 -0.186313)
     H    4  Q=         1.0000 1e-30 m^2  Cq=        -1.4441 MHz  eta= 0.96165

     C    5    Vxx=    0.0937    axis=(  0.013732  0.826449  0.562844)
     C    5    Vyy=    0.1611    axis=( -0.042031 -0.561923  0.826121)
     C    5    Vzz=   -0.2548    axis=( -0.999022  0.035001 -0.027020)
     C    5  Q=         1.0000 1e-30 m^2  Cq=        -0.5987 MHz  eta= 0.26432

     H    6    Vxx=    0.0002    axis=(  0.879621  0.257198 -0.400146)
     H    6    Vyy=    0.5224    axis=( -0.001396 -0.839816 -0.542869)
     H    6    Vzz=   -0.5226    axis=( -0.475673  0.478078 -0.738361)
     H    6  Q=         1.0000 1e-30 m^2  Cq=        -1.2279 MHz  eta= 0.99937

     H    7    Vxx=   -0.0012    axis=(  0.896003  0.305666  0.322096)
     H    7    Vyy=   -0.5588    axis=(  0.428372 -0.403981 -0.808267)
     H    7    Vzz=    0.5600    axis=( -0.116940  0.862187 -0.492908)
     H    7  Q=         1.0000 1e-30 m^2  Cq=         1.3159 MHz  eta= 0.99568

     C    8    Vxx=   -0.1271    axis=( -0.090894 -0.901787  0.422515)
     C    8    Vyy=   -0.3275    axis=( -0.939919 -0.062514 -0.335627)
     C    8    Vzz=    0.4546    axis=( -0.329077  0.427636  0.841924)
     C    8  Q=         1.0000 1e-30 m^2  Cq=         1.0681 MHz  eta= 0.44073

     H    9    Vxx=    0.0161    axis=(  0.492380  0.551743 -0.673158)
     H    9    Vyy=    0.5910    axis=( -0.866279  0.235661 -0.440482)
     H    9    Vzz=   -0.6071    axis=( -0.084395  0.800027  0.593998)
     H    9  Q=         1.0000 1e-30 m^2  Cq=        -1.4264 MHz  eta= 0.94691

     C   10    Vxx=   -0.0846    axis=(  0.892856 -0.140312  0.427927)
     C   10    Vyy=   -0.3392    axis=(  0.354472  0.805066 -0.475624)
     C   10    Vzz=    0.4238    axis=( -0.277774  0.576352  0.768544)
     C   10  Q=         1.0000 1e-30 m^2  Cq=         0.9956 MHz  eta= 0.60091

     C   11    Vxx=    0.1701    axis=( -0.317559  0.054231  0.946686)
     C   11    Vyy=    0.3739    axis=(  0.680591  0.708204  0.187730)
     C   11    Vzz=   -0.5440    axis=( -0.660266  0.703922 -0.261806)
     C   11  Q=         1.0000 1e-30 m^2  Cq=        -1.2781 MHz  eta= 0.37471

     Cl  12    Vxx=   -1.1563    axis=( -0.022564 -0.059100  0.997997)
     Cl  12    Vyy=   -1.8026    axis=( -0.587560  0.808441  0.034591)
     Cl  12    Vzz=    2.9589    axis=( -0.808866 -0.585603 -0.052966)
     Cl  12  Q=        -8.1650 1e-30 m^2  Cq=       -56.7659 MHz  eta= 0.21843

     H   13    Vxx=   -0.0357    axis=(  0.985484 -0.089802 -0.144074)
     H   13    Vyy=   -0.7241    axis=(  0.089294 -0.447592  0.889768)
     H   13    Vzz=    0.7599    axis=( -0.144390 -0.889717 -0.433076)
     H   13  Q=         1.0000 1e-30 m^2  Cq=         1.7853 MHz  eta= 0.90597

     C   14    Vxx=   -0.1199    axis=(  0.802433  0.593766  0.059523)
     C   14    Vyy=   -0.4556    axis=( -0.572550  0.737950  0.357234)
     C   14    Vzz=    0.5755    axis=(  0.168189 -0.320736  0.932116)
     C   14  Q=         1.0000 1e-30 m^2  Cq=         1.3523 MHz  eta= 0.58332

     H   15    Vxx=   -0.0388    axis=( -0.333766  0.327871  0.883799)
     H   15    Vyy=   -0.5811    axis=( -0.273161  0.863695 -0.423572)
     H   15    Vzz=    0.6199    axis=( -0.902210 -0.382794 -0.198710)
     H   15  Q=         1.0000 1e-30 m^2  Cq=         1.4566 MHz  eta= 0.87475

     C   16    Vxx=   -0.0726    axis=(  0.898851 -0.387348 -0.205007)
     C   16    Vyy=   -0.4858    axis=(  0.427284  0.670551  0.606457)
     C   16    Vzz=    0.5584    axis=( -0.097442 -0.632711  0.768233)
     C   16  Q=         1.0000 1e-30 m^2  Cq=         1.3119 MHz  eta= 0.73994

     C   17    Vxx=    0.0285    axis=(  0.255333 -0.653560  0.712506)
     C   17    Vyy=    0.3603    axis=(  0.735984 -0.346517 -0.581596)
     C   17    Vzz=   -0.3888    axis=( -0.627003 -0.672893 -0.392532)
     C   17  Q=         1.0000 1e-30 m^2  Cq=        -0.9135 MHz  eta= 0.85346

     Cl  18    Vxx=    0.7667    axis=(  0.813314 -0.548270 -0.194733)
     Cl  18    Vyy=    2.1159    axis=(  0.009936  0.347732 -0.937541)
     Cl  18    Vzz=   -2.8826    axis=(  0.581740  0.760580  0.288263)
     Cl  18  Q=        -8.1650 1e-30 m^2  Cq=        55.3013 MHz  eta= 0.46806

     H   19    Vxx=   -0.0559    axis=(  0.943925 -0.164184 -0.286443)
     H   19    Vyy=   -0.4087    axis=(  0.324738  0.305095  0.895244)
     H   19    Vzz=    0.4646    axis=( -0.059593 -0.938062  0.341304)
     H   19  Q=         1.0000 1e-30 m^2  Cq=         1.0916 MHz  eta= 0.75926

     C   20    Vxx=    0.1162    axis=(  0.802382 -0.579236 -0.143766)
     C   20    Vyy=    0.4254    axis=( -0.266586 -0.132335 -0.954683)
     C   20    Vzz=   -0.5416    axis=(  0.533961  0.804346 -0.260599)
     C   20  Q=         1.0000 1e-30 m^2  Cq=        -1.2726 MHz  eta= 0.57080

     H   21    Vxx=   -0.1046    axis=( -0.427439 -0.298141  0.853468)
     H   21    Vyy=   -0.4037    axis=(  0.320272  0.832890  0.451353)
     H   21    Vzz=    0.5083    axis=(  0.845412 -0.466268  0.260523)
     H   21  Q=         1.0000 1e-30 m^2  Cq=         1.1943 MHz  eta= 0.58850

     C   22    Vxx=   -0.1114    axis=(  0.841272  0.327762 -0.429922)
     C   22    Vyy=   -0.4296    axis=( -0.540011  0.546952 -0.639712)
     C   22    Vzz=    0.5410    axis=( -0.025473 -0.770335 -0.637131)
     C   22  Q=         1.0000 1e-30 m^2  Cq=         1.2712 MHz  eta= 0.58811

     C   23    Vxx=    0.0166    axis=(  0.674058  0.480689 -0.560878)
     C   23    Vyy=    0.3300    axis=( -0.142055 -0.660772 -0.737022)
     C   23    Vzz=   -0.3466    axis=( -0.724890  0.576471 -0.377115)
     C   23  Q=         1.0000 1e-30 m^2  Cq=        -0.8143 MHz  eta= 0.90425

     Cl  24    Vxx=    0.9475    axis=( -0.775347  0.357879  0.520346)
     Cl  24    Vyy=    1.9632    axis=( -0.521741 -0.827239 -0.208475)
     Cl  24    Vzz=   -2.9107    axis=(  0.355842 -0.433127  0.828117)
     Cl  24  Q=        -8.1650 1e-30 m^2  Cq=        55.8398 MHz  eta= 0.34893

     Initialization:
     gipaw_setup  :      8.99s CPU     10.68s WALL (       1 calls)

     Linear response

     Apply operators

     Induced current

     Other routines
     efg          :      9.20s CPU     11.58s WALL (       1 calls)

     General routines
     calbec       :      3.21s CPU      4.39s WALL (      16 calls)
     fft          :      1.49s CPU      2.16s WALL (      15 calls)
     ffts         :      0.03s CPU      0.04s WALL (       2 calls)
     fftw         :      3.18s CPU      3.80s WALL (     672 calls)
     davcio       :      0.04s CPU      0.31s WALL (      32 calls)

     Parallel routines
     fft_scatter  :      2.12s CPU      3.16s WALL (     689 calls)

     Plugins

     GIPAW        :     60.32s CPU     75.26s WALL (       1 calls)
