
     Program QE v.6.0 (svn rev. 13079) starts on  2Jan2017 at  2:47:39 

     This program is part of the open-source Quantum ESPRESSO suite
     for quantum simulation of materials; please cite
         "P. Giannozzi et al., J. Phys.:Condens. Matter 21 395502 (2009);
          URL http://www.quantum-espresso.org", 
     in publications or presentations arising from this work. More details at
     http://www.quantum-espresso.org/quote

     Parallel version (MPI), running on     8 processors
     R & G space division:  proc/nbgrp/npool/nimage =       8

     ***** This is GIPAW svn revision unknown      *****

     Parallelizing q-star over 1 images

     Reading data from directory:
     /users/majewski/paradichlorobenzene/pbe/9_constraint/scratch/pbe.ecut100.np8.dt60.pcl2phi-129368.save
     Message from routine read_xml_file:
     file /users/majewski/paradichlorobenzene/pbe/9_constraint/scratch/pbe.ecut100.np8.dt60.pcl2phi-129368.save not guaranteed to be safe for post-processing

   Info: using nr1, nr2, nr3 values from input

   Info: using nr1, nr2, nr3 values from input

     IMPORTANT: XC functional enforced from input :
     Exchange-correlation      =  SLA  PW   PBX  PBC ( 1  4  3  4 0 0)
     Any further DFT definition will be discarded
     Please, verify this is what you really want

               file C.pbe-n-kjpaw_psl.1.0.0.UPF: wavefunction(s)  2S 2P renormalized
               file Cl.pbe-n-kjpaw_psl.1.0.0.UPF: wavefunction(s)  3S 3P renormalized
               file H.pbe-kjpaw_psl.1.0.0.UPF: wavefunction(s)  1S renormalized

     Parallelization info
     --------------------
     sticks:   dense  smooth     PW     G-vecs:    dense   smooth      PW
     Min        3057    1223    332               144436    36536    5170
     Max        3059    1225    333               144437    36537    5171
     Sum       24467    9791   2657              1155489   292295   41363


     Subspace diagonalization in iterative solution of the eigenvalue problem:
     a serial algorithm will be used

     GIPAW projectors -----------------------------------------------
     atom=  C    l=0  rc=    1.2000  rs=    0.8000
     atom=  C    l=0  rc=    1.2000  rs=    0.8000
     atom=  C    l=1  rc=    1.4000  rs=    0.9333
     atom=  C    l=1  rc=    1.4000  rs=    0.9333
     projs nearly linearly dependent: l=1  n1,n2= 1, 2  s=  0.99951561

     atom=  Cl   l=0  rc=    1.6000  rs=    1.0667
     atom=  Cl   l=0  rc=    1.6000  rs=    1.0667
     atom=  Cl   l=1  rc=    1.6000  rs=    1.0667
     atom=  Cl   l=1  rc=    1.6000  rs=    1.0667
     atom=  Cl   l=2  rc=    1.6000  rs=    1.0667
     atom=  Cl   l=2  rc=    1.6000  rs=    1.0667
     projs nearly linearly dependent: l=2  n1,n2= 1, 2  s=  0.99993509

     atom=  H    l=0  rc=    1.0000  rs=    0.6667
     atom=  H    l=0  rc=    1.0000  rs=    0.6667
     projs nearly linearly dependent: l=0  n1,n2= 1, 2  s=  0.99968852
     -----------------------------------------------------------------

     GIPAW integrals: -------------------------------------------
     Atom  i/j   nmr_para   nmr_dia   epr_rmc  epr_para   epr_dia
       C   1 1   0.83E+03  0.17E-01  0.93E+01  0.24E+08  0.24E+03
       C   2 1   0.86E+03 -0.61E-01  0.94E+01  0.25E+08  0.25E+03
       C   2 2   0.90E+03 -0.15E+00  0.97E+01  0.26E+08  0.26E+03
       C   3 3   0.33E+01  0.34E+00  0.18E+01  0.55E+03  0.21E+02
       C   4 3   0.35E+01  0.37E+00  0.20E+01  0.59E+03  0.22E+02
       C   4 4   0.38E+01  0.39E+00  0.22E+01  0.63E+03  0.24E+02
       Cl  1 1   0.14E+04 -0.47E+00  0.84E+01  0.32E+09  0.42E+03
       Cl  2 1   0.21E+04 -0.37E+00  0.12E+02  0.49E+09  0.65E+03
       Cl  2 2   0.33E+04 -0.16E+00  0.21E+02  0.76E+09  0.10E+04
       Cl  3 3   0.21E+02  0.79E-01  0.89E+01  0.23E+05  0.13E+03
       Cl  4 3   0.24E+02  0.67E-01  0.99E+01  0.27E+05  0.15E+03
       Cl  4 4   0.28E+02  0.44E-01  0.11E+02  0.32E+05  0.18E+03
       Cl  5 5   0.77E+00  0.19E+00  0.18E+01  0.12E+03  0.22E+02
       Cl  6 5   0.80E+00  0.19E+00  0.19E+01  0.12E+03  0.23E+02
       Cl  6 6   0.83E+00  0.20E+00  0.19E+01  0.12E+03  0.23E+02
       H   1 1   0.39E+02  0.19E+00  0.29E+00  0.78E+05  0.13E+02
       H   2 1   0.41E+02  0.21E+00  0.32E+00  0.82E+05  0.14E+02
       H   2 2   0.43E+02  0.22E+00  0.36E+00  0.86E+05  0.15E+02
     ------------------------------------------------------------

     alpha_pv=     33.7323 eV

     Number of occupied bands for each k-point:
     k-point:     1    nbnd_occ=  42
     k-point:     2    nbnd_occ=  42
     k-point:     3    nbnd_occ=  42
     k-point:     4    nbnd_occ=  42
     k-point:     5    nbnd_occ=  42
     k-point:     6    nbnd_occ=  42
     k-point:     7    nbnd_occ=  42
     k-point:     8    nbnd_occ=  42
     k-point:     9    nbnd_occ=  42
     k-point:    10    nbnd_occ=  42
     k-point:    11    nbnd_occ=  42
     k-point:    12    nbnd_occ=  42
     k-point:    13    nbnd_occ=  42
     k-point:    14    nbnd_occ=  42
     k-point:    15    nbnd_occ=  42
     k-point:    16    nbnd_occ=  42


     q-space interpolation up to   110.00 Rydberg

     GIPAW job: efg                                                                             


     ELECTRIC FIELD GRADIENTS TENSORS IN Hartree/bohrradius^2:

     ----- bare term -----
     Cl   1        0.096551       -0.044955        0.012927
     Cl   1       -0.044955       -0.018039        0.011494
     Cl   1        0.012927        0.011494       -0.078512

     C    2        0.026813        0.390534       -0.131487
     C    2        0.390534       -0.295193       -0.502354
     C    2       -0.131487       -0.502354        0.268380

     C    3       -0.209817        0.177223       -0.318977
     C    3        0.177223       -0.093076       -0.410525
     C    3       -0.318977       -0.410525        0.302893

     H    4       -0.643331       -0.293628       -0.356780
     H    4       -0.293628        0.361379       -0.155673
     H    4       -0.356780       -0.155673        0.281952

     C    5       -0.141643        0.411139       -0.004683
     C    5        0.411139       -0.382660       -0.401283
     C    5       -0.004683       -0.401283        0.524303

     H    6        0.459095       -0.071754       -0.157983
     H    6       -0.071754       -0.076502       -0.502682
     H    6       -0.157983       -0.502682       -0.382593

     H    7        0.198988        0.388456       -0.213546
     H    7        0.388456       -0.393865        0.489012
     H    7       -0.213546        0.489012        0.194877

     C    8       -0.068716       -0.426598        0.029948
     C    8       -0.426598       -0.435738        0.307550
     C    8        0.029948        0.307550        0.504454

     H    9       -0.660491        0.232986       -0.381902
     H    9        0.232986        0.385833        0.151863
     H    9       -0.381902        0.151863        0.274659

     C   10       -0.310618       -0.201419       -0.277290
     C   10       -0.201419       -0.059359        0.350669
     C   10       -0.277290        0.350669        0.369977

     C   11       -0.079646       -0.159322       -0.193812
     C   11       -0.159322       -0.401169        0.456580
     C   11       -0.193812        0.456580        0.480815

     Cl  12        0.072693        0.081223       -0.010954
     Cl  12        0.081223       -0.008102        0.001739
     Cl  12       -0.010954        0.001739       -0.064591

     H   13        0.191662       -0.013007        0.277350
     H   13       -0.013007       -0.116283       -0.464831
     H   13        0.277350       -0.464831       -0.075378

     C   14       -0.372316        0.240342       -0.477919
     C   14        0.240342        0.117688       -0.328448
     C   14       -0.477919       -0.328448        0.254628

     H   15       -0.435719       -0.235293       -0.528629
     H   15       -0.235293        0.303177       -0.229188
     H   15       -0.528629       -0.229188        0.132542

     C   16       -0.017846        0.487351       -0.027728
     C   16        0.487351       -0.438809       -0.504801
     C   16       -0.027728       -0.504801        0.456655

     C   17       -0.322704       -0.233585       -0.239652
     C   17       -0.233585       -0.085570       -0.493239
     C   17       -0.239652       -0.493239        0.408274

     Cl  18        0.148098        0.083223        0.121819
     Cl  18        0.083223        0.084578        0.337575
     Cl  18        0.121819        0.337575       -0.232675

     H   19        0.460848        0.081337       -0.054320
     H   19        0.081337       -0.594244        0.287804
     H   19       -0.054320        0.287804        0.133396

     C   20       -0.740548       -0.190482       -0.368443
     C   20       -0.190482        0.066623        0.142839
     C   20       -0.368443        0.142839        0.673925

     H   21       -0.516487       -0.029461       -0.291475
     H   21       -0.029461        0.246649        0.308013
     H   21       -0.291475        0.308013        0.269837

     C   22       -0.062757       -0.214837       -0.152454
     C   22       -0.214837       -0.532662        0.423590
     C   22       -0.152454        0.423590        0.595419

     C   23       -0.653001       -0.087590       -0.229025
     C   23       -0.087590        0.107338        0.143382
     C   23       -0.229025        0.143382        0.545663

     Cl  24       -0.124645       -0.074253        0.080716
     Cl  24       -0.074253       -0.085592       -0.089658
     Cl  24        0.080716       -0.089658        0.210237

     ----- ionic term -----
     Cl   1        0.113798       -0.218940        0.006654
     Cl   1       -0.218940        0.029508       -0.001452
     Cl   1        0.006654       -0.001452       -0.143306

     C    2        0.178708       -0.187931        0.269591
     C    2       -0.187931        0.098250        0.410618
     C    2        0.269591        0.410618       -0.276957

     C    3        0.191217       -0.213017        0.130996
     C    3       -0.213017        0.124582        0.427337
     C    3        0.130996        0.427337       -0.315799

     H    4        0.681061        0.335273        0.589392
     H    4        0.335273       -0.433943        0.239496
     H    4        0.589392        0.239496       -0.247118

     C    5        0.327731       -0.113063        0.207211
     C    5       -0.113063       -0.020707        0.372690
     C    5        0.207211        0.372690       -0.307025

     H    6       -0.520705        0.036209        0.012322
     H    6        0.036209        0.511498        0.788034
     H    6        0.012322        0.788034        0.009207

     H    7       -0.488222       -0.224888        0.107906
     H    7       -0.224888        0.770054       -0.598408
     H    7        0.107906       -0.598408       -0.281832

     C    8        0.292577        0.102601        0.237900
     C    8        0.102601        0.084468       -0.298687
     C    8        0.237900       -0.298687       -0.377044

     H    9        0.727380       -0.301764        0.561038
     H    9       -0.301764       -0.439357       -0.205396
     H    9        0.561038       -0.205396       -0.288023

     C   10        0.155974        0.167025        0.147167
     C   10        0.167025        0.211909       -0.384987
     C   10        0.147167       -0.384987       -0.367883

     C   11        0.224984        0.080899        0.264370
     C   11        0.080899        0.126859       -0.399192
     C   11        0.264370       -0.399192       -0.351842

     Cl  12        0.114144        0.191957       -0.021582
     Cl  12        0.191957        0.013677       -0.014754
     Cl  12       -0.021582       -0.014754       -0.127821

     H   13       -0.521559       -0.034442        0.002414
     H   13       -0.034442        0.494398        0.783588
     H   13        0.002414        0.783588        0.027160

     C   14        0.314798       -0.227856        0.222981
     C   14       -0.227856       -0.048832        0.335694
     C   14        0.222981        0.335694       -0.265967

     H   15        0.583809        0.319774        0.665545
     H   15        0.319774       -0.455914        0.257529
     H   15        0.665545        0.257529       -0.127896

     C   16        0.194249       -0.225036        0.150970
     C   16       -0.225036        0.018288        0.425870
     C   16        0.150970        0.425870       -0.212536

     C   17        0.291096       -0.035613        0.196379
     C   17       -0.035613       -0.084245        0.480288
     C   17        0.196379        0.480288       -0.206850

     Cl  18        0.180708       -0.160255       -0.036585
     Cl  18       -0.160255       -0.077962        0.019608
     Cl  18       -0.036585        0.019608       -0.102746

     H   19       -0.504920       -0.111206        0.068057
     H   19       -0.111206        0.700563       -0.675150
     H   19        0.068057       -0.675150       -0.195643

     C   20        0.323221        0.130677        0.275479
     C   20        0.130677        0.043581       -0.291278
     C   20        0.275479       -0.291278       -0.366803

     H   21        0.630290       -0.181982        0.700904
     H   21       -0.181982       -0.474238       -0.165567
     H   21        0.700904       -0.165567       -0.156052

     C   22        0.182402        0.206140        0.211247
     C   22        0.206140        0.120165       -0.329282
     C   22        0.211247       -0.329282       -0.302567

     C   23        0.272942        0.127696        0.265137
     C   23        0.127696        0.070372       -0.370848
     C   23        0.265137       -0.370848       -0.343314

     Cl  24        0.148625        0.220705        0.007528
     Cl  24        0.220705        0.004584       -0.006634
     Cl  24        0.007528       -0.006634       -0.153209

     ----- GIPAW term -----
     Cl   1        2.111243       -2.348660        0.142722
     Cl   1       -2.348660       -0.140597        0.052523
     Cl   1        0.142722        0.052523       -1.970645

     C    2        0.187643        0.049538        0.013878
     C    2        0.049538       -0.075722       -0.055413
     C    2        0.013878       -0.055413       -0.111921

     C    3        0.038176        0.062588       -0.022540
     C    3        0.062588       -0.034459       -0.041075
     C    3       -0.022540       -0.041075       -0.003716

     H    4       -0.000000        0.000000        0.000000
     H    4        0.000000        0.000000        0.000000
     H    4        0.000000        0.000000        0.000000

     C    5        0.012843        0.092726        0.137713
     C    5        0.092726       -0.180171       -0.052419
     C    5        0.137713       -0.052419        0.167328

     H    6       -0.000000        0.000000        0.000000
     H    6        0.000000        0.000000        0.000000
     H    6        0.000000        0.000000        0.000000

     H    7       -0.000000        0.000000        0.000000
     H    7        0.000000        0.000000        0.000000
     H    7        0.000000        0.000000        0.000000

     C    8       -0.035735       -0.141300        0.140211
     C    8       -0.141300       -0.141491       -0.082623
     C    8        0.140211       -0.082623        0.177226

     H    9       -0.000000        0.000000        0.000000
     H    9        0.000000        0.000000        0.000000
     H    9        0.000000        0.000000        0.000000

     C   10       -0.024538       -0.066133        0.028534
     C   10       -0.066133       -0.032182        0.007039
     C   10        0.028534        0.007039        0.056720

     C   11        0.003884        0.081590        0.030582
     C   11        0.081590       -0.134523        0.026703
     C   11        0.030582        0.026703        0.130639

     Cl  12        1.902562        2.673468       -0.063255
     Cl  12        2.673468       -0.019823        0.041390
     Cl  12       -0.063255        0.041390       -1.882738

     H   13       -0.000000        0.000000        0.000000
     H   13        0.000000        0.000000        0.000000
     H   13        0.000000        0.000000        0.000000

     C   14        0.056138        0.131579       -0.079248
     C   14        0.131579       -0.002732       -0.050597
     C   14       -0.079248       -0.050597       -0.053407

     H   15       -0.000000        0.000000        0.000000
     H   15        0.000000        0.000000        0.000000
     H   15        0.000000        0.000000        0.000000

     C   16        0.056019        0.104255        0.072601
     C   16        0.104255       -0.116597       -0.053140
     C   16        0.072601       -0.053140        0.060577

     C   17       -0.019806       -0.163880        0.124586
     C   17       -0.163880       -0.121267       -0.097766
     C   17        0.124586       -0.097766        0.141073

     Cl  18       -0.203584       -0.261045       -0.557332
     Cl  18       -0.261045       -0.325765       -0.738728
     Cl  18       -0.557332       -0.738728        0.529349

     H   19       -0.000000        0.000000        0.000000
     H   19        0.000000        0.000000        0.000000
     H   19        0.000000        0.000000        0.000000

     C   20       -0.208811       -0.031064        0.005331
     C   20       -0.031064       -0.071896       -0.061014
     C   20        0.005331       -0.061014        0.280708

     H   21       -0.000000        0.000000        0.000000
     H   21        0.000000        0.000000        0.000000
     H   21        0.000000        0.000000        0.000000

     C   22       -0.108922       -0.006492       -0.049734
     C   22       -0.006492       -0.154360       -0.057104
     C   22       -0.049734       -0.057104        0.263282

     C   23       -0.135353        0.023421        0.099077
     C   23        0.023421       -0.058252       -0.132325
     C   23        0.099077       -0.132325        0.193606

     Cl  24       -0.233929        1.275639        0.976672
     Cl  24        1.275639       -1.060431       -1.203371
     Cl  24        0.976672       -1.203371        1.294360

     ----- total EFG -----
     Cl   1        2.321591       -2.612556        0.162303
     Cl   1       -2.612556       -0.129129        0.062565
     Cl   1        0.162303        0.062565       -2.192463

     C    2        0.393164        0.252141        0.151982
     C    2        0.252141       -0.272666       -0.147149
     C    2        0.151982       -0.147149       -0.120498

     C    3        0.019576        0.026795       -0.210521
     C    3        0.026795       -0.002953       -0.024263
     C    3       -0.210521       -0.024263       -0.016623

     H    4        0.037730        0.041645        0.232612
     H    4        0.041645       -0.072564        0.083823
     H    4        0.232612        0.083823        0.034834

     C    5        0.198931        0.390802        0.340241
     C    5        0.390802       -0.583537       -0.081012
     C    5        0.340241       -0.081012        0.384606

     H    6       -0.061610       -0.035545       -0.145661
     H    6       -0.035545        0.434996        0.285352
     H    6       -0.145661        0.285352       -0.373386

     H    7       -0.289234        0.163569       -0.105641
     H    7        0.163569        0.376189       -0.109396
     H    7       -0.105641       -0.109396       -0.086955

     C    8        0.188126       -0.465297        0.408060
     C    8       -0.465297       -0.492762       -0.073761
     C    8        0.408060       -0.073761        0.304636

     H    9        0.066888       -0.068778        0.179136
     H    9       -0.068778       -0.053524       -0.053534
     H    9        0.179136       -0.053534       -0.013364

     C   10       -0.179181       -0.100528       -0.101590
     C   10       -0.100528        0.120368       -0.027279
     C   10       -0.101590       -0.027279        0.058813

     C   11        0.149222        0.003167        0.101141
     C   11        0.003167       -0.408833        0.084091
     C   11        0.101141        0.084091        0.259612

     Cl  12        2.089399        2.946649       -0.095792
     Cl  12        2.946649       -0.014248        0.028374
     Cl  12       -0.095792        0.028374       -2.075151

     H   13       -0.329897       -0.047449        0.279764
     H   13       -0.047449        0.378115        0.318757
     H   13        0.279764        0.318757       -0.048218

     C   14       -0.001380        0.144065       -0.334186
     C   14        0.144065        0.066124       -0.043351
     C   14       -0.334186       -0.043351       -0.064745

     H   15        0.148090        0.084481        0.136916
     H   15        0.084481       -0.152736        0.028341
     H   15        0.136916        0.028341        0.004646

     C   16        0.232422        0.366570        0.195844
     C   16        0.366570       -0.537118       -0.132071
     C   16        0.195844       -0.132071        0.304696

     C   17       -0.051415       -0.433078        0.081313
     C   17       -0.433078       -0.291082       -0.110718
     C   17        0.081313       -0.110718        0.342497

     Cl  18        0.125222       -0.338078       -0.472099
     Cl  18       -0.338078       -0.319149       -0.381545
     Cl  18       -0.472099       -0.381545        0.193928

     H   19       -0.044072       -0.029869        0.013737
     H   19       -0.029869        0.106319       -0.387346
     H   19        0.013737       -0.387346       -0.062248

     C   20       -0.626138       -0.090869       -0.087633
     C   20       -0.090869        0.038308       -0.209453
     C   20       -0.087633       -0.209453        0.587830

     H   21        0.113803       -0.211443        0.409428
     H   21       -0.211443       -0.227588        0.142445
     H   21        0.409428        0.142445        0.113785

     C   22        0.010723       -0.015189        0.009059
     C   22       -0.015189       -0.566857        0.037203
     C   22        0.009059        0.037203        0.556134

     C   23       -0.515412        0.063528        0.135189
     C   23        0.063528        0.119457       -0.359791
     C   23        0.135189       -0.359791        0.395955

     Cl  24       -0.209949        1.422091        1.064916
     Cl  24        1.422091       -1.141439       -1.299663
     Cl  24        1.064916       -1.299663        1.351388

     ----- total EFG (symmetrized) -----
     Cl   1        2.321591       -2.612556        0.162303
     Cl   1       -2.612556       -0.129129        0.062565
     Cl   1        0.162303        0.062565       -2.192463

     C    2        0.393164        0.252141        0.151982
     C    2        0.252141       -0.272666       -0.147149
     C    2        0.151982       -0.147149       -0.120498

     C    3        0.019576        0.026795       -0.210521
     C    3        0.026795       -0.002953       -0.024263
     C    3       -0.210521       -0.024263       -0.016623

     H    4        0.037730        0.041645        0.232612
     H    4        0.041645       -0.072564        0.083823
     H    4        0.232612        0.083823        0.034834

     C    5        0.198931        0.390802        0.340241
     C    5        0.390802       -0.583537       -0.081012
     C    5        0.340241       -0.081012        0.384606

     H    6       -0.061610       -0.035545       -0.145661
     H    6       -0.035545        0.434996        0.285352
     H    6       -0.145661        0.285352       -0.373386

     H    7       -0.289234        0.163569       -0.105641
     H    7        0.163569        0.376189       -0.109396
     H    7       -0.105641       -0.109396       -0.086955

     C    8        0.188126       -0.465297        0.408060
     C    8       -0.465297       -0.492762       -0.073761
     C    8        0.408060       -0.073761        0.304636

     H    9        0.066888       -0.068778        0.179136
     H    9       -0.068778       -0.053524       -0.053534
     H    9        0.179136       -0.053534       -0.013364

     C   10       -0.179181       -0.100528       -0.101590
     C   10       -0.100528        0.120368       -0.027279
     C   10       -0.101590       -0.027279        0.058813

     C   11        0.149222        0.003167        0.101141
     C   11        0.003167       -0.408833        0.084091
     C   11        0.101141        0.084091        0.259612

     Cl  12        2.089399        2.946649       -0.095792
     Cl  12        2.946649       -0.014248        0.028374
     Cl  12       -0.095792        0.028374       -2.075151

     H   13       -0.329897       -0.047449        0.279764
     H   13       -0.047449        0.378115        0.318757
     H   13        0.279764        0.318757       -0.048218

     C   14       -0.001380        0.144065       -0.334186
     C   14        0.144065        0.066124       -0.043351
     C   14       -0.334186       -0.043351       -0.064745

     H   15        0.148090        0.084481        0.136916
     H   15        0.084481       -0.152736        0.028341
     H   15        0.136916        0.028341        0.004646

     C   16        0.232422        0.366570        0.195844
     C   16        0.366570       -0.537118       -0.132071
     C   16        0.195844       -0.132071        0.304696

     C   17       -0.051415       -0.433078        0.081313
     C   17       -0.433078       -0.291082       -0.110718
     C   17        0.081313       -0.110718        0.342497

     Cl  18        0.125222       -0.338078       -0.472099
     Cl  18       -0.338078       -0.319149       -0.381545
     Cl  18       -0.472099       -0.381545        0.193928

     H   19       -0.044072       -0.029869        0.013737
     H   19       -0.029869        0.106319       -0.387346
     H   19        0.013737       -0.387346       -0.062248

     C   20       -0.626138       -0.090869       -0.087633
     C   20       -0.090869        0.038308       -0.209453
     C   20       -0.087633       -0.209453        0.587830

     H   21        0.113803       -0.211443        0.409428
     H   21       -0.211443       -0.227588        0.142445
     H   21        0.409428        0.142445        0.113785

     C   22        0.010723       -0.015189        0.009059
     C   22       -0.015189       -0.566857        0.037203
     C   22        0.009059        0.037203        0.556134

     C   23       -0.515412        0.063528        0.135189
     C   23        0.063528        0.119457       -0.359791
     C   23        0.135189       -0.359791        0.395955

     Cl  24       -0.209949        1.422091        1.064916
     Cl  24        1.422091       -1.141439       -1.299663
     Cl  24        1.064916       -1.299663        1.351388


     NQR/NMR SPECTROSCOPIC PARAMETERS:
     Cl   1    Vxx=   -1.7458    axis=(  0.507499  0.808600  0.297675)
     Cl   1    Vyy=   -2.2378    axis=( -0.173083 -0.242763  0.954520)
     Cl   1    Vzz=    3.9836    axis=(  0.844090 -0.535940  0.016753)
     Cl   1  Q=        -8.1650 1e-30 m^2  Cq=       -76.4236 MHz  eta= 0.12351

     C    2    Vxx=   -0.0309    axis=(  0.001867 -0.518537  0.855053)
     C    2    Vyy=   -0.4634    axis=( -0.325032  0.808313  0.490902)
     C    2    Vzz=    0.4943    axis=( -0.945701 -0.278836 -0.167031)
     C    2  Q=         1.0000 1e-30 m^2  Cq=         1.1615 MHz  eta= 0.87487

     C    3    Vxx=   -0.0088    axis=(  0.117801 -0.986958 -0.109712)
     C    3    Vyy=   -0.2098    axis=(  0.676218 -0.001182  0.736700)
     C    3    Vzz=    0.2187    axis=( -0.727222 -0.160973  0.667260)
     C    3  Q=         1.0000 1e-30 m^2  Cq=         0.5138 MHz  eta= 0.91907

     H    4    Vxx=   -0.0864    axis=( -0.346929  0.937732  0.017288)
     H    4    Vyy=   -0.2042    axis=( -0.647587 -0.252837  0.718822)
     H    4    Vzz=    0.2906    axis=( -0.678433 -0.238185 -0.694979)
     H    4  Q=         1.0000 1e-30 m^2  Cq=         0.6829 MHz  eta= 0.40526

     C    5    Vxx=    0.1114    axis=( -0.625626 -0.427852  0.652330)
     C    5    Vyy=    0.6721    axis=(  0.659004  0.157655  0.735430)
     C    5    Vzz=   -0.7836    axis=( -0.417499  0.889993  0.183323)
     C    5  Q=         1.0000 1e-30 m^2  Cq=        -1.8410 MHz  eta= 0.71558

     H    6    Vxx=   -0.0343    axis=(  0.949912  0.211725 -0.229869)
     H    6    Vyy=   -0.5017    axis=( -0.282851  0.269665 -0.920476)
     H    6    Vzz=    0.5360    axis=( -0.132900  0.939390  0.316045)
     H    6  Q=         1.0000 1e-30 m^2  Cq=         1.2595 MHz  eta= 0.87208

     H    7    Vxx=   -0.0942    axis=( -0.247286  0.300211  0.921261)
     H    7    Vyy=   -0.3524    axis=(  0.937867 -0.164703  0.305416)
     H    7    Vzz=    0.4466    axis=(  0.243424  0.939546 -0.240829)
     H    7  Q=         1.0000 1e-30 m^2  Cq=         1.0494 MHz  eta= 0.57794

     C    8    Vxx=   -0.0259    axis=( -0.528503  0.409209  0.743796)
     C    8    Vyy=   -0.7443    axis=( -0.487354 -0.863645  0.128857)
     C    8    Vzz=    0.7702    axis=(  0.695105 -0.294390  0.655869)
     C    8  Q=         1.0000 1e-30 m^2  Cq=         1.8097 MHz  eta= 0.93277

     H    9    Vxx=   -0.0797    axis=( -0.215256 -0.957593 -0.191524)
     H    9    Vyy=   -0.1568    axis=( -0.627696 -0.014570  0.778322)
     H    9    Vzz=    0.2365    axis=(  0.748106 -0.287757  0.597941)
     H    9  Q=         1.0000 1e-30 m^2  Cq=         0.5557 MHz  eta= 0.32614

     C   10    Vxx=    0.0949    axis=( -0.294390 -0.151084  0.943668)
     C   10    Vyy=    0.1512    axis=( -0.306519  0.950186  0.056505)
     C   10    Vzz=   -0.2460    axis=( -0.905196 -0.272618 -0.326035)
     C   10  Q=         1.0000 1e-30 m^2  Cq=        -0.5781 MHz  eta= 0.22882

     C   11    Vxx=    0.0923    axis=(  0.869842 -0.076293 -0.487396)
     C   11    Vyy=    0.3271    axis=(  0.493046  0.100857  0.864138)
     C   11    Vzz=   -0.4194    axis=( -0.016770 -0.991971  0.125346)
     C   11  Q=         1.0000 1e-30 m^2  Cq=        -0.9854 MHz  eta= 0.55999

     Cl  12    Vxx=   -2.0047    axis=(  0.380858 -0.553253 -0.740849)
     Cl  12    Vyy=   -2.1622    axis=( -0.432211  0.601789 -0.671598)
     Cl  12    Vzz=    4.1669    axis=(  0.817399  0.575986 -0.009926)
     Cl  12  Q=        -8.1650 1e-30 m^2  Cq=       -79.9406 MHz  eta= 0.03780

     H   13    Vxx=   -0.0051    axis=( -0.618164  0.455997 -0.640266)
     H   13    Vyy=   -0.5535    axis=( -0.777980 -0.238513  0.581256)
     H   13    Vzz=    0.5586    axis=(  0.112339  0.857426  0.502196)
     H   13  Q=         1.0000 1e-30 m^2  Cq=         1.3125 MHz  eta= 0.98164

     C   14    Vxx=    0.0134    axis=(  0.208450 -0.894741 -0.394951)
     C   14    Vyy=    0.3654    axis=( -0.695891 -0.419437  0.582931)
     C   14    Vzz=   -0.3788    axis=( -0.687229  0.153331 -0.710075)
     C   14  Q=         1.0000 1e-30 m^2  Cq=        -0.8901 MHz  eta= 0.92912

     H   15    Vxx=   -0.0745    axis=( -0.462719 -0.185655  0.866847)
     H   15    Vyy=   -0.1753    axis=(  0.275453 -0.959535 -0.058471)
     H   15    Vzz=    0.2498    axis=(  0.842625  0.211720  0.495134)
     H   15  Q=         1.0000 1e-30 m^2  Cq=         0.5869 MHz  eta= 0.40338

     C   16    Vxx=    0.2290    axis=( -0.548698 -0.390001  0.739479)
     C   16    Vyy=    0.4925    axis=(  0.741641  0.181191  0.645863)
     C   16    Vzz=   -0.7216    axis=(  0.385874 -0.902812 -0.189821)
     C   16  Q=         1.0000 1e-30 m^2  Cq=        -1.6954 MHz  eta= 0.36518

     C   17    Vxx=    0.1754    axis=( -0.645531  0.453453  0.614549)
     C   17    Vyy=    0.4468    axis=(  0.472260 -0.395384  0.787808)
     C   17    Vzz=   -0.6222    axis=( -0.600217 -0.798781 -0.041085)
     C   17  Q=         1.0000 1e-30 m^2  Cq=        -1.4619 MHz  eta= 0.43622

     Cl  18    Vxx=    0.1882    axis=(  0.571834 -0.701208  0.425809)
     Cl  18    Vyy=    0.6365    axis=( -0.650714 -0.071612  0.755939)
     Cl  18    Vzz=   -0.8247    axis=( -0.499577 -0.709351 -0.497236)
     Cl  18  Q=        -8.1650 1e-30 m^2  Cq=        15.8215 MHz  eta= 0.54348

     H   19    Vxx=   -0.0461    axis=(  0.997356  0.037960 -0.061976)
     H   19    Vyy=   -0.3746    axis=(  0.024430  0.628025  0.777809)
     H   19    Vzz=    0.4206    axis=(  0.068448 -0.777266  0.625437)
     H   19  Q=         1.0000 1e-30 m^2  Cq=         0.9883 MHz  eta= 0.78099

     C   20    Vxx=   -0.0114    axis=( -0.181274  0.936309  0.300773)
     C   20    Vyy=   -0.6495    axis=(  0.982514  0.159208  0.096538)
     C   20    Vzz=    0.6609    axis=( -0.042504 -0.313014  0.948797)
     C   20  Q=         1.0000 1e-30 m^2  Cq=         1.5527 MHz  eta= 0.96555

     H   21    Vxx=   -0.0116    axis=(  0.418036 -0.748600 -0.514631)
     H   21    Vyy=   -0.5151    axis=(  0.553209  0.659129 -0.509420)
     H   21    Vzz=    0.5267    axis=(  0.720560 -0.071743  0.689671)
     H   21  Q=         1.0000 1e-30 m^2  Cq=         1.2376 MHz  eta= 0.95600

     C   22    Vxx=    0.0110    axis=(  0.999521 -0.027222 -0.014753)
     C   22    Vyy=    0.5575    axis=( -0.015645 -0.032855 -0.999338)
     C   22    Vzz=   -0.5685    axis=(  0.026719  0.999089 -0.033265)
     C   22  Q=         1.0000 1e-30 m^2  Cq=        -1.3358 MHz  eta= 0.96129

     C   23    Vxx=   -0.0894    axis=(  0.284761  0.806336  0.518396)
     C   23    Vyy=   -0.5587    axis=(  0.956330 -0.201777 -0.211470)
     C   23    Vzz=    0.6481    axis=(  0.065915 -0.555976  0.828581)
     C   23  Q=         1.0000 1e-30 m^2  Cq=         1.5228 MHz  eta= 0.72407

     Cl  24    Vxx=    0.8140    axis=(  0.785183  0.615617 -0.067104)
     Cl  24    Vyy=    2.0292    axis=( -0.278729  0.254564 -0.926017)
     Cl  24    Vzz=   -2.8432    axis=( -0.552990  0.745797  0.371470)
     Cl  24  Q=        -8.1650 1e-30 m^2  Cq=        54.5459 MHz  eta= 0.42740

     Initialization:
     gipaw_setup  :      9.33s CPU     11.29s WALL (       1 calls)

     Linear response

     Apply operators

     Induced current

     Other routines
     efg          :      9.16s CPU     11.85s WALL (       1 calls)

     General routines
     calbec       :      3.24s CPU      4.39s WALL (      16 calls)
     fft          :      1.56s CPU      2.52s WALL (      15 calls)
     ffts         :      0.02s CPU      0.04s WALL (       2 calls)
     fftw         :      3.35s CPU      4.16s WALL (     672 calls)
     davcio       :      0.04s CPU      0.33s WALL (      32 calls)

     Parallel routines
     fft_scatter  :      2.25s CPU      3.94s WALL (     689 calls)

     Plugins

     GIPAW        :     60.97s CPU     79.27s WALL (       1 calls)
