
     Program QE v.6.0 (svn rev. 13079) starts on 26Dec2016 at 19:53:18 

     This program is part of the open-source Quantum ESPRESSO suite
     for quantum simulation of materials; please cite
         "P. Giannozzi et al., J. Phys.:Condens. Matter 21 395502 (2009);
          URL http://www.quantum-espresso.org", 
     in publications or presentations arising from this work. More details at
     http://www.quantum-espresso.org/quote

     Parallel version (MPI), running on     8 processors
     R & G space division:  proc/nbgrp/npool/nimage =       8

     ***** This is GIPAW svn revision unknown      *****

     Parallelizing q-star over 1 images

     Reading data from directory:
     /users/majewski/paradichlorobenzene/pbe/9_constraint/scratch/pbe.ecut100.np8.dt60.pcl2phi-129368.save
     Message from routine read_xml_file:
     file /users/majewski/paradichlorobenzene/pbe/9_constraint/scratch/pbe.ecut100.np8.dt60.pcl2phi-129368.save not guaranteed to be safe for post-processing

   Info: using nr1, nr2, nr3 values from input

   Info: using nr1, nr2, nr3 values from input

     IMPORTANT: XC functional enforced from input :
     Exchange-correlation      =  SLA  PW   PBX  PBC ( 1  4  3  4 0 0)
     Any further DFT definition will be discarded
     Please, verify this is what you really want

               file C.pbe-n-kjpaw_psl.1.0.0.UPF: wavefunction(s)  2S 2P renormalized
               file Cl.pbe-n-kjpaw_psl.1.0.0.UPF: wavefunction(s)  3S 3P renormalized
               file H.pbe-kjpaw_psl.1.0.0.UPF: wavefunction(s)  1S renormalized

     Parallelization info
     --------------------
     sticks:   dense  smooth     PW     G-vecs:    dense   smooth      PW
     Min        3057    1223    332               144436    36536    5170
     Max        3059    1225    333               144437    36537    5171
     Sum       24467    9791   2657              1155489   292295   41363


     Subspace diagonalization in iterative solution of the eigenvalue problem:
     a serial algorithm will be used

     GIPAW projectors -----------------------------------------------
     atom=  C    l=0  rc=    1.2000  rs=    0.8000
     atom=  C    l=0  rc=    1.2000  rs=    0.8000
     atom=  C    l=1  rc=    1.4000  rs=    0.9333
     atom=  C    l=1  rc=    1.4000  rs=    0.9333
     projs nearly linearly dependent: l=1  n1,n2= 1, 2  s=  0.99951561

     atom=  Cl   l=0  rc=    1.6000  rs=    1.0667
     atom=  Cl   l=0  rc=    1.6000  rs=    1.0667
     atom=  Cl   l=1  rc=    1.6000  rs=    1.0667
     atom=  Cl   l=1  rc=    1.6000  rs=    1.0667
     atom=  Cl   l=2  rc=    1.6000  rs=    1.0667
     atom=  Cl   l=2  rc=    1.6000  rs=    1.0667
     projs nearly linearly dependent: l=2  n1,n2= 1, 2  s=  0.99993509

     atom=  H    l=0  rc=    1.0000  rs=    0.6667
     atom=  H    l=0  rc=    1.0000  rs=    0.6667
     projs nearly linearly dependent: l=0  n1,n2= 1, 2  s=  0.99968852
     -----------------------------------------------------------------

     GIPAW integrals: -------------------------------------------
     Atom  i/j   nmr_para   nmr_dia   epr_rmc  epr_para   epr_dia
       C   1 1   0.83E+03  0.17E-01  0.93E+01  0.24E+08  0.24E+03
       C   2 1   0.86E+03 -0.61E-01  0.94E+01  0.25E+08  0.25E+03
       C   2 2   0.90E+03 -0.15E+00  0.97E+01  0.26E+08  0.26E+03
       C   3 3   0.33E+01  0.34E+00  0.18E+01  0.55E+03  0.21E+02
       C   4 3   0.35E+01  0.37E+00  0.20E+01  0.59E+03  0.22E+02
       C   4 4   0.38E+01  0.39E+00  0.22E+01  0.63E+03  0.24E+02
       Cl  1 1   0.14E+04 -0.47E+00  0.84E+01  0.32E+09  0.42E+03
       Cl  2 1   0.21E+04 -0.37E+00  0.12E+02  0.49E+09  0.65E+03
       Cl  2 2   0.33E+04 -0.16E+00  0.21E+02  0.76E+09  0.10E+04
       Cl  3 3   0.21E+02  0.79E-01  0.89E+01  0.23E+05  0.13E+03
       Cl  4 3   0.24E+02  0.67E-01  0.99E+01  0.27E+05  0.15E+03
       Cl  4 4   0.28E+02  0.44E-01  0.11E+02  0.32E+05  0.18E+03
       Cl  5 5   0.77E+00  0.19E+00  0.18E+01  0.12E+03  0.22E+02
       Cl  6 5   0.80E+00  0.19E+00  0.19E+01  0.12E+03  0.23E+02
       Cl  6 6   0.83E+00  0.20E+00  0.19E+01  0.12E+03  0.23E+02
       H   1 1   0.39E+02  0.19E+00  0.29E+00  0.78E+05  0.13E+02
       H   2 1   0.41E+02  0.21E+00  0.32E+00  0.82E+05  0.14E+02
       H   2 2   0.43E+02  0.22E+00  0.36E+00  0.86E+05  0.15E+02
     ------------------------------------------------------------

     alpha_pv=     33.6912 eV

     Number of occupied bands for each k-point:
     k-point:     1    nbnd_occ=  42
     k-point:     2    nbnd_occ=  42
     k-point:     3    nbnd_occ=  42
     k-point:     4    nbnd_occ=  42
     k-point:     5    nbnd_occ=  42
     k-point:     6    nbnd_occ=  42
     k-point:     7    nbnd_occ=  42
     k-point:     8    nbnd_occ=  42
     k-point:     9    nbnd_occ=  42
     k-point:    10    nbnd_occ=  42
     k-point:    11    nbnd_occ=  42
     k-point:    12    nbnd_occ=  42
     k-point:    13    nbnd_occ=  42
     k-point:    14    nbnd_occ=  42
     k-point:    15    nbnd_occ=  42
     k-point:    16    nbnd_occ=  42


     q-space interpolation up to   110.00 Rydberg

     GIPAW job: efg                                                                             


     ELECTRIC FIELD GRADIENTS TENSORS IN Hartree/bohrradius^2:

     ----- bare term -----
     Cl   1        0.081097       -0.004287        0.054678
     Cl   1       -0.004287       -0.003343        0.197279
     Cl   1        0.054678        0.197279       -0.077754

     C    2       -0.322971        0.295512       -0.408296
     C    2        0.295512        0.059229       -0.374644
     C    2       -0.408296       -0.374644        0.263743

     C    3        0.059625        0.518159       -0.152607
     C    3        0.518159       -0.255945       -0.564611
     C    3       -0.152607       -0.564611        0.196320

     H    4       -0.149522       -0.186575       -0.397573
     H    4       -0.186575        0.441423       -0.042444
     H    4       -0.397573       -0.042444       -0.291901

     C    5       -0.344703        0.281522       -0.512523
     C    5        0.281522        0.214761       -0.266565
     C    5       -0.512523       -0.266565        0.129943

     H    6        0.052637        0.115848       -0.047071
     H    6        0.115848       -0.326458       -0.504895
     H    6       -0.047071       -0.504895        0.273822

     H    7        0.444373        0.196050       -0.024001
     H    7        0.196050       -0.787217        0.267232
     H    7       -0.024001        0.267232        0.342844

     C    8       -0.101511        0.097350       -0.308403
     C    8        0.097350       -0.047191        0.394236
     C    8       -0.308403        0.394236        0.148702

     H    9       -0.392537        0.471852       -0.069665
     H    9        0.471852        0.175973       -0.087936
     H    9       -0.069665       -0.087936        0.216564

     C   10       -0.568629       -0.323337       -0.181827
     C   10       -0.323337        0.184693        0.279804
     C   10       -0.181827        0.279804        0.383936

     C   11        0.031926        0.348044       -0.463926
     C   11        0.348044       -0.165033        0.554731
     C   11       -0.463926        0.554731        0.133107

     Cl  12       -0.298424       -0.240034        0.014305
     Cl  12       -0.240034        0.171465        0.139919
     Cl  12        0.014305        0.139919        0.126958

     H   13        0.459597       -0.095856       -0.013578
     H   13       -0.095856       -0.795888        0.049236
     H   13       -0.013578        0.049236        0.336291

     C   14       -0.102739        0.091454       -0.189872
     C   14        0.091454       -0.009718       -0.441067
     C   14       -0.189872       -0.441067        0.112457

     H   15       -0.200513       -0.455771       -0.421646
     H   15       -0.455771       -0.032583       -0.325759
     H   15       -0.421646       -0.325759        0.233096

     C   16       -0.638802        0.409985       -0.321094
     C   16        0.409985        0.322828       -0.148371
     C   16       -0.321094       -0.148371        0.315974

     C   17        0.041535        0.242229       -0.097590
     C   17        0.242229       -0.117459       -0.510206
     C   17       -0.097590       -0.510206        0.075924

     Cl  18       -0.167871        0.216014        0.034187
     Cl  18        0.216014        0.127261        0.125003
     Cl  18        0.034187        0.125003        0.040610

     H   19        0.274320       -0.023082       -0.133834
     H   19       -0.023082       -0.496761        0.611560
     H   19       -0.133834        0.611560        0.222441

     C   20       -0.671372       -0.346233       -0.457254
     C   20       -0.346233        0.194149       -0.029962
     C   20       -0.457254       -0.029962        0.477223

     H   21       -0.536637       -0.245614       -0.198796
     H   21       -0.245614        0.162050        0.249319
     H   21       -0.198796        0.249319        0.374587

     C   22        0.065344        0.218290       -0.331088
     C   22        0.218290       -0.299705        0.526621
     C   22       -0.331088        0.526621        0.234361

     C   23       -0.735234       -0.400772       -0.358578
     C   23       -0.400772        0.197017        0.019870
     C   23       -0.358578        0.019870        0.538217

     Cl  24       -0.043061        0.020434        0.027961
     Cl  24        0.020434       -0.031603       -0.023192
     Cl  24        0.027961       -0.023192        0.074664

     ----- ionic term -----
     Cl   1        0.150425       -0.225950        0.068636
     Cl   1       -0.225950        0.004341       -0.032579
     Cl   1        0.068636       -0.032579       -0.154766

     C    2        0.142089       -0.206522        0.317089
     C    2       -0.206522        0.198487        0.329437
     C    2        0.317089        0.329437       -0.340577

     C    3        0.092106       -0.214368        0.224816
     C    3       -0.214368        0.241573        0.348639
     C    3        0.224816        0.348639       -0.333679

     H    4        0.452132        0.362421        0.703874
     H    4        0.362421       -0.327505        0.311358
     H    4        0.703874        0.311358       -0.124627

     C    5        0.207213       -0.120671        0.334800
     C    5       -0.120671        0.103350        0.286918
     C    5        0.334800        0.286918       -0.310563

     H    6       -0.507860        0.067191        0.036733
     H    6        0.067191        0.806421        0.579612
     H    6        0.036733        0.579612       -0.298560

     H    7       -0.494319       -0.230766        0.097304
     H    7       -0.230766        0.819055       -0.569708
     H    7        0.097304       -0.569708       -0.324736

     C    8        0.272038        0.118380        0.184965
     C    8        0.118380        0.139211       -0.295981
     C    8        0.184965       -0.295981       -0.411248

     H    9        0.895513       -0.306883        0.406833
     H    9       -0.306883       -0.431045       -0.162867
     H    9        0.406833       -0.162867       -0.464468

     C   10        0.160156        0.172537        0.107430
     C   10        0.172537        0.287352       -0.416188
     C   10        0.107430       -0.416188       -0.447508

     C   11        0.199275        0.037997        0.244025
     C   11        0.037997        0.180935       -0.451514
     C   11        0.244025       -0.451514       -0.380210

     Cl  12        0.128451        0.164001       -0.028324
     Cl  12        0.164001       -0.008022       -0.025665
     Cl  12       -0.028324       -0.025665       -0.120429

     H   13       -0.523968        0.005302        0.011531
     H   13        0.005302        0.796090        0.592194
     H   13        0.011531        0.592194       -0.272121

     C   14        0.209982       -0.172977        0.303456
     C   14       -0.172977        0.126588        0.244825
     C   14        0.303456        0.244825       -0.336570

     H   15        0.533519        0.276189        0.697538
     H   15        0.276189       -0.440522        0.249350
     H   15        0.697538        0.249350       -0.092997

     C   16        0.102473       -0.207461        0.249819
     C   16       -0.207461        0.218385        0.340524
     C   16        0.249819        0.340524       -0.320858

     C   17        0.123090       -0.129995        0.325613
     C   17       -0.129995        0.186715        0.425488
     C   17        0.325613        0.425488       -0.309804

     Cl  18        0.139033       -0.202163        0.020930
     Cl  18       -0.202163        0.027465       -0.003263
     Cl  18        0.020930       -0.003263       -0.166498

     H   19       -0.516503       -0.042580        0.039378
     H   19       -0.042580        0.513118       -0.772470
     H   19        0.039378       -0.772470        0.003385

     C   20        0.309747        0.146002        0.257286
     C   20        0.146002        0.028095       -0.319964
     C   20        0.257286       -0.319964       -0.337842

     H   21        0.582575       -0.254338        0.677976
     H   21       -0.254338       -0.444363       -0.219874
     H   21        0.677976       -0.219874       -0.138213

     C   22        0.145095        0.215715        0.199606
     C   22        0.215715        0.162687       -0.383230
     C   22        0.199606       -0.383230       -0.307781

     C   23        0.235754        0.136928        0.200366
     C   23        0.136928        0.114285       -0.409858
     C   23        0.200366       -0.409858       -0.350039

     Cl  24        0.148890        0.224424       -0.016995
     Cl  24        0.224424        0.001395       -0.012492
     Cl  24       -0.016995       -0.012492       -0.150284

     ----- GIPAW term -----
     Cl   1       -0.294773       -0.484356       -0.807128
     Cl   1       -0.484356       -0.070131       -1.479399
     Cl   1       -0.807128       -1.479399        0.364904

     C    2       -0.088102        0.054880       -0.110863
     C    2        0.054880        0.111961       -0.192500
     C    2       -0.110863       -0.192500       -0.023860

     C    3        0.022312        0.212301       -0.094331
     C    3        0.212301        0.026342       -0.160384
     C    3       -0.094331       -0.160384       -0.048654

     H    4       -0.000000        0.000000        0.000000
     H    4        0.000000        0.000000        0.000000
     H    4        0.000000        0.000000        0.000000

     C    5        0.102703        0.200617       -0.082836
     C    5        0.200617        0.022446       -0.031401
     C    5       -0.082836       -0.031401       -0.125149

     H    6       -0.000000        0.000000        0.000000
     H    6        0.000000        0.000000        0.000000
     H    6        0.000000        0.000000        0.000000

     H    7       -0.000000        0.000000        0.000000
     H    7        0.000000        0.000000        0.000000
     H    7        0.000000        0.000000        0.000000

     C    8       -0.112048        0.088745       -0.059485
     C    8        0.088745        0.196390       -0.072643
     C    8       -0.059485       -0.072643       -0.084342

     H    9       -0.000000        0.000000        0.000000
     H    9        0.000000        0.000000        0.000000
     H    9        0.000000        0.000000        0.000000

     C   10       -0.172962        0.081584       -0.019891
     C   10        0.081584        0.243051        0.036728
     C   10       -0.019891        0.036728       -0.070089

     C   11       -0.003360        0.247246       -0.120026
     C   11        0.247246        0.093584       -0.071696
     C   11       -0.120026       -0.071696       -0.090224

     Cl  12       -0.722256        1.243800        0.033586
     Cl  12        1.243800        1.966579        1.406506
     Cl  12        0.033586        1.406506       -1.244323

     H   13       -0.000000        0.000000        0.000000
     H   13        0.000000        0.000000        0.000000
     H   13        0.000000        0.000000        0.000000

     C   14       -0.082902        0.066147       -0.027734
     C   14        0.066147        0.186888       -0.163452
     C   14       -0.027734       -0.163452       -0.103986

     H   15       -0.000000        0.000000        0.000000
     H   15        0.000000        0.000000        0.000000
     H   15        0.000000        0.000000        0.000000

     C   16       -0.186168        0.171421       -0.056108
     C   16        0.171421        0.274270        0.024895
     C   16       -0.056108        0.024895       -0.088101

     C   17       -0.010810        0.079437        0.043164
     C   17        0.079437        0.182708        0.056918
     C   17        0.043164        0.056918       -0.171899

     Cl  18        0.107495       -0.650990        0.358601
     Cl  18       -0.650990        1.376783        1.280803
     Cl  18        0.358601        1.280803       -1.484278

     H   19       -0.000000        0.000000        0.000000
     H   19        0.000000        0.000000        0.000000
     H   19        0.000000        0.000000        0.000000

     C   20       -0.081859        0.104299       -0.153877
     C   20        0.104299        0.077107       -0.165113
     C   20       -0.153877       -0.165113        0.004752

     H   21       -0.000000        0.000000        0.000000
     H   21        0.000000        0.000000        0.000000
     H   21        0.000000        0.000000        0.000000

     C   22       -0.037333        0.177401       -0.124773
     C   22        0.177401        0.055010       -0.092765
     C   22       -0.124773       -0.092765       -0.017677

     C   23       -0.121320        0.099087       -0.117625
     C   23        0.099087        0.083525       -0.166812
     C   23       -0.117625       -0.166812        0.037795

     Cl  24        0.123054        2.393547       -0.969522
     Cl  24        2.393547       -0.253478       -1.519929
     Cl  24       -0.969522       -1.519929        0.130425

     ----- total EFG -----
     Cl   1       -0.063251       -0.714594       -0.683815
     Cl   1       -0.714594       -0.069133       -1.314699
     Cl   1       -0.683815       -1.314699        0.132385

     C    2       -0.268984        0.143871       -0.202069
     C    2        0.143871        0.369677       -0.237708
     C    2       -0.202069       -0.237708       -0.100694

     C    3        0.174043        0.516092       -0.022122
     C    3        0.516092        0.011970       -0.376356
     C    3       -0.022122       -0.376356       -0.186013

     H    4        0.302610        0.175846        0.306301
     H    4        0.175846        0.113918        0.268914
     H    4        0.306301        0.268914       -0.416528

     C    5       -0.034787        0.361468       -0.260560
     C    5        0.361468        0.340557       -0.011048
     C    5       -0.260560       -0.011048       -0.305770

     H    6       -0.455224        0.183040       -0.010338
     H    6        0.183040        0.479963        0.074717
     H    6       -0.010338        0.074717       -0.024739

     H    7       -0.049946       -0.034716        0.073303
     H    7       -0.034716        0.031838       -0.302477
     H    7        0.073303       -0.302477        0.018108

     C    8        0.058478        0.304475       -0.182923
     C    8        0.304475        0.288410        0.025612
     C    8       -0.182923        0.025612       -0.346889

     H    9        0.502976        0.164969        0.337168
     H    9        0.164969       -0.255072       -0.250804
     H    9        0.337168       -0.250804       -0.247904

     C   10       -0.581434       -0.069216       -0.094288
     C   10       -0.069216        0.715096       -0.099656
     C   10       -0.094288       -0.099656       -0.133662

     C   11        0.227841        0.633287       -0.339926
     C   11        0.633287        0.109486        0.031521
     C   11       -0.339926        0.031521       -0.337327

     Cl  12       -0.892228        1.167767        0.019567
     Cl  12        1.167767        2.130022        1.520760
     Cl  12        0.019567        1.520760       -1.237794

     H   13       -0.064371       -0.090553       -0.002047
     H   13       -0.090553        0.000202        0.641430
     H   13       -0.002047        0.641430        0.064170

     C   14        0.024341       -0.015377        0.085850
     C   14       -0.015377        0.303758       -0.359694
     C   14        0.085850       -0.359694       -0.328099

     H   15        0.333006       -0.179582        0.275892
     H   15       -0.179582       -0.473105       -0.076408
     H   15        0.275892       -0.076408        0.140099

     C   16       -0.722497        0.373945       -0.127384
     C   16        0.373945        0.815483        0.217047
     C   16       -0.127384        0.217047       -0.092986

     C   17        0.153815        0.191671        0.271186
     C   17        0.191671        0.251964       -0.027799
     C   17        0.271186       -0.027799       -0.405779

     Cl  18        0.078658       -0.637139        0.413718
     Cl  18       -0.637139        1.531509        1.402542
     Cl  18        0.413718        1.402542       -1.610167

     H   19       -0.242184       -0.065662       -0.094456
     H   19       -0.065662        0.016357       -0.160910
     H   19       -0.094456       -0.160910        0.225826

     C   20       -0.443484       -0.095932       -0.353846
     C   20       -0.095932        0.299351       -0.515039
     C   20       -0.353846       -0.515039        0.144133

     H   21        0.045938       -0.499952        0.479180
     H   21       -0.499952       -0.282313        0.029445
     H   21        0.479180        0.029445        0.236375

     C   22        0.173106        0.611406       -0.256255
     C   22        0.611406       -0.082008        0.050625
     C   22       -0.256255        0.050625       -0.091098

     C   23       -0.620800       -0.164757       -0.275836
     C   23       -0.164757        0.394827       -0.556801
     C   23       -0.275836       -0.556801        0.225973

     Cl  24        0.228883        2.638405       -0.958556
     Cl  24        2.638405       -0.283687       -1.555612
     Cl  24       -0.958556       -1.555612        0.054804

     ----- total EFG (symmetrized) -----
     Cl   1       -0.063251       -0.714594       -0.683815
     Cl   1       -0.714594       -0.069133       -1.314699
     Cl   1       -0.683815       -1.314699        0.132385

     C    2       -0.268984        0.143871       -0.202069
     C    2        0.143871        0.369677       -0.237708
     C    2       -0.202069       -0.237708       -0.100694

     C    3        0.174043        0.516092       -0.022122
     C    3        0.516092        0.011970       -0.376356
     C    3       -0.022122       -0.376356       -0.186013

     H    4        0.302610        0.175846        0.306301
     H    4        0.175846        0.113918        0.268914
     H    4        0.306301        0.268914       -0.416528

     C    5       -0.034787        0.361468       -0.260560
     C    5        0.361468        0.340557       -0.011048
     C    5       -0.260560       -0.011048       -0.305770

     H    6       -0.455224        0.183040       -0.010338
     H    6        0.183040        0.479963        0.074717
     H    6       -0.010338        0.074717       -0.024739

     H    7       -0.049946       -0.034716        0.073303
     H    7       -0.034716        0.031838       -0.302477
     H    7        0.073303       -0.302477        0.018108

     C    8        0.058478        0.304475       -0.182923
     C    8        0.304475        0.288410        0.025612
     C    8       -0.182923        0.025612       -0.346889

     H    9        0.502976        0.164969        0.337168
     H    9        0.164969       -0.255072       -0.250804
     H    9        0.337168       -0.250804       -0.247904

     C   10       -0.581434       -0.069216       -0.094288
     C   10       -0.069216        0.715096       -0.099656
     C   10       -0.094288       -0.099656       -0.133662

     C   11        0.227841        0.633287       -0.339926
     C   11        0.633287        0.109486        0.031521
     C   11       -0.339926        0.031521       -0.337327

     Cl  12       -0.892228        1.167767        0.019567
     Cl  12        1.167767        2.130022        1.520760
     Cl  12        0.019567        1.520760       -1.237794

     H   13       -0.064371       -0.090553       -0.002047
     H   13       -0.090553        0.000202        0.641430
     H   13       -0.002047        0.641430        0.064170

     C   14        0.024341       -0.015377        0.085850
     C   14       -0.015377        0.303758       -0.359694
     C   14        0.085850       -0.359694       -0.328099

     H   15        0.333006       -0.179582        0.275892
     H   15       -0.179582       -0.473105       -0.076408
     H   15        0.275892       -0.076408        0.140099

     C   16       -0.722497        0.373945       -0.127384
     C   16        0.373945        0.815483        0.217047
     C   16       -0.127384        0.217047       -0.092986

     C   17        0.153815        0.191671        0.271186
     C   17        0.191671        0.251964       -0.027799
     C   17        0.271186       -0.027799       -0.405779

     Cl  18        0.078658       -0.637139        0.413718
     Cl  18       -0.637139        1.531509        1.402542
     Cl  18        0.413718        1.402542       -1.610167

     H   19       -0.242184       -0.065662       -0.094456
     H   19       -0.065662        0.016357       -0.160910
     H   19       -0.094456       -0.160910        0.225826

     C   20       -0.443484       -0.095932       -0.353846
     C   20       -0.095932        0.299351       -0.515039
     C   20       -0.353846       -0.515039        0.144133

     H   21        0.045938       -0.499952        0.479180
     H   21       -0.499952       -0.282313        0.029445
     H   21        0.479180        0.029445        0.236375

     C   22        0.173106        0.611406       -0.256255
     C   22        0.611406       -0.082008        0.050625
     C   22       -0.256255        0.050625       -0.091098

     C   23       -0.620800       -0.164757       -0.275836
     C   23       -0.164757        0.394827       -0.556801
     C   23       -0.275836       -0.556801        0.225973

     Cl  24        0.228883        2.638405       -0.958556
     Cl  24        2.638405       -0.283687       -1.555612
     Cl  24       -0.958556       -1.555612        0.054804


     NQR/NMR SPECTROSCOPIC PARAMETERS:
     Cl   1    Vxx=    0.4876    axis=( -0.873394  0.368138  0.318837)
     Cl   1    Vyy=    1.3504    axis=( -0.015399 -0.675225  0.737451)
     Cl   1    Vzz=   -1.8380    axis=( -0.486770 -0.639176 -0.595406)
     Cl   1  Q=        -8.1650 1e-30 m^2  Cq=        35.2613 MHz  eta= 0.46945

     C    2    Vxx=   -0.1224    axis=(  0.500894 -0.490835 -0.712872)
     C    2    Vyy=   -0.4040    axis=(  0.824588  0.020368  0.565366)
     C    2    Vzz=    0.5264    axis=(  0.262981  0.871015 -0.414939)
     C    2  Q=         1.0000 1e-30 m^2  Cq=         1.2367 MHz  eta= 0.53499

     C    3    Vxx=   -0.0760    axis=( -0.597647  0.257046 -0.759438)
     C    3    Vyy=   -0.6228    axis=( -0.433199  0.693521  0.575645)
     C    3    Vzz=    0.6988    axis=(  0.674653  0.673020 -0.303129)
     C    3  Q=         1.0000 1e-30 m^2  Cq=         1.6420 MHz  eta= 0.78239

     H    4    Vxx=    0.0151    axis=(  0.585452 -0.806055 -0.086724)
     H    4    Vyy=    0.5720    axis=(  0.767789  0.516933  0.378524)
     H    4    Vzz=   -0.5871    axis=( -0.260281 -0.288193  0.921520)
     H    4  Q=         1.0000 1e-30 m^2  Cq=        -1.3795 MHz  eta= 0.94846

     C    5    Vxx=   -0.0756    axis=(  0.578217 -0.519000 -0.629527)
     C    5    Vyy=   -0.5097    axis=(  0.603738 -0.246816  0.758012)
     C    5    Vzz=    0.5853    axis=(  0.548785  0.818365 -0.170627)
     C    5  Q=         1.0000 1e-30 m^2  Cq=         1.3751 MHz  eta= 0.74180

     H    6    Vxx=   -0.0328    axis=( -0.075136 -0.117466  0.990230)
     H    6    Vyy=   -0.4910    axis=( -0.980626  0.188858 -0.052004)
     H    6    Vzz=    0.5238    axis=( -0.180905 -0.974953 -0.129380)
     H    6  Q=         1.0000 1e-30 m^2  Cq=         1.2308 MHz  eta= 0.87470

     H    7    Vxx=   -0.0612    axis=( -0.973485 -0.224745  0.042622)
     H    7    Vyy=   -0.2812    axis=( -0.125944  0.682130  0.720303)
     H    7    Vzz=    0.3423    axis=(  0.190958 -0.695836  0.692349)
     H    7  Q=         1.0000 1e-30 m^2  Cq=         0.8043 MHz  eta= 0.64262

     C    8    Vxx=   -0.0608    axis=( -0.677307  0.555218  0.482688)
     C    8    Vyy=   -0.4466    axis=(  0.444239 -0.214332  0.869893)
     C    8    Vzz=    0.5074    axis=( -0.586435 -0.803614  0.101481)
     C    8  Q=         1.0000 1e-30 m^2  Cq=         1.1921 MHz  eta= 0.76052

     H    9    Vxx=   -0.0204    axis=(  0.155627  0.770268 -0.618439)
     H    9    Vyy=   -0.6169    axis=( -0.307216  0.632761  0.710797)
     H    9    Vzz=    0.6373    axis=(  0.938828  0.079375  0.335113)
     H    9  Q=         1.0000 1e-30 m^2  Cq=         1.4973 MHz  eta= 0.93606

     C   10    Vxx=   -0.1229    axis=(  0.214587 -0.097846 -0.971791)
     C   10    Vyy=   -0.6063    axis=(  0.975689  0.066846  0.208717)
     C   10    Vzz=    0.7292    axis=(  0.044538 -0.992954  0.109812)
     C   10  Q=         1.0000 1e-30 m^2  Cq=         1.7134 MHz  eta= 0.66300

     C   11    Vxx=   -0.1743    axis=(  0.302836 -0.592852 -0.746202)
     C   11    Vyy=   -0.6768    axis=(  0.588541 -0.499502  0.635702)
     C   11    Vzz=    0.8511    axis=( -0.749607 -0.631684  0.197651)
     C   11  Q=         1.0000 1e-30 m^2  Cq=         1.9998 MHz  eta= 0.59036

     Cl  12    Vxx=   -1.0155    axis=(  0.866063 -0.083190 -0.492965)
     Cl  12    Vyy=   -2.0094    axis=( -0.419644  0.414972 -0.807278)
     Cl  12    Vzz=    3.0249    axis=(  0.271724  0.906023  0.324481)
     Cl  12  Q=        -8.1650 1e-30 m^2  Cq=       -58.0309 MHz  eta= 0.32855

     H   13    Vxx=   -0.0624    axis=( -0.989536  0.024884 -0.142125)
     H   13    Vyy=   -0.6175    axis=( -0.115929 -0.723556  0.680461)
     H   13    Vzz=    0.6799    axis=( -0.085903  0.689817  0.718869)
     H   13  Q=         1.0000 1e-30 m^2  Cq=         1.5975 MHz  eta= 0.81648

     C   14    Vxx=    0.0287    axis=(  0.984439  0.157350  0.078239)
     C   14    Vyy=    0.4721    axis=(  0.110995 -0.901944  0.417344)
     C   14    Vzz=   -0.5008    axis=(  0.136236 -0.402166 -0.905374)
     C   14  Q=         1.0000 1e-30 m^2  Cq=        -1.1767 MHz  eta= 0.88536

     H   15    Vxx=   -0.0521    axis=( -0.553475  0.085740  0.828441)
     H   15    Vyy=   -0.5118    axis=( -0.198129 -0.979686 -0.030975)
     H   15    Vzz=    0.5640    axis=(  0.808956 -0.181282  0.559219)
     H   15  Q=         1.0000 1e-30 m^2  Cq=         1.3251 MHz  eta= 0.81513

     C   16    Vxx=   -0.0856    axis=( -0.262773 -0.121513  0.957175)
     C   16    Vyy=   -0.8491    axis=( -0.943143  0.241632 -0.228246)
     C   16    Vzz=    0.9347    axis=(  0.203550  0.962730  0.178099)
     C   16  Q=         1.0000 1e-30 m^2  Cq=         2.1962 MHz  eta= 0.81691

     C   17    Vxx=    0.0984    axis=( -0.613297  0.698665 -0.368422)
     C   17    Vyy=    0.4301    axis=(  0.682506  0.703540  0.198034)
     C   17    Vzz=   -0.5285    axis=( -0.397559  0.129996  0.908322)
     C   17  Q=         1.0000 1e-30 m^2  Cq=        -1.2417 MHz  eta= 0.62770

     Cl  18    Vxx=    0.1394    axis=(  0.942328  0.114393  0.314534)
     Cl  18    Vyy=    2.1668    axis=(  0.218322 -0.922400 -0.318613)
     Cl  18    Vzz=   -2.3062    axis=(  0.253679  0.368907 -0.894178)
     Cl  18  Q=        -8.1650 1e-30 m^2  Cq=        44.2429 MHz  eta= 0.87910

     H   19    Vxx=   -0.0242    axis=( -0.413129  0.828809  0.377360)
     H   19    Vyy=   -0.2939    axis=(  0.905541  0.329941  0.266711)
     H   19    Vzz=    0.3181    axis=( -0.096546 -0.451901  0.886828)
     H   19  Q=         1.0000 1e-30 m^2  Cq=         0.7474 MHz  eta= 0.84800

     C   20    Vxx=   -0.0449    axis=( -0.604893  0.605407  0.517288)
     C   20    Vyy=   -0.7203    axis=( -0.783654 -0.337232 -0.521690)
     C   20    Vzz=    0.7652    axis=( -0.141389 -0.720941  0.678419)
     C   20  Q=         1.0000 1e-30 m^2  Cq=         1.7979 MHz  eta= 0.88272

     H   21    Vxx=    0.0209    axis=( -0.347582  0.639677  0.685566)
     H   21    Vyy=    0.7305    axis=(  0.689269 -0.321378  0.649326)
     H   21    Vzz=   -0.7514    axis=(  0.635685  0.698233 -0.329204)
     H   21  Q=         1.0000 1e-30 m^2  Cq=        -1.7654 MHz  eta= 0.94436

     C   22    Vxx=   -0.0529    axis=( -0.056399  0.403591  0.913200)
     C   22    Vyy=   -0.6536    axis=( -0.624815  0.699141 -0.347576)
     C   22    Vzz=    0.7065    axis=( -0.778734 -0.590183  0.212739)
     C   22  Q=         1.0000 1e-30 m^2  Cq=         1.6599 MHz  eta= 0.85025

     C   23    Vxx=   -0.0714    axis=( -0.496887  0.587352  0.638843)
     C   23    Vyy=   -0.8043    axis=( -0.866940 -0.302904 -0.395808)
     C   23    Vzz=    0.8757    axis=( -0.038971 -0.750511  0.659708)
     C   23  Q=         1.0000 1e-30 m^2  Cq=         2.0576 MHz  eta= 0.83692

     Cl  24    Vxx=   -0.7312    axis=(  0.485786  0.136868  0.863295)
     Cl  24    Vyy=   -2.7914    axis=( -0.602218  0.768253  0.217074)
     Cl  24    Vzz=    3.5226    axis=( -0.633518 -0.625344  0.455631)
     Cl  24  Q=        -8.1650 1e-30 m^2  Cq=       -67.5801 MHz  eta= 0.58485

     Initialization:
     gipaw_setup  :      9.08s CPU     10.72s WALL (       1 calls)

     Linear response

     Apply operators

     Induced current

     Other routines
     efg          :      9.44s CPU     12.31s WALL (       1 calls)

     General routines
     calbec       :      3.20s CPU      4.21s WALL (      16 calls)
     fft          :      1.78s CPU      3.23s WALL (      15 calls)
     ffts         :      0.04s CPU      0.05s WALL (       2 calls)
     fftw         :      3.51s CPU      4.69s WALL (     672 calls)
     davcio       :      0.02s CPU      0.32s WALL (      32 calls)

     Parallel routines
     fft_scatter  :      2.79s CPU      5.12s WALL (     689 calls)

     Plugins

     GIPAW        :     61.10s CPU     73.67s WALL (       1 calls)
