
     Program QE v.6.0 (svn rev. 13079) starts on  7Jan2017 at 17: 5:53 

     This program is part of the open-source Quantum ESPRESSO suite
     for quantum simulation of materials; please cite
         "P. Giannozzi et al., J. Phys.:Condens. Matter 21 395502 (2009);
          URL http://www.quantum-espresso.org", 
     in publications or presentations arising from this work. More details at
     http://www.quantum-espresso.org/quote

     Parallel version (MPI), running on     8 processors
     R & G space division:  proc/nbgrp/npool/nimage =       8

     ***** This is GIPAW svn revision unknown      *****

     Parallelizing q-star over 1 images

     Reading data from directory:
     /users/majewski/paradichlorobenzene/pbe/9_constraint/scratch/pbe.ecut100.np8.dt60.pcl2phi-129368.save
     Message from routine read_xml_file:
     file /users/majewski/paradichlorobenzene/pbe/9_constraint/scratch/pbe.ecut100.np8.dt60.pcl2phi-129368.save not guaranteed to be safe for post-processing

   Info: using nr1, nr2, nr3 values from input

   Info: using nr1, nr2, nr3 values from input

     IMPORTANT: XC functional enforced from input :
     Exchange-correlation      =  SLA  PW   PBX  PBC ( 1  4  3  4 0 0)
     Any further DFT definition will be discarded
     Please, verify this is what you really want

               file C.pbe-n-kjpaw_psl.1.0.0.UPF: wavefunction(s)  2S 2P renormalized
               file Cl.pbe-n-kjpaw_psl.1.0.0.UPF: wavefunction(s)  3S 3P renormalized
               file H.pbe-kjpaw_psl.1.0.0.UPF: wavefunction(s)  1S renormalized

     Parallelization info
     --------------------
     sticks:   dense  smooth     PW     G-vecs:    dense   smooth      PW
     Min        3057    1223    332               144436    36536    5170
     Max        3059    1225    333               144437    36537    5171
     Sum       24467    9791   2657              1155489   292295   41363


     Subspace diagonalization in iterative solution of the eigenvalue problem:
     a serial algorithm will be used

     GIPAW projectors -----------------------------------------------
     atom=  C    l=0  rc=    1.2000  rs=    0.8000
     atom=  C    l=0  rc=    1.2000  rs=    0.8000
     atom=  C    l=1  rc=    1.4000  rs=    0.9333
     atom=  C    l=1  rc=    1.4000  rs=    0.9333
     projs nearly linearly dependent: l=1  n1,n2= 1, 2  s=  0.99951561

     atom=  Cl   l=0  rc=    1.6000  rs=    1.0667
     atom=  Cl   l=0  rc=    1.6000  rs=    1.0667
     atom=  Cl   l=1  rc=    1.6000  rs=    1.0667
     atom=  Cl   l=1  rc=    1.6000  rs=    1.0667
     atom=  Cl   l=2  rc=    1.6000  rs=    1.0667
     atom=  Cl   l=2  rc=    1.6000  rs=    1.0667
     projs nearly linearly dependent: l=2  n1,n2= 1, 2  s=  0.99993509

     atom=  H    l=0  rc=    1.0000  rs=    0.6667
     atom=  H    l=0  rc=    1.0000  rs=    0.6667
     projs nearly linearly dependent: l=0  n1,n2= 1, 2  s=  0.99968852
     -----------------------------------------------------------------

     GIPAW integrals: -------------------------------------------
     Atom  i/j   nmr_para   nmr_dia   epr_rmc  epr_para   epr_dia
       C   1 1   0.83E+03  0.17E-01  0.93E+01  0.24E+08  0.24E+03
       C   2 1   0.86E+03 -0.61E-01  0.94E+01  0.25E+08  0.25E+03
       C   2 2   0.90E+03 -0.15E+00  0.97E+01  0.26E+08  0.26E+03
       C   3 3   0.33E+01  0.34E+00  0.18E+01  0.55E+03  0.21E+02
       C   4 3   0.35E+01  0.37E+00  0.20E+01  0.59E+03  0.22E+02
       C   4 4   0.38E+01  0.39E+00  0.22E+01  0.63E+03  0.24E+02
       Cl  1 1   0.14E+04 -0.47E+00  0.84E+01  0.32E+09  0.42E+03
       Cl  2 1   0.21E+04 -0.37E+00  0.12E+02  0.49E+09  0.65E+03
       Cl  2 2   0.33E+04 -0.16E+00  0.21E+02  0.76E+09  0.10E+04
       Cl  3 3   0.21E+02  0.79E-01  0.89E+01  0.23E+05  0.13E+03
       Cl  4 3   0.24E+02  0.67E-01  0.99E+01  0.27E+05  0.15E+03
       Cl  4 4   0.28E+02  0.44E-01  0.11E+02  0.32E+05  0.18E+03
       Cl  5 5   0.77E+00  0.19E+00  0.18E+01  0.12E+03  0.22E+02
       Cl  6 5   0.80E+00  0.19E+00  0.19E+01  0.12E+03  0.23E+02
       Cl  6 6   0.83E+00  0.20E+00  0.19E+01  0.12E+03  0.23E+02
       H   1 1   0.39E+02  0.19E+00  0.29E+00  0.78E+05  0.13E+02
       H   2 1   0.41E+02  0.21E+00  0.32E+00  0.82E+05  0.14E+02
       H   2 2   0.43E+02  0.22E+00  0.36E+00  0.86E+05  0.15E+02
     ------------------------------------------------------------

     alpha_pv=     34.7014 eV

     Number of occupied bands for each k-point:
     k-point:     1    nbnd_occ=  42
     k-point:     2    nbnd_occ=  42
     k-point:     3    nbnd_occ=  42
     k-point:     4    nbnd_occ=  42
     k-point:     5    nbnd_occ=  42
     k-point:     6    nbnd_occ=  42
     k-point:     7    nbnd_occ=  42
     k-point:     8    nbnd_occ=  42
     k-point:     9    nbnd_occ=  42
     k-point:    10    nbnd_occ=  42
     k-point:    11    nbnd_occ=  42
     k-point:    12    nbnd_occ=  42
     k-point:    13    nbnd_occ=  42
     k-point:    14    nbnd_occ=  42
     k-point:    15    nbnd_occ=  42
     k-point:    16    nbnd_occ=  42


     q-space interpolation up to   110.00 Rydberg

     GIPAW job: efg                                                                             


     ELECTRIC FIELD GRADIENTS TENSORS IN Hartree/bohrradius^2:

     ----- bare term -----
     Cl   1       -0.271313        0.299706        0.009029
     Cl   1        0.299706        0.094172       -0.096682
     Cl   1        0.009029       -0.096682        0.177141

     C    2       -0.115993       -0.249102       -0.303245
     C    2       -0.249102       -0.025985       -0.621017
     C    2       -0.303245       -0.621017        0.141978

     C    3       -0.265562        0.357097        0.150944
     C    3        0.357097       -0.095999       -0.305891
     C    3        0.150944       -0.305891        0.361561

     H    4       -0.167276       -0.400014       -0.235345
     H    4       -0.400014       -0.220737        0.119390
     H    4       -0.235345        0.119390        0.388013

     C    5       -0.177439       -0.337639       -0.355908
     C    5       -0.337639       -0.032906       -0.533122
     C    5       -0.355908       -0.533122        0.210345

     H    6        0.247927        0.303079       -0.090715
     H    6        0.303079       -0.614939       -0.193223
     H    6       -0.090715       -0.193223        0.367012

     H    7       -0.165819       -0.085711        0.269204
     H    7       -0.085711        0.194465        0.318830
     H    7        0.269204        0.318830       -0.028646

     C    8       -0.288440        0.137602       -0.237567
     C    8        0.137602        0.377492       -0.052946
     C    8       -0.237567       -0.052946       -0.089052

     H    9        0.038016        0.070930       -0.162447
     H    9        0.070930        0.526442        0.071567
     H    9       -0.162447        0.071567       -0.564458

     C   10        0.081698       -0.206798        0.225570
     C   10       -0.206798       -0.191983        0.017801
     C   10        0.225570        0.017801        0.110284

     C   11       -0.119081       -0.131137       -0.511501
     C   11       -0.131137       -0.098201        0.432703
     C   11       -0.511501        0.432703        0.217282

     Cl  12       -0.194363       -0.149115       -0.086442
     Cl  12       -0.149115       -0.116494       -0.024911
     Cl  12       -0.086442       -0.024911        0.310857

     H   13        0.403564        0.004828       -0.173997
     H   13        0.004828       -0.368777       -0.483144
     H   13       -0.173997       -0.483144       -0.034787

     C   14       -0.451460        0.341795       -0.029291
     C   14        0.341795        0.098436       -0.286050
     C   14       -0.029291       -0.286050        0.353025

     H   15       -0.720133        0.001148        0.040657
     H   15        0.001148        0.389264       -0.192782
     H   15        0.040657       -0.192782        0.330869

     C   16        0.142587       -0.281171       -0.450267
     C   16       -0.281171       -0.272285       -0.577535
     C   16       -0.450267       -0.577535        0.129698

     C   17       -0.242988        0.371405       -0.209362
     C   17        0.371405       -0.148141       -0.299637
     C   17       -0.209362       -0.299637        0.391129

     Cl  18       -0.058497       -0.049341        0.289141
     Cl  18       -0.049341        0.219248        0.059349
     Cl  18        0.289141        0.059349       -0.160751

     H   19        0.144667       -0.073657        0.395571
     H   19       -0.073657        0.069642        0.421947
     H   19        0.395571        0.421947       -0.214309

     C   20       -0.201376       -0.005685       -0.388420
     C   20       -0.005685       -0.120143        0.427318
     C   20       -0.388420        0.427318        0.321519

     H   21        0.121489        0.078031       -0.270644
     H   21        0.078031        0.327178        0.366482
     H   21       -0.270644        0.366482       -0.448667

     C   22       -0.739339       -0.345146       -0.329330
     C   22       -0.345146        0.225232       -0.001815
     C   22       -0.329330       -0.001815        0.514107

     C   23        0.082733       -0.355258        0.063144
     C   23       -0.355258       -0.302947        0.526095
     C   23        0.063144        0.526095        0.220213

     Cl  24       -0.054425       -0.104568       -0.031120
     Cl  24       -0.104568       -0.001140        0.031454
     Cl  24       -0.031120        0.031454        0.055565

     ----- ionic term -----
     Cl   1        0.163705       -0.202716        0.022655
     Cl   1       -0.202716       -0.007309       -0.003870
     Cl   1        0.022655       -0.003870       -0.156396

     C    2        0.282850       -0.160620        0.201411
     C    2       -0.160620        0.108862        0.373430
     C    2        0.201411        0.373430       -0.391712

     C    3        0.186718       -0.200501        0.118379
     C    3       -0.200501        0.172321        0.430238
     C    3        0.118379        0.430238       -0.359039

     H    4        0.605926        0.374051        0.643414
     H    4        0.374051       -0.385513        0.287686
     H    4        0.643414        0.287686       -0.220413

     C    5        0.375778       -0.099355        0.139681
     C    5       -0.099355        0.022255        0.345082
     C    5        0.139681        0.345082       -0.398033

     H    6       -0.502934        0.030535        0.000189
     H    6        0.030535        0.626078        0.731622
     H    6        0.000189        0.731622       -0.123144

     H    7       -0.493665        0.236457       -0.105002
     H    7        0.236457        0.609113       -0.691321
     H    7       -0.105002       -0.691321       -0.115448

     C    8        0.139726        0.287066        0.316532
     C    8        0.287066       -0.042852       -0.289306
     C    8        0.316532       -0.289306       -0.096874

     H    9        0.400723       -0.418614        0.669634
     H    9       -0.418614       -0.308798       -0.379413
     H    9        0.669634       -0.379413       -0.091925

     C   10        0.110975        0.315026        0.162772
     C   10        0.315026        0.058495       -0.419831
     C   10        0.162772       -0.419831       -0.169470

     C   11        0.153105        0.338359        0.290103
     C   11        0.338359       -0.084476       -0.436274
     C   11        0.290103       -0.436274       -0.068629

     Cl  12        0.228798        0.244194        0.051195
     Cl  12        0.244194       -0.080187        0.017304
     Cl  12        0.051195        0.017304       -0.148611

     H   13       -0.513423       -0.049212       -0.014286
     H   13       -0.049212        0.716388        0.691299
     H   13       -0.014286        0.691299       -0.202965

     C   14        0.381879       -0.202624        0.104050
     C   14       -0.202624        0.017303        0.328907
     C   14        0.104050        0.328907       -0.399182

     H   15        0.764441        0.369895        0.459682
     H   15        0.369895       -0.425877        0.222936
     H   15        0.459682        0.222936       -0.338564

     C   16        0.246380       -0.190124        0.047373
     C   16       -0.190124        0.136263        0.431937
     C   16        0.047373        0.431937       -0.382643

     C   17        0.294822       -0.038513        0.085519
     C   17       -0.038513        0.066407        0.473666
     C   17        0.085519        0.473666       -0.361229

     Cl  18        0.156722       -0.203859       -0.087445
     Cl  18       -0.203859       -0.051895        0.032986
     Cl  18       -0.087445        0.032986       -0.104826

     H   19       -0.469065        0.218235       -0.209046
     H   19        0.218235        0.220938       -0.756047
     H   19       -0.209046       -0.756047        0.248128

     C   20        0.199136        0.280379        0.327894
     C   20        0.280379       -0.173939       -0.289234
     C   20        0.327894       -0.289234       -0.025197

     H   21        0.096620       -0.249910        0.728417
     H   21       -0.249910       -0.466072       -0.349260
     H   21        0.728417       -0.349260        0.369451

     C   22        0.042123        0.313906        0.203624
     C   22        0.313906        0.019356       -0.425721
     C   22        0.203624       -0.425721       -0.061479

     C   23       -0.019633        0.307372        0.309916
     C   23        0.307372        0.042837       -0.453251
     C   23        0.309916       -0.453251       -0.023204

     Cl  24        0.099466        0.242405        0.056512
     Cl  24        0.242405        0.042357        0.042189
     Cl  24        0.056512        0.042189       -0.141823

     ----- GIPAW term -----
     Cl   1       -1.228633       -0.470879       -0.134385
     Cl   1       -0.470879        2.131526       -1.908501
     Cl   1       -0.134385       -1.908501       -0.902893

     C    2       -0.059732       -0.125782       -0.001614
     C    2       -0.125782        0.047796       -0.199193
     C    2       -0.001614       -0.199193        0.011936

     C    3       -0.066289       -0.044499        0.094558
     C    3       -0.044499        0.046051       -0.120947
     C    3        0.094558       -0.120947        0.020238

     H    4       -0.000000        0.000000        0.000000
     H    4        0.000000        0.000000        0.000000
     H    4        0.000000        0.000000        0.000000

     C    5       -0.006344       -0.194687        0.048003
     C    5       -0.194687        0.046803       -0.191332
     C    5        0.048003       -0.191332       -0.040460

     H    6       -0.000000        0.000000        0.000000
     H    6        0.000000        0.000000        0.000000
     H    6        0.000000        0.000000        0.000000

     H    7       -0.000000        0.000000        0.000000
     H    7        0.000000        0.000000        0.000000
     H    7        0.000000        0.000000        0.000000

     C    8        0.028435        0.009978        0.027284
     C    8        0.009978        0.014684       -0.042887
     C    8        0.027284       -0.042887       -0.043119

     H    9       -0.000000        0.000000        0.000000
     H    9        0.000000        0.000000        0.000000
     H    9        0.000000        0.000000        0.000000

     C   10        0.014394        0.006877        0.028012
     C   10        0.006877       -0.012523       -0.021471
     C   10        0.028012       -0.021471       -0.001871

     C   11        0.005810       -0.041650       -0.190571
     C   11       -0.041650       -0.021179        0.175331
     C   11       -0.190571        0.175331        0.015369

     Cl  12       -0.585870        1.334503       -1.052933
     Cl  12        1.334503       -1.380760       -0.368493
     Cl  12       -1.052933       -0.368493        1.966630

     H   13       -0.000000        0.000000        0.000000
     H   13        0.000000        0.000000        0.000000
     H   13        0.000000        0.000000        0.000000

     C   14       -0.014116       -0.158981        0.087611
     C   14       -0.158981        0.104099       -0.085770
     C   14        0.087611       -0.085770       -0.089983

     H   15       -0.000000        0.000000        0.000000
     H   15        0.000000        0.000000        0.000000
     H   15        0.000000        0.000000        0.000000

     C   16        0.164270       -0.219094       -0.167805
     C   16       -0.219094       -0.064702       -0.032827
     C   16       -0.167805       -0.032827       -0.099568

     C   17        0.153975       -0.179243       -0.053377
     C   17       -0.179243       -0.036119       -0.006988
     C   17       -0.053377       -0.006988       -0.117856

     Cl  18        0.332218       -0.659515       -1.154648
     Cl  18       -0.659515       -0.592133       -0.734032
     Cl  18       -1.154648       -0.734032        0.259915

     H   19       -0.000000        0.000000        0.000000
     H   19        0.000000        0.000000        0.000000
     H   19        0.000000        0.000000        0.000000

     C   20       -0.027460        0.074021       -0.099135
     C   20        0.074021       -0.001653        0.028861
     C   20       -0.099135        0.028861        0.029114

     H   21       -0.000000        0.000000        0.000000
     H   21        0.000000        0.000000        0.000000
     H   21        0.000000        0.000000        0.000000

     C   22       -0.246844       -0.054866       -0.023552
     C   22       -0.054866        0.070927       -0.190680
     C   22       -0.023552       -0.190680        0.175918

     C   23       -0.005197       -0.099817        0.076163
     C   23       -0.099817        0.085205       -0.064575
     C   23        0.076163       -0.064575       -0.080008

     Cl  24       -0.272114        0.235799        1.206618
     Cl  24        0.235799       -0.260010       -1.757090
     Cl  24        1.206618       -1.757090        0.532124

     ----- total EFG -----
     Cl   1       -1.336241       -0.373889       -0.102701
     Cl   1       -0.373889        2.218389       -2.009053
     Cl   1       -0.102701       -2.009053       -0.882148

     C    2        0.107126       -0.535504       -0.103448
     C    2       -0.535504        0.130673       -0.446779
     C    2       -0.103448       -0.446779       -0.237799

     C    3       -0.145134        0.112097        0.363880
     C    3        0.112097        0.122374        0.003399
     C    3        0.363880        0.003399        0.022760

     H    4        0.438650       -0.025962        0.408069
     H    4       -0.025962       -0.606250        0.407076
     H    4        0.408069        0.407076        0.167600

     C    5        0.191995       -0.631681       -0.168224
     C    5       -0.631681        0.036152       -0.379371
     C    5       -0.168224       -0.379371       -0.228147

     H    6       -0.255007        0.333614       -0.090526
     H    6        0.333614        0.011139        0.538399
     H    6       -0.090526        0.538399        0.243868

     H    7       -0.659484        0.150746        0.164202
     H    7        0.150746        0.803578       -0.372492
     H    7        0.164202       -0.372492       -0.144094

     C    8       -0.120279        0.434646        0.106249
     C    8        0.434646        0.349324       -0.385139
     C    8        0.106249       -0.385139       -0.229045

     H    9        0.438739       -0.347684        0.507187
     H    9       -0.347684        0.217644       -0.307846
     H    9        0.507187       -0.307846       -0.656383

     C   10        0.207068        0.115105        0.416354
     C   10        0.115105       -0.146011       -0.423501
     C   10        0.416354       -0.423501       -0.061057

     C   11        0.039835        0.165572       -0.411970
     C   11        0.165572       -0.203856        0.171760
     C   11       -0.411970        0.171760        0.164021

     Cl  12       -0.551435        1.429582       -1.088180
     Cl  12        1.429582       -1.577442       -0.376099
     Cl  12       -1.088180       -0.376099        2.128876

     H   13       -0.109859       -0.044383       -0.188283
     H   13       -0.044383        0.347610        0.208155
     H   13       -0.188283        0.208155       -0.237751

     C   14       -0.083698       -0.019810        0.162370
     C   14       -0.019810        0.219838       -0.042913
     C   14        0.162370       -0.042913       -0.136140

     H   15        0.044308        0.371043        0.500339
     H   15        0.371043       -0.036613        0.030154
     H   15        0.500339        0.030154       -0.007695

     C   16        0.553237       -0.690389       -0.570699
     C   16       -0.690389       -0.200724       -0.178425
     C   16       -0.570699       -0.178425       -0.352513

     C   17        0.205808        0.153649       -0.177220
     C   17        0.153649       -0.117852        0.167041
     C   17       -0.177220        0.167041       -0.087956

     Cl  18        0.430442       -0.912715       -0.952952
     Cl  18       -0.912715       -0.424780       -0.641697
     Cl  18       -0.952952       -0.641697       -0.005662

     H   19       -0.324398        0.144578        0.186525
     H   19        0.144578        0.290580       -0.334100
     H   19        0.186525       -0.334100        0.033819

     C   20       -0.029700        0.348715       -0.159661
     C   20        0.348715       -0.295735        0.166944
     C   20       -0.159661        0.166944        0.325436

     H   21        0.218109       -0.171879        0.457773
     H   21       -0.171879       -0.138893        0.017222
     H   21        0.457773        0.017222       -0.079215

     C   22       -0.944060       -0.086106       -0.149258
     C   22       -0.086106        0.315515       -0.618216
     C   22       -0.149258       -0.618216        0.628545

     C   23        0.057904       -0.147703        0.449224
     C   23       -0.147703       -0.174905        0.008269
     C   23        0.449224        0.008269        0.117001

     Cl  24       -0.227074        0.373636        1.232011
     Cl  24        0.373636       -0.218793       -1.683447
     Cl  24        1.232011       -1.683447        0.445866

     ----- total EFG (symmetrized) -----
     Cl   1       -1.336241       -0.373889       -0.102701
     Cl   1       -0.373889        2.218389       -2.009053
     Cl   1       -0.102701       -2.009053       -0.882148

     C    2        0.107126       -0.535504       -0.103448
     C    2       -0.535504        0.130673       -0.446779
     C    2       -0.103448       -0.446779       -0.237799

     C    3       -0.145134        0.112097        0.363880
     C    3        0.112097        0.122374        0.003399
     C    3        0.363880        0.003399        0.022760

     H    4        0.438650       -0.025962        0.408069
     H    4       -0.025962       -0.606250        0.407076
     H    4        0.408069        0.407076        0.167600

     C    5        0.191995       -0.631681       -0.168224
     C    5       -0.631681        0.036152       -0.379371
     C    5       -0.168224       -0.379371       -0.228147

     H    6       -0.255007        0.333614       -0.090526
     H    6        0.333614        0.011139        0.538399
     H    6       -0.090526        0.538399        0.243868

     H    7       -0.659484        0.150746        0.164202
     H    7        0.150746        0.803578       -0.372492
     H    7        0.164202       -0.372492       -0.144094

     C    8       -0.120279        0.434646        0.106249
     C    8        0.434646        0.349324       -0.385139
     C    8        0.106249       -0.385139       -0.229045

     H    9        0.438739       -0.347684        0.507187
     H    9       -0.347684        0.217644       -0.307846
     H    9        0.507187       -0.307846       -0.656383

     C   10        0.207068        0.115105        0.416354
     C   10        0.115105       -0.146011       -0.423501
     C   10        0.416354       -0.423501       -0.061057

     C   11        0.039835        0.165572       -0.411970
     C   11        0.165572       -0.203856        0.171760
     C   11       -0.411970        0.171760        0.164021

     Cl  12       -0.551435        1.429582       -1.088180
     Cl  12        1.429582       -1.577442       -0.376099
     Cl  12       -1.088180       -0.376099        2.128876

     H   13       -0.109859       -0.044383       -0.188283
     H   13       -0.044383        0.347610        0.208155
     H   13       -0.188283        0.208155       -0.237751

     C   14       -0.083698       -0.019810        0.162370
     C   14       -0.019810        0.219838       -0.042913
     C   14        0.162370       -0.042913       -0.136140

     H   15        0.044308        0.371043        0.500339
     H   15        0.371043       -0.036613        0.030154
     H   15        0.500339        0.030154       -0.007695

     C   16        0.553237       -0.690389       -0.570699
     C   16       -0.690389       -0.200724       -0.178425
     C   16       -0.570699       -0.178425       -0.352513

     C   17        0.205808        0.153649       -0.177220
     C   17        0.153649       -0.117852        0.167041
     C   17       -0.177220        0.167041       -0.087956

     Cl  18        0.430442       -0.912715       -0.952952
     Cl  18       -0.912715       -0.424780       -0.641697
     Cl  18       -0.952952       -0.641697       -0.005662

     H   19       -0.324398        0.144578        0.186525
     H   19        0.144578        0.290580       -0.334100
     H   19        0.186525       -0.334100        0.033819

     C   20       -0.029700        0.348715       -0.159661
     C   20        0.348715       -0.295735        0.166944
     C   20       -0.159661        0.166944        0.325436

     H   21        0.218109       -0.171879        0.457773
     H   21       -0.171879       -0.138893        0.017222
     H   21        0.457773        0.017222       -0.079215

     C   22       -0.944060       -0.086106       -0.149258
     C   22       -0.086106        0.315515       -0.618216
     C   22       -0.149258       -0.618216        0.628545

     C   23        0.057904       -0.147703        0.449224
     C   23       -0.147703       -0.174905        0.008269
     C   23        0.449224        0.008269        0.117001

     Cl  24       -0.227074        0.373636        1.232011
     Cl  24        0.373636       -0.218793       -1.683447
     Cl  24        1.232011       -1.683447        0.445866


     NQR/NMR SPECTROSCOPIC PARAMETERS:
     Cl   1    Vxx=   -1.2487    axis=(  0.922247 -0.114514 -0.369252)
     Cl   1    Vyy=   -1.9756    axis=(  0.381318  0.426810  0.820019)
     Cl   1    Vzz=    3.2243    axis=( -0.063697  0.897062 -0.437290)
     Cl   1  Q=        -8.1650 1e-30 m^2  Cq=       -61.8563 MHz  eta= 0.22544

     C    2    Vxx=    0.0138    axis=(  0.651810  0.251842 -0.715345)
     C    2    Vyy=    0.7276    axis=( -0.599342  0.749021 -0.282413)
     C    2    Vzz=   -0.7414    axis=(  0.464685  0.612816  0.639159)
     C    2  Q=         1.0000 1e-30 m^2  Cq=        -1.7419 MHz  eta= 0.96290

     C    3    Vxx=    0.1099    axis=( -0.093011  0.931332 -0.352092)
     C    3    Vyy=    0.3377    axis=(  0.615652  0.331716  0.714799)
     C    3    Vzz=   -0.4476    axis=( -0.782510  0.150282  0.604230)
     C    3  Q=         1.0000 1e-30 m^2  Cq=        -1.0518 MHz  eta= 0.50901

     H    4    Vxx=    0.0401    axis=(  0.631566 -0.431214 -0.644344)
     H    4    Vyy=    0.7710    axis=(  0.758511  0.171522  0.628682)
     H    4    Vzz=   -0.8111    axis=( -0.160577 -0.885796  0.435408)
     H    4  Q=         1.0000 1e-30 m^2  Cq=        -1.9056 MHz  eta= 0.90124

     C    5    Vxx=    0.0322    axis=( -0.486168 -0.337614  0.806013)
     C    5    Vyy=    0.7685    axis=( -0.712153  0.687608 -0.141536)
     C    5    Vzz=   -0.8007    axis=( -0.506437 -0.642815 -0.574726)
     C    5  Q=         1.0000 1e-30 m^2  Cq=        -1.8813 MHz  eta= 0.91950

     H    6    Vxx=   -0.0286    axis=( -0.771160 -0.385919  0.506338)
     H    6    Vyy=   -0.6720    axis=( -0.616649  0.650526 -0.443350)
     H    6    Vzz=    0.7006    axis=(  0.158289  0.654127  0.739637)
     H    6  Q=         1.0000 1e-30 m^2  Cq=         1.6462 MHz  eta= 0.91832

     H    7    Vxx=   -0.1860    axis=(  0.391331  0.271383  0.879324)
     H    7    Vyy=   -0.7515    axis=( -0.918501  0.174078  0.355040)
     H    7    Vzz=    0.9375    axis=( -0.056719 -0.946598  0.317388)
     H    7  Q=         1.0000 1e-30 m^2  Cq=         2.2028 MHz  eta= 0.60325

     C    8    Vxx=   -0.0713    axis=( -0.708430  0.091232 -0.699860)
     C    8    Vyy=   -0.6271    axis=( -0.571149  0.508437  0.644423)
     C    8    Vzz=    0.6984    axis=(  0.414626  0.856253 -0.308085)
     C    8  Q=         1.0000 1e-30 m^2  Cq=         1.6409 MHz  eta= 0.79584

     H    9    Vxx=   -0.0343    axis=(  0.559043  0.827856  0.046113)
     H    9    Vyy=   -0.8814    axis=(  0.316527 -0.161682 -0.934703)
     H    9    Vzz=    0.9157    axis=( -0.766344  0.537135 -0.352425)
     H    9  Q=         1.0000 1e-30 m^2  Cq=         2.1515 MHz  eta= 0.92510

     C   10    Vxx=    0.1299    axis=( -0.602183 -0.733823  0.314452)
     C   10    Vyy=    0.5573    axis=(  0.693163 -0.285152  0.661977)
     C   10    Vzz=   -0.6873    axis=(  0.396107 -0.616598 -0.680372)
     C   10  Q=         1.0000 1e-30 m^2  Cq=        -1.6148 MHz  eta= 0.62192

     C   11    Vxx=   -0.0159    axis=(  0.492643  0.782344  0.381105)
     C   11    Vyy=   -0.5034    axis=( -0.584652  0.621927 -0.520950)
     C   11    Vzz=    0.5193    axis=( -0.644582  0.033828  0.763787)
     C   11  Q=         1.0000 1e-30 m^2  Cq=         1.2202 MHz  eta= 0.93867

     Cl  12    Vxx=   -0.0879    axis=(  0.700952  0.561772  0.439406)
     Cl  12    Vyy=   -2.6067    axis=( -0.595336  0.800130 -0.073255)
     Cl  12    Vzz=    2.6945    axis=( -0.392735 -0.210246  0.895297)
     Cl  12  Q=        -8.1650 1e-30 m^2  Cq=       -51.6934 MHz  eta= 0.93479

     H   13    Vxx=   -0.0313    axis=(  0.839385  0.333912 -0.428877)
     H   13    Vyy=   -0.4023    axis=( -0.508201  0.202279 -0.837147)
     H   13    Vzz=    0.4337    axis=( -0.192781  0.920644  0.339484)
     H   13  Q=         1.0000 1e-30 m^2  Cq=         1.0189 MHz  eta= 0.85559

     C   14    Vxx=    0.0442    axis=( -0.749374 -0.235645 -0.618798)
     C   14    Vyy=    0.2310    axis=(  0.155021 -0.970996  0.182032)
     C   14    Vzz=   -0.2752    axis=( -0.643745  0.040483  0.764169)
     C   14  Q=         1.0000 1e-30 m^2  Cq=        -0.6466 MHz  eta= 0.67913

     H   15    Vxx=   -0.0552    axis=( -0.008296 -0.802416  0.596708)
     H   15    Vyy=   -0.5956    axis=( -0.697535  0.432216  0.571520)
     H   15    Vzz=    0.6508    axis=(  0.716503  0.411483  0.563299)
     H   15  Q=         1.0000 1e-30 m^2  Cq=         1.5290 MHz  eta= 0.83035

     C   16    Vxx=   -0.1081    axis=(  0.094259  0.686382 -0.721107)
     C   16    Vyy=   -0.9759    axis=(  0.502503  0.592488  0.629641)
     C   16    Vzz=    1.0840    axis=(  0.859422 -0.421708 -0.289062)
     C   16  Q=         1.0000 1e-30 m^2  Cq=         2.5469 MHz  eta= 0.80058

     C   17    Vxx=    0.0624    axis=( -0.087898 -0.716343 -0.692189)
     C   17    Vyy=    0.3034    axis=(  0.921511  0.205402 -0.329588)
     C   17    Vzz=   -0.3658    axis=(  0.378275 -0.666830  0.642064)
     C   17  Q=         1.0000 1e-30 m^2  Cq=        -0.8596 MHz  eta= 0.65883

     Cl  18    Vxx=    0.4173    axis=(  0.175178 -0.709810  0.682262)
     Cl  18    Vyy=    1.2764    axis=(  0.832686 -0.262927 -0.487343)
     Cl  18    Vzz=   -1.6936    axis=( -0.525307 -0.653482 -0.544990)
     Cl  18  Q=        -8.1650 1e-30 m^2  Cq=        32.4916 MHz  eta= 0.50725

     H   19    Vxx=   -0.0159    axis=( -0.606522 -0.437506 -0.663867)
     H   19    Vyy=   -0.5044    axis=( -0.794870  0.352206  0.494097)
     H   19    Vzz=    0.5204    axis=(  0.017648  0.827369 -0.561381)
     H   19  Q=         1.0000 1e-30 m^2  Cq=         1.2226 MHz  eta= 0.93870

     C   20    Vxx=    0.2035    axis=(  0.774697  0.603878  0.187553)
     C   20    Vyy=    0.3892    axis=( -0.294517  0.082118  0.952112)
     C   20    Vzz=   -0.5927    axis=(  0.559558 -0.792835  0.241468)
     C   20  Q=         1.0000 1e-30 m^2  Cq=        -1.3926 MHz  eta= 0.31340

     H   21    Vxx=   -0.1186    axis=(  0.068446 -0.916378 -0.394420)
     H   21    Vyy=   -0.4559    axis=(  0.585439  0.357014 -0.727875)
     H   21    Vzz=    0.5745    axis=( -0.807822  0.181089 -0.560919)
     H   21  Q=         1.0000 1e-30 m^2  Cq=         1.3498 MHz  eta= 0.58697

     C   22    Vxx=   -0.1344    axis=( -0.192635  0.780474  0.594771)
     C   22    Vyy=   -0.9775    axis=( -0.980753 -0.133457 -0.142521)
     C   22    Vzz=    1.1118    axis=( -0.031857 -0.610778  0.791161)
     C   22  Q=         1.0000 1e-30 m^2  Cq=         2.6123 MHz  eta= 0.75832

     C   23    Vxx=   -0.1324    axis=( -0.233878  0.889877  0.391689)
     C   23    Vyy=   -0.4179    axis=(  0.685579  0.436599 -0.582548)
     C   23    Vzz=    0.5503    axis=( -0.689407  0.132289 -0.712192)
     C   23  Q=         1.0000 1e-30 m^2  Cq=         1.2930 MHz  eta= 0.51866

     Cl  24    Vxx=    0.1329    axis=(  0.801090  0.596169  0.053256)
     Cl  24    Vyy=    2.0847    axis=(  0.334750 -0.520012  0.785831)
     Cl  24    Vzz=   -2.2176    axis=(  0.496182 -0.611694 -0.616144)
     Cl  24  Q=        -8.1650 1e-30 m^2  Cq=        42.5429 MHz  eta= 0.88015

     Initialization:
     gipaw_setup  :      9.20s CPU     10.82s WALL (       1 calls)

     Linear response

     Apply operators

     Induced current

     Other routines
     efg          :      9.42s CPU     11.83s WALL (       1 calls)

     General routines
     calbec       :      3.28s CPU      4.41s WALL (      16 calls)
     fft          :      1.68s CPU      2.70s WALL (      15 calls)
     ffts         :      0.03s CPU      0.05s WALL (       2 calls)
     fftw         :      3.28s CPU      3.93s WALL (     672 calls)
     davcio       :      0.06s CPU      0.34s WALL (      32 calls)

     Parallel routines
     fft_scatter  :      2.26s CPU      3.72s WALL (     689 calls)

     Plugins

     GIPAW        :     61.42s CPU     73.02s WALL (       1 calls)
