
     Program QE v.6.0 (svn rev. 13079) starts on 11Jan2017 at 18:29:56 

     This program is part of the open-source Quantum ESPRESSO suite
     for quantum simulation of materials; please cite
         "P. Giannozzi et al., J. Phys.:Condens. Matter 21 395502 (2009);
          URL http://www.quantum-espresso.org", 
     in publications or presentations arising from this work. More details at
     http://www.quantum-espresso.org/quote

     Parallel version (MPI), running on     8 processors
     R & G space division:  proc/nbgrp/npool/nimage =       8

     ***** This is GIPAW svn revision unknown      *****

     Parallelizing q-star over 1 images

     Reading data from directory:
     /users/majewski/paradichlorobenzene/pbe/9_constraint/scratch/pbe.ecut100.np8.dt60.pcl2phi-129368.save
     Message from routine read_xml_file:
     file /users/majewski/paradichlorobenzene/pbe/9_constraint/scratch/pbe.ecut100.np8.dt60.pcl2phi-129368.save not guaranteed to be safe for post-processing

   Info: using nr1, nr2, nr3 values from input

   Info: using nr1, nr2, nr3 values from input

     IMPORTANT: XC functional enforced from input :
     Exchange-correlation      =  SLA  PW   PBX  PBC ( 1  4  3  4 0 0)
     Any further DFT definition will be discarded
     Please, verify this is what you really want

               file C.pbe-n-kjpaw_psl.1.0.0.UPF: wavefunction(s)  2S 2P renormalized
               file Cl.pbe-n-kjpaw_psl.1.0.0.UPF: wavefunction(s)  3S 3P renormalized
               file H.pbe-kjpaw_psl.1.0.0.UPF: wavefunction(s)  1S renormalized

     Parallelization info
     --------------------
     sticks:   dense  smooth     PW     G-vecs:    dense   smooth      PW
     Min        3057    1223    332               144436    36536    5170
     Max        3059    1225    333               144437    36537    5171
     Sum       24467    9791   2657              1155489   292295   41363


     Subspace diagonalization in iterative solution of the eigenvalue problem:
     a serial algorithm will be used

     GIPAW projectors -----------------------------------------------
     atom=  C    l=0  rc=    1.2000  rs=    0.8000
     atom=  C    l=0  rc=    1.2000  rs=    0.8000
     atom=  C    l=1  rc=    1.4000  rs=    0.9333
     atom=  C    l=1  rc=    1.4000  rs=    0.9333
     projs nearly linearly dependent: l=1  n1,n2= 1, 2  s=  0.99951561

     atom=  Cl   l=0  rc=    1.6000  rs=    1.0667
     atom=  Cl   l=0  rc=    1.6000  rs=    1.0667
     atom=  Cl   l=1  rc=    1.6000  rs=    1.0667
     atom=  Cl   l=1  rc=    1.6000  rs=    1.0667
     atom=  Cl   l=2  rc=    1.6000  rs=    1.0667
     atom=  Cl   l=2  rc=    1.6000  rs=    1.0667
     projs nearly linearly dependent: l=2  n1,n2= 1, 2  s=  0.99993509

     atom=  H    l=0  rc=    1.0000  rs=    0.6667
     atom=  H    l=0  rc=    1.0000  rs=    0.6667
     projs nearly linearly dependent: l=0  n1,n2= 1, 2  s=  0.99968852
     -----------------------------------------------------------------

     GIPAW integrals: -------------------------------------------
     Atom  i/j   nmr_para   nmr_dia   epr_rmc  epr_para   epr_dia
       C   1 1   0.83E+03  0.17E-01  0.93E+01  0.24E+08  0.24E+03
       C   2 1   0.86E+03 -0.61E-01  0.94E+01  0.25E+08  0.25E+03
       C   2 2   0.90E+03 -0.15E+00  0.97E+01  0.26E+08  0.26E+03
       C   3 3   0.33E+01  0.34E+00  0.18E+01  0.55E+03  0.21E+02
       C   4 3   0.35E+01  0.37E+00  0.20E+01  0.59E+03  0.22E+02
       C   4 4   0.38E+01  0.39E+00  0.22E+01  0.63E+03  0.24E+02
       Cl  1 1   0.14E+04 -0.47E+00  0.84E+01  0.32E+09  0.42E+03
       Cl  2 1   0.21E+04 -0.37E+00  0.12E+02  0.49E+09  0.65E+03
       Cl  2 2   0.33E+04 -0.16E+00  0.21E+02  0.76E+09  0.10E+04
       Cl  3 3   0.21E+02  0.79E-01  0.89E+01  0.23E+05  0.13E+03
       Cl  4 3   0.24E+02  0.67E-01  0.99E+01  0.27E+05  0.15E+03
       Cl  4 4   0.28E+02  0.44E-01  0.11E+02  0.32E+05  0.18E+03
       Cl  5 5   0.77E+00  0.19E+00  0.18E+01  0.12E+03  0.22E+02
       Cl  6 5   0.80E+00  0.19E+00  0.19E+01  0.12E+03  0.23E+02
       Cl  6 6   0.83E+00  0.20E+00  0.19E+01  0.12E+03  0.23E+02
       H   1 1   0.39E+02  0.19E+00  0.29E+00  0.78E+05  0.13E+02
       H   2 1   0.41E+02  0.21E+00  0.32E+00  0.82E+05  0.14E+02
       H   2 2   0.43E+02  0.22E+00  0.36E+00  0.86E+05  0.15E+02
     ------------------------------------------------------------

     alpha_pv=     34.4706 eV

     Number of occupied bands for each k-point:
     k-point:     1    nbnd_occ=  42
     k-point:     2    nbnd_occ=  42
     k-point:     3    nbnd_occ=  42
     k-point:     4    nbnd_occ=  42
     k-point:     5    nbnd_occ=  42
     k-point:     6    nbnd_occ=  42
     k-point:     7    nbnd_occ=  42
     k-point:     8    nbnd_occ=  42
     k-point:     9    nbnd_occ=  42
     k-point:    10    nbnd_occ=  42
     k-point:    11    nbnd_occ=  42
     k-point:    12    nbnd_occ=  42
     k-point:    13    nbnd_occ=  42
     k-point:    14    nbnd_occ=  42
     k-point:    15    nbnd_occ=  42
     k-point:    16    nbnd_occ=  42


     q-space interpolation up to   110.00 Rydberg

     GIPAW job: efg                                                                             


     ELECTRIC FIELD GRADIENTS TENSORS IN Hartree/bohrradius^2:

     ----- bare term -----
     Cl   1        0.095480        0.020281        0.028064
     Cl   1        0.020281        0.034067        0.184346
     Cl   1        0.028064        0.184346       -0.129546

     C    2       -0.450548        0.304801       -0.427030
     C    2        0.304801        0.210163       -0.346064
     C    2       -0.427030       -0.346064        0.240385

     C    3        0.114169        0.606000       -0.037593
     C    3        0.606000       -0.381254       -0.541676
     C    3       -0.037593       -0.541676        0.267085

     H    4       -0.224170       -0.199405       -0.494604
     H    4       -0.199405        0.308010       -0.000565
     H    4       -0.494604       -0.000565       -0.083840

     C    5       -0.674899        0.262774       -0.372133
     C    5        0.262774        0.201160       -0.133262
     C    5       -0.372133       -0.133262        0.473739

     H    6        0.290188        0.028095       -0.118465
     H    6        0.028095       -0.491354       -0.515522
     H    6       -0.118465       -0.515522        0.201166

     H    7        0.450169        0.221727        0.008982
     H    7        0.221727       -0.808864        0.054084
     H    7        0.008982        0.054084        0.358695

     C    8       -0.094039       -0.177052       -0.159879
     C    8       -0.177052       -0.063069        0.413956
     C    8       -0.159879        0.413956        0.157108

     H    9       -0.280107        0.381766        0.173795
     H    9        0.381766        0.069356       -0.156469
     H    9        0.173795       -0.156469        0.210752

     C   10       -0.095391       -0.097449        0.141984
     C   10       -0.097449       -0.079983       -0.033245
     C   10        0.141984       -0.033245        0.175374

     C   11       -0.140564        0.124657       -0.223758
     C   11        0.124657       -0.008754        0.510131
     C   11       -0.223758        0.510131        0.149318

     Cl  12        0.242019       -0.156325        0.015156
     Cl  12       -0.156325        0.264192       -0.292119
     Cl  12        0.015156       -0.292119       -0.506211

     H   13        0.192781        0.250499        0.237831
     H   13        0.250499       -0.249517       -0.554821
     H   13        0.237831       -0.554821        0.056736

     C   14       -0.156965       -0.010510       -0.341765
     C   14       -0.010510       -0.224876       -0.315133
     C   14       -0.341765       -0.315133        0.381840

     H   15        0.115238       -0.105152       -0.324339
     H   15       -0.105152        0.456464       -0.283641
     H   15       -0.324339       -0.283641       -0.571701

     C   16       -0.598747        0.346177       -0.384079
     C   16        0.346177        0.155177        0.003371
     C   16       -0.384079        0.003371        0.443571

     C   17        0.013591        0.044126       -0.189199
     C   17        0.044126       -0.464579       -0.333337
     C   17       -0.189199       -0.333337        0.450988

     Cl  18       -0.155339        0.169782        0.008839
     Cl  18        0.169782       -0.037434        0.060906
     Cl  18        0.008839        0.060906        0.192773

     H   19        0.145662        0.153625       -0.001774
     H   19        0.153625       -0.438525        0.504600
     H   19       -0.001774        0.504600        0.292863

     C   20       -0.564248       -0.310260       -0.411908
     C   20       -0.310260        0.105992        0.054750
     C   20       -0.411908        0.054750        0.458255

     H   21       -0.470371        0.327054        0.236055
     H   21        0.327054        0.313312       -0.020096
     H   21        0.236055       -0.020096        0.157059

     C   22        0.073688        0.040367       -0.104133
     C   22        0.040367       -0.435676        0.331199
     C   22       -0.104133        0.331199        0.361988

     C   23       -0.795999       -0.339509       -0.333155
     C   23       -0.339509        0.221651        0.010416
     C   23       -0.333155        0.010416        0.574348

     Cl  24        0.061258       -0.026208        0.122726
     Cl  24       -0.026208        0.118317        0.062408
     Cl  24        0.122726        0.062408       -0.179575

     ----- ionic term -----
     Cl   1        0.137620       -0.206306        0.093499
     Cl   1       -0.206306        0.004767       -0.053177
     Cl   1        0.093499       -0.053177       -0.142387

     C    2        0.071058       -0.240313        0.403403
     C    2       -0.240313        0.136735        0.299486
     C    2        0.403403        0.299486       -0.207793

     C    3        0.096208       -0.316506        0.254169
     C    3       -0.316506        0.231733        0.323366
     C    3        0.254169        0.323366       -0.327941

     H    4        0.472488        0.239123        0.744927
     H    4        0.239123       -0.396005        0.245689
     H    4        0.744927        0.245689       -0.076483

     C    5        0.203635       -0.194100        0.355113
     C    5       -0.194100        0.088029        0.286902
     C    5        0.355113        0.286902       -0.291664

     H    6       -0.516619        0.056975        0.030024
     H    6        0.056975        0.693348        0.686265
     H    6        0.030024        0.686265       -0.176728

     H    7       -0.533383       -0.059378        0.006288
     H    7       -0.059378        0.704692       -0.705630
     H    7        0.006288       -0.705630       -0.171309

     C    8        0.359386        0.130972       -0.033265
     C    8        0.130972        0.085373       -0.325074
     C    8       -0.033265       -0.325074       -0.444758

     H    9        0.887739       -0.400561        0.315457
     H    9       -0.400561       -0.395962       -0.149865
     H    9        0.315457       -0.149865       -0.491777

     C   10        0.242623        0.140094       -0.024101
     C   10        0.140094        0.195933       -0.376843
     C   10       -0.024101       -0.376843       -0.438556

     C   11        0.259568        0.030223        0.019424
     C   11        0.030223        0.182021       -0.361017
     C   11        0.019424       -0.361017       -0.441588

     Cl  12        0.093359        0.165540       -0.053774
     Cl  12        0.165540        0.025016       -0.045024
     Cl  12       -0.053774       -0.045024       -0.118375

     H   13       -0.520436       -0.159359       -0.071946
     H   13       -0.159359        0.634392        0.699383
     H   13       -0.071946        0.699383       -0.113956

     C   14        0.200243       -0.321921        0.334441
     C   14       -0.321921        0.038055        0.257180
     C   14        0.334441        0.257180       -0.238298

     H   15        0.428392        0.166817        0.772209
     H   15        0.166817       -0.493200        0.208256
     H   15        0.772209        0.208256        0.064809

     C   16        0.146633       -0.350830        0.256446
     C   16       -0.350830        0.117944        0.313711
     C   16        0.256446        0.313711       -0.264576

     C   17        0.179320       -0.201368        0.329701
     C   17       -0.201368        0.060443        0.388686
     C   17        0.329701        0.388686       -0.239764

     Cl  18        0.161468       -0.209645        0.034430
     Cl  18       -0.209645       -0.006368       -0.012048
     Cl  18        0.034430       -0.012048       -0.155100

     H   19       -0.499465       -0.130379        0.047015
     H   19       -0.130379        0.721479       -0.668017
     H   19        0.047015       -0.668017       -0.222013

     C   20        0.407026        0.094660       -0.024536
     C   20        0.094660        0.055148       -0.317619
     C   20       -0.024536       -0.317619       -0.462174

     H   21        0.745906       -0.516096        0.370712
     H   21       -0.516096       -0.298763       -0.217772
     H   21        0.370712       -0.217772       -0.447143

     C   22        0.251963        0.115401       -0.023045
     C   22        0.115401        0.180073       -0.362002
     C   22       -0.023045       -0.362002       -0.432036

     C   23        0.355439        0.069920        0.017223
     C   23        0.069920        0.111371       -0.311077
     C   23        0.017223       -0.311077       -0.466810

     Cl  24        0.152694        0.208876       -0.050802
     Cl  24        0.208876       -0.017870       -0.029072
     Cl  24       -0.050802       -0.029072       -0.134823

     ----- GIPAW term -----
     Cl   1       -0.418610       -0.705284       -0.646064
     Cl   1       -0.705284       -0.367880       -1.357230
     Cl   1       -0.646064       -1.357230        0.786489

     C    2       -0.088425        0.029220       -0.081844
     C    2        0.029220        0.219887       -0.085872
     C    2       -0.081844       -0.085872       -0.131462

     C    3        0.086099        0.243227        0.023965
     C    3        0.243227       -0.011362       -0.052809
     C    3        0.023965       -0.052809       -0.074737

     H    4       -0.000000        0.000000        0.000000
     H    4        0.000000        0.000000        0.000000
     H    4        0.000000        0.000000        0.000000

     C    5       -0.112677        0.117446        0.060448
     C    5        0.117446        0.025637        0.104410
     C    5        0.060448        0.104410        0.087040

     H    6       -0.000000        0.000000        0.000000
     H    6        0.000000        0.000000        0.000000
     H    6        0.000000        0.000000        0.000000

     H    7       -0.000000        0.000000        0.000000
     H    7        0.000000        0.000000        0.000000
     H    7        0.000000        0.000000        0.000000

     C    8       -0.058837       -0.113892       -0.039958
     C    8       -0.113892        0.141820        0.165804
     C    8       -0.039958        0.165804       -0.082983

     H    9       -0.000000        0.000000        0.000000
     H    9        0.000000        0.000000        0.000000
     H    9        0.000000        0.000000        0.000000

     C   10       -0.014890        0.004153        0.016948
     C   10        0.004153        0.012240        0.002230
     C   10        0.016948        0.002230        0.002650

     C   11       -0.066692        0.056207       -0.037007
     C   11        0.056207        0.019513        0.173283
     C   11       -0.037007        0.173283        0.047179

     Cl  12       -0.072951        0.321342       -0.264972
     Cl  12        0.321342       -0.360133        0.114681
     Cl  12       -0.264972        0.114681        0.433083

     H   13       -0.000000        0.000000        0.000000
     H   13        0.000000        0.000000        0.000000
     H   13        0.000000        0.000000        0.000000

     C   14       -0.081835       -0.076640       -0.110507
     C   14       -0.076640       -0.041419        0.097367
     C   14       -0.110507        0.097367        0.123254

     H   15       -0.000000        0.000000        0.000000
     H   15        0.000000        0.000000        0.000000
     H   15        0.000000        0.000000        0.000000

     C   16       -0.175559       -0.019832       -0.129591
     C   16       -0.019832        0.019097        0.156372
     C   16       -0.129591        0.156372        0.156462

     C   17       -0.073290       -0.074193        0.007887
     C   17       -0.074193       -0.083958        0.163774
     C   17        0.007887        0.163774        0.157248

     Cl  18       -0.912202       -0.838329        0.453100
     Cl  18       -0.838329       -0.661324        1.789474
     Cl  18        0.453100        1.789474        1.573526

     H   19       -0.000000        0.000000        0.000000
     H   19        0.000000        0.000000        0.000000
     H   19        0.000000        0.000000        0.000000

     C   20       -0.045308        0.111197       -0.142367
     C   20        0.111197        0.058735       -0.120628
     C   20       -0.142367       -0.120628       -0.013427

     H   21       -0.000000        0.000000        0.000000
     H   21        0.000000        0.000000        0.000000
     H   21        0.000000        0.000000        0.000000

     C   22       -0.036586        0.044991       -0.088448
     C   22        0.044991       -0.103350       -0.044886
     C   22       -0.088448       -0.044886        0.139936

     C   23       -0.179354        0.044987       -0.065099
     C   23        0.044987        0.060503       -0.193427
     C   23       -0.065099       -0.193427        0.118851

     Cl  24       -0.391908        1.258593       -0.645551
     Cl  24        1.258593       -1.125102       -0.244670
     Cl  24       -0.645551       -0.244670        1.517009

     ----- total EFG -----
     Cl   1       -0.185510       -0.891309       -0.524501
     Cl   1       -0.891309       -0.329046       -1.226060
     Cl   1       -0.524501       -1.226060        0.514555

     C    2       -0.467915        0.093708       -0.105471
     C    2        0.093708        0.566785       -0.132450
     C    2       -0.105471       -0.132450       -0.098870

     C    3        0.296476        0.532721        0.240540
     C    3        0.532721       -0.160883       -0.271119
     C    3        0.240540       -0.271119       -0.135593

     H    4        0.248318        0.039718        0.250323
     H    4        0.039718       -0.087995        0.245124
     H    4        0.250323        0.245124       -0.160323

     C    5       -0.583941        0.186120        0.043427
     C    5        0.186120        0.314827        0.258049
     C    5        0.043427        0.258049        0.269115

     H    6       -0.226432        0.085070       -0.088441
     H    6        0.085070        0.201994        0.170743
     H    6       -0.088441        0.170743        0.024438

     H    7       -0.083214        0.162348        0.015270
     H    7        0.162348       -0.104172       -0.651546
     H    7        0.015270       -0.651546        0.187386

     C    8        0.206510       -0.159972       -0.233103
     C    8       -0.159972        0.164124        0.254685
     C    8       -0.233103        0.254685       -0.370634

     H    9        0.607631       -0.018795        0.489252
     H    9       -0.018795       -0.326607       -0.306334
     H    9        0.489252       -0.306334       -0.281025

     C   10        0.132343        0.046799        0.134831
     C   10        0.046799        0.128189       -0.407858
     C   10        0.134831       -0.407858       -0.260532

     C   11        0.052311        0.211087       -0.241341
     C   11        0.211087        0.192780        0.322397
     C   11       -0.241341        0.322397       -0.245091

     Cl  12        0.262427        0.330557       -0.303590
     Cl  12        0.330557       -0.070925       -0.222462
     Cl  12       -0.303590       -0.222462       -0.191502

     H   13       -0.327655        0.091140        0.165886
     H   13        0.091140        0.384874        0.144562
     H   13        0.165886        0.144562       -0.057220

     C   14       -0.038556       -0.409071       -0.117831
     C   14       -0.409071       -0.228240        0.039414
     C   14       -0.117831        0.039414        0.266796

     H   15        0.543629        0.061665        0.447870
     H   15        0.061665       -0.036737       -0.075385
     H   15        0.447870       -0.075385       -0.506893

     C   16       -0.627674       -0.024484       -0.257223
     C   16       -0.024484        0.292218        0.473454
     C   16       -0.257223        0.473454        0.335456

     C   17        0.119622       -0.231434        0.148389
     C   17       -0.231434       -0.488094        0.219123
     C   17        0.148389        0.219123        0.368472

     Cl  18       -0.906073       -0.878192        0.496369
     Cl  18       -0.878192       -0.705126        1.838332
     Cl  18        0.496369        1.838332        1.611199

     H   19       -0.353803        0.023246        0.045241
     H   19        0.023246        0.282953       -0.163417
     H   19        0.045241       -0.163417        0.070850

     C   20       -0.202530       -0.104403       -0.578811
     C   20       -0.104403        0.219876       -0.383497
     C   20       -0.578811       -0.383497       -0.017346

     H   21        0.275535       -0.189042        0.606767
     H   21       -0.189042        0.014549       -0.237868
     H   21        0.606767       -0.237868       -0.290084

     C   22        0.289065        0.200758       -0.215626
     C   22        0.200758       -0.358953       -0.075690
     C   22       -0.215626       -0.075690        0.069888

     C   23       -0.619914       -0.224602       -0.381032
     C   23       -0.224602        0.393524       -0.494088
     C   23       -0.381032       -0.494088        0.226389

     Cl  24       -0.177956        1.441261       -0.573626
     Cl  24        1.441261       -1.024655       -0.211334
     Cl  24       -0.573626       -0.211334        1.202611

     ----- total EFG (symmetrized) -----
     Cl   1       -0.185510       -0.891309       -0.524501
     Cl   1       -0.891309       -0.329046       -1.226060
     Cl   1       -0.524501       -1.226060        0.514555

     C    2       -0.467915        0.093708       -0.105471
     C    2        0.093708        0.566785       -0.132450
     C    2       -0.105471       -0.132450       -0.098870

     C    3        0.296476        0.532721        0.240540
     C    3        0.532721       -0.160883       -0.271119
     C    3        0.240540       -0.271119       -0.135593

     H    4        0.248318        0.039718        0.250323
     H    4        0.039718       -0.087995        0.245124
     H    4        0.250323        0.245124       -0.160323

     C    5       -0.583941        0.186120        0.043427
     C    5        0.186120        0.314827        0.258049
     C    5        0.043427        0.258049        0.269115

     H    6       -0.226432        0.085070       -0.088441
     H    6        0.085070        0.201994        0.170743
     H    6       -0.088441        0.170743        0.024438

     H    7       -0.083214        0.162348        0.015270
     H    7        0.162348       -0.104172       -0.651546
     H    7        0.015270       -0.651546        0.187386

     C    8        0.206510       -0.159972       -0.233103
     C    8       -0.159972        0.164124        0.254685
     C    8       -0.233103        0.254685       -0.370634

     H    9        0.607631       -0.018795        0.489252
     H    9       -0.018795       -0.326607       -0.306334
     H    9        0.489252       -0.306334       -0.281025

     C   10        0.132343        0.046799        0.134831
     C   10        0.046799        0.128189       -0.407858
     C   10        0.134831       -0.407858       -0.260532

     C   11        0.052311        0.211087       -0.241341
     C   11        0.211087        0.192780        0.322397
     C   11       -0.241341        0.322397       -0.245091

     Cl  12        0.262427        0.330557       -0.303590
     Cl  12        0.330557       -0.070925       -0.222462
     Cl  12       -0.303590       -0.222462       -0.191502

     H   13       -0.327655        0.091140        0.165886
     H   13        0.091140        0.384874        0.144562
     H   13        0.165886        0.144562       -0.057220

     C   14       -0.038556       -0.409071       -0.117831
     C   14       -0.409071       -0.228240        0.039414
     C   14       -0.117831        0.039414        0.266796

     H   15        0.543629        0.061665        0.447870
     H   15        0.061665       -0.036737       -0.075385
     H   15        0.447870       -0.075385       -0.506893

     C   16       -0.627674       -0.024484       -0.257223
     C   16       -0.024484        0.292218        0.473454
     C   16       -0.257223        0.473454        0.335456

     C   17        0.119622       -0.231434        0.148389
     C   17       -0.231434       -0.488094        0.219123
     C   17        0.148389        0.219123        0.368472

     Cl  18       -0.906073       -0.878192        0.496369
     Cl  18       -0.878192       -0.705126        1.838332
     Cl  18        0.496369        1.838332        1.611199

     H   19       -0.353803        0.023246        0.045241
     H   19        0.023246        0.282953       -0.163417
     H   19        0.045241       -0.163417        0.070850

     C   20       -0.202530       -0.104403       -0.578811
     C   20       -0.104403        0.219876       -0.383497
     C   20       -0.578811       -0.383497       -0.017346

     H   21        0.275535       -0.189042        0.606767
     H   21       -0.189042        0.014549       -0.237868
     H   21        0.606767       -0.237868       -0.290084

     C   22        0.289065        0.200758       -0.215626
     C   22        0.200758       -0.358953       -0.075690
     C   22       -0.215626       -0.075690        0.069888

     C   23       -0.619914       -0.224602       -0.381032
     C   23       -0.224602        0.393524       -0.494088
     C   23       -0.381032       -0.494088        0.226389

     Cl  24       -0.177956        1.441261       -0.573626
     Cl  24        1.441261       -1.024655       -0.211334
     Cl  24       -0.573626       -0.211334        1.202611


     NQR/NMR SPECTROSCOPIC PARAMETERS:
     Cl   1    Vxx=    0.4482    axis=(  0.845707 -0.381965 -0.372669)
     Cl   1    Vyy=    1.3964    axis=(  0.077027 -0.603657  0.793514)
     Cl   1    Vzz=   -1.8445    axis=( -0.528059 -0.699786 -0.481096)
     Cl   1  Q=        -8.1650 1e-30 m^2  Cq=        35.3864 MHz  eta= 0.51405

     C    2    Vxx=   -0.1049    axis=( -0.219910  0.218181  0.950808)
     C    2    Vyy=   -0.4991    axis=(  0.969875 -0.055802  0.237125)
     C    2    Vzz=    0.6040    axis=(  0.104793  0.974312 -0.199337)
     C    2  Q=         1.0000 1e-30 m^2  Cq=         1.4191 MHz  eta= 0.65273

     C    3    Vxx=    0.0779    axis=(  0.220554 -0.475119  0.851832)
     C    3    Vyy=    0.6515    axis=( -0.845267 -0.528892 -0.076141)
     C    3    Vzz=   -0.7294    axis=(  0.486703 -0.703232 -0.518252)
     C    3  Q=         1.0000 1e-30 m^2  Cq=        -1.7138 MHz  eta= 0.78637

     H    4    Vxx=    0.0045    axis=(  0.510835 -0.773691 -0.374767)
     H    4    Vyy=    0.4123    axis=( -0.818295 -0.303982 -0.487840)
     H    4    Vzz=   -0.4168    axis=(  0.263515  0.555876 -0.788392)
     H    4  Q=         1.0000 1e-30 m^2  Cq=        -0.9794 MHz  eta= 0.97833

     C    5    Vxx=    0.0457    axis=( -0.135376 -0.635373  0.760246)
     C    5    Vyy=    0.5753    axis=(  0.144186  0.746507  0.649567)
     C    5    Vzz=   -0.6210    axis=( -0.980247  0.197553 -0.009447)
     C    5  Q=         1.0000 1e-30 m^2  Cq=        -1.4592 MHz  eta= 0.85277

     H    6    Vxx=   -0.0128    axis=( -0.484658 -0.418574  0.768051)
     H    6    Vyy=   -0.2943    axis=( -0.873039  0.285626 -0.395247)
     H    6    Vzz=    0.3071    axis=( -0.053935 -0.862099 -0.503862)
     H    6  Q=         1.0000 1e-30 m^2  Cq=         0.7216 MHz  eta= 0.91660

     H    7    Vxx=   -0.0608    axis=(  0.965997  0.111495  0.233278)
     H    7    Vyy=   -0.6586    axis=( -0.232640  0.768511  0.596045)
     H    7    Vzz=    0.7194    axis=( -0.112820 -0.630047  0.768318)
     H    7  Q=         1.0000 1e-30 m^2  Cq=         1.6904 MHz  eta= 0.83101

     C    8    Vxx=    0.0258    axis=(  0.697158  0.715204  0.049545)
     C    8    Vyy=    0.4848    axis=( -0.677112  0.634167  0.373298)
     C    8    Vzz=   -0.5107    axis=(  0.235565 -0.293795  0.926387)
     C    8  Q=         1.0000 1e-30 m^2  Cq=        -1.1999 MHz  eta= 0.89884

     H    9    Vxx=   -0.1398    axis=(  0.349424  0.790227 -0.503432)
     H    9    Vyy=   -0.7024    axis=( -0.272394  0.599769  0.752382)
     H    9    Vzz=    0.8421    axis=(  0.896495 -0.125769  0.424827)
     H    9  Q=         1.0000 1e-30 m^2  Cq=         1.9786 MHz  eta= 0.66807

     C   10    Vxx=    0.1564    axis=(  0.970164  0.222673  0.095910)
     C   10    Vyy=    0.3901    axis=( -0.135704  0.826538 -0.546277)
     C   10    Vzz=   -0.5465    axis=( -0.200914  0.516963  0.832095)
     C   10  Q=         1.0000 1e-30 m^2  Cq=        -1.2840 MHz  eta= 0.42756

     C   11    Vxx=    0.1844    axis=( -0.833658  0.099563  0.543233)
     C   11    Vyy=    0.3887    axis=( -0.320790 -0.887971 -0.329547)
     C   11    Vzz=   -0.5731    axis=(  0.449564 -0.448993  0.772203)
     C   11  Q=         1.0000 1e-30 m^2  Cq=        -1.3464 MHz  eta= 0.35655

     Cl  12    Vxx=   -0.2666    axis=( -0.611783  0.751013 -0.248396)
     Cl  12    Vyy=   -0.3696    axis=(  0.188834  0.443596  0.876107)
     Cl  12    Vzz=    0.6362    axis=( -0.768155 -0.489082  0.413202)
     Cl  12  Q=        -8.1650 1e-30 m^2  Cq=       -12.2051 MHz  eta= 0.16183

     H   13    Vxx=   -0.0452    axis=(  0.380593 -0.366099  0.849188)
     H   13    Vyy=   -0.4070    axis=( -0.907623  0.027997  0.418852)
     H   13    Vzz=    0.4522    axis=(  0.177116  0.930155  0.321624)
     H   13  Q=         1.0000 1e-30 m^2  Cq=         1.0625 MHz  eta= 0.80012

     C   14    Vxx=    0.1608    axis=(  0.505297 -0.457121  0.731926)
     C   14    Vyy=    0.3947    axis=(  0.592932 -0.432333 -0.679352)
     C   14    Vzz=   -0.5556    axis=( -0.626982 -0.777257 -0.052585)
     C   14  Q=         1.0000 1e-30 m^2  Cq=        -1.3053 MHz  eta= 0.42100

     H   15    Vxx=   -0.0250    axis=(  0.008435  0.989116 -0.146897)
     H   15    Vyy=   -0.6850    axis=(  0.345302 -0.140747 -0.927878)
     H   15    Vzz=    0.7100    axis=( -0.938454 -0.042897 -0.342731)
     H   15  Q=         1.0000 1e-30 m^2  Cq=         1.6682 MHz  eta= 0.92954

     C   16    Vxx=   -0.1143    axis=( -0.274630 -0.736486  0.618196)
     C   16    Vyy=   -0.7025    axis=( -0.951070  0.113393 -0.287417)
     C   16    Vzz=    0.8168    axis=(  0.141580 -0.666881 -0.731591)
     C   16  Q=         1.0000 1e-30 m^2  Cq=         1.9192 MHz  eta= 0.72008

     C   17    Vxx=    0.1797    axis=(  0.887750 -0.388624 -0.246722)
     C   17    Vyy=    0.4519    axis=(  0.321280  0.139245  0.936691)
     C   17    Vzz=   -0.6316    axis=( -0.329665 -0.910814  0.248472)
     C   17  Q=         1.0000 1e-30 m^2  Cq=        -1.4841 MHz  eta= 0.43102

     Cl  18    Vxx=   -0.2253    axis=(  0.828855 -0.491248  0.267721)
     Cl  18    Vyy=   -2.4006    axis=(  0.559454  0.725127 -0.401500)
     Cl  18    Vzz=    2.6258    axis=(  0.003104  0.482563  0.875856)
     Cl  18  Q=        -8.1650 1e-30 m^2  Cq=       -50.3748 MHz  eta= 0.82843

     H   19    Vxx=   -0.0104    axis=(  0.146472  0.472541  0.869052)
     H   19    Vyy=   -0.3613    axis=( -0.989214  0.068527  0.129463)
     H   19    Vzz=    0.3717    axis=(  0.001623 -0.878641  0.477481)
     H   19  Q=         1.0000 1e-30 m^2  Cq=         0.8734 MHz  eta= 0.94414

     C   20    Vxx=    0.1761    axis=( -0.591359  0.767167  0.248495)
     C   20    Vyy=    0.6293    axis=( -0.425397 -0.558560  0.712073)
     C   20    Vzz=   -0.8054    axis=( -0.685078 -0.315382 -0.656660)
     C   20  Q=         1.0000 1e-30 m^2  Cq=        -1.8924 MHz  eta= 0.56261

     H   21    Vxx=   -0.0802    axis=(  0.382972  0.921634  0.062632)
     H   21    Vyy=   -0.6919    axis=( -0.503775  0.151543  0.850439)
     H   21    Vzz=    0.7721    axis=(  0.774302 -0.357246  0.522333)
     H   21  Q=         1.0000 1e-30 m^2  Cq=         1.8141 MHz  eta= 0.79233

     C   22    Vxx=   -0.0582    axis=(  0.481373  0.102253  0.870531)
     C   22    Vyy=   -0.4166    axis=( -0.264198  0.963908  0.032871)
     C   22    Vzz=    0.4748    axis=( -0.835751 -0.245816  0.491014)
     C   22  Q=         1.0000 1e-30 m^2  Cq=         1.1156 MHz  eta= 0.75469

     C   23    Vxx=    0.0782    axis=( -0.524862  0.589023  0.614469)
     C   23    Vyy=    0.8155    axis=(  0.059550  0.745537 -0.663798)
     C   23    Vzz=   -0.8937    axis=( -0.849102 -0.311811 -0.426381)
     C   23  Q=         1.0000 1e-30 m^2  Cq=        -2.0999 MHz  eta= 0.82494

     Cl  24    Vxx=    0.4512    axis=(  0.609627  0.508232  0.608322)
     Cl  24    Vyy=    1.6618    axis=( -0.510063 -0.335937  0.791822)
     Cl  24    Vzz=   -2.1130    axis=( -0.606787  0.792999 -0.054434)
     Cl  24  Q=        -8.1650 1e-30 m^2  Cq=        40.5363 MHz  eta= 0.57293

     Initialization:
     gipaw_setup  :      8.99s CPU     10.89s WALL (       1 calls)

     Linear response

     Apply operators

     Induced current

     Other routines
     efg          :      9.15s CPU     11.55s WALL (       1 calls)

     General routines
     calbec       :      3.15s CPU      4.07s WALL (      16 calls)
     fft          :      1.39s CPU      1.74s WALL (      15 calls)
     ffts         :      0.03s CPU      0.04s WALL (       2 calls)
     fftw         :      3.25s CPU      3.97s WALL (     672 calls)
     davcio       :      0.02s CPU      0.34s WALL (      32 calls)

     Parallel routines
     fft_scatter  :      1.96s CPU      2.75s WALL (     689 calls)

     Plugins

     GIPAW        :     60.74s CPU     74.02s WALL (       1 calls)
