
     Program QE v.6.0 (svn rev. 13079) starts on  2Jan2017 at  0:20:15 

     This program is part of the open-source Quantum ESPRESSO suite
     for quantum simulation of materials; please cite
         "P. Giannozzi et al., J. Phys.:Condens. Matter 21 395502 (2009);
          URL http://www.quantum-espresso.org", 
     in publications or presentations arising from this work. More details at
     http://www.quantum-espresso.org/quote

     Parallel version (MPI), running on     8 processors
     R & G space division:  proc/nbgrp/npool/nimage =       8

     ***** This is GIPAW svn revision unknown      *****

     Parallelizing q-star over 1 images

     Reading data from directory:
     /users/majewski/paradichlorobenzene/pbe/9_constraint/scratch/pbe.ecut100.np8.dt60.pcl2phi-129368.save
     Message from routine read_xml_file:
     file /users/majewski/paradichlorobenzene/pbe/9_constraint/scratch/pbe.ecut100.np8.dt60.pcl2phi-129368.save not guaranteed to be safe for post-processing

   Info: using nr1, nr2, nr3 values from input

   Info: using nr1, nr2, nr3 values from input

     IMPORTANT: XC functional enforced from input :
     Exchange-correlation      =  SLA  PW   PBX  PBC ( 1  4  3  4 0 0)
     Any further DFT definition will be discarded
     Please, verify this is what you really want

               file C.pbe-n-kjpaw_psl.1.0.0.UPF: wavefunction(s)  2S 2P renormalized
               file Cl.pbe-n-kjpaw_psl.1.0.0.UPF: wavefunction(s)  3S 3P renormalized
               file H.pbe-kjpaw_psl.1.0.0.UPF: wavefunction(s)  1S renormalized

     Parallelization info
     --------------------
     sticks:   dense  smooth     PW     G-vecs:    dense   smooth      PW
     Min        3057    1223    332               144436    36536    5170
     Max        3059    1225    333               144437    36537    5171
     Sum       24467    9791   2657              1155489   292295   41363


     Subspace diagonalization in iterative solution of the eigenvalue problem:
     a serial algorithm will be used

     GIPAW projectors -----------------------------------------------
     atom=  C    l=0  rc=    1.2000  rs=    0.8000
     atom=  C    l=0  rc=    1.2000  rs=    0.8000
     atom=  C    l=1  rc=    1.4000  rs=    0.9333
     atom=  C    l=1  rc=    1.4000  rs=    0.9333
     projs nearly linearly dependent: l=1  n1,n2= 1, 2  s=  0.99951561

     atom=  Cl   l=0  rc=    1.6000  rs=    1.0667
     atom=  Cl   l=0  rc=    1.6000  rs=    1.0667
     atom=  Cl   l=1  rc=    1.6000  rs=    1.0667
     atom=  Cl   l=1  rc=    1.6000  rs=    1.0667
     atom=  Cl   l=2  rc=    1.6000  rs=    1.0667
     atom=  Cl   l=2  rc=    1.6000  rs=    1.0667
     projs nearly linearly dependent: l=2  n1,n2= 1, 2  s=  0.99993509

     atom=  H    l=0  rc=    1.0000  rs=    0.6667
     atom=  H    l=0  rc=    1.0000  rs=    0.6667
     projs nearly linearly dependent: l=0  n1,n2= 1, 2  s=  0.99968852
     -----------------------------------------------------------------

     GIPAW integrals: -------------------------------------------
     Atom  i/j   nmr_para   nmr_dia   epr_rmc  epr_para   epr_dia
       C   1 1   0.83E+03  0.17E-01  0.93E+01  0.24E+08  0.24E+03
       C   2 1   0.86E+03 -0.61E-01  0.94E+01  0.25E+08  0.25E+03
       C   2 2   0.90E+03 -0.15E+00  0.97E+01  0.26E+08  0.26E+03
       C   3 3   0.33E+01  0.34E+00  0.18E+01  0.55E+03  0.21E+02
       C   4 3   0.35E+01  0.37E+00  0.20E+01  0.59E+03  0.22E+02
       C   4 4   0.38E+01  0.39E+00  0.22E+01  0.63E+03  0.24E+02
       Cl  1 1   0.14E+04 -0.47E+00  0.84E+01  0.32E+09  0.42E+03
       Cl  2 1   0.21E+04 -0.37E+00  0.12E+02  0.49E+09  0.65E+03
       Cl  2 2   0.33E+04 -0.16E+00  0.21E+02  0.76E+09  0.10E+04
       Cl  3 3   0.21E+02  0.79E-01  0.89E+01  0.23E+05  0.13E+03
       Cl  4 3   0.24E+02  0.67E-01  0.99E+01  0.27E+05  0.15E+03
       Cl  4 4   0.28E+02  0.44E-01  0.11E+02  0.32E+05  0.18E+03
       Cl  5 5   0.77E+00  0.19E+00  0.18E+01  0.12E+03  0.22E+02
       Cl  6 5   0.80E+00  0.19E+00  0.19E+01  0.12E+03  0.23E+02
       Cl  6 6   0.83E+00  0.20E+00  0.19E+01  0.12E+03  0.23E+02
       H   1 1   0.39E+02  0.19E+00  0.29E+00  0.78E+05  0.13E+02
       H   2 1   0.41E+02  0.21E+00  0.32E+00  0.82E+05  0.14E+02
       H   2 2   0.43E+02  0.22E+00  0.36E+00  0.86E+05  0.15E+02
     ------------------------------------------------------------

     alpha_pv=     34.5700 eV

     Number of occupied bands for each k-point:
     k-point:     1    nbnd_occ=  42
     k-point:     2    nbnd_occ=  42
     k-point:     3    nbnd_occ=  42
     k-point:     4    nbnd_occ=  42
     k-point:     5    nbnd_occ=  42
     k-point:     6    nbnd_occ=  42
     k-point:     7    nbnd_occ=  42
     k-point:     8    nbnd_occ=  42
     k-point:     9    nbnd_occ=  42
     k-point:    10    nbnd_occ=  42
     k-point:    11    nbnd_occ=  42
     k-point:    12    nbnd_occ=  42
     k-point:    13    nbnd_occ=  42
     k-point:    14    nbnd_occ=  42
     k-point:    15    nbnd_occ=  42
     k-point:    16    nbnd_occ=  42


     q-space interpolation up to   110.00 Rydberg

     GIPAW job: efg                                                                             


     ELECTRIC FIELD GRADIENTS TENSORS IN Hartree/bohrradius^2:

     ----- bare term -----
     Cl   1        0.077982       -0.041134        0.032769
     Cl   1       -0.041134       -0.023332        0.019508
     Cl   1        0.032769        0.019508       -0.054650

     C    2        0.027663        0.359608       -0.075967
     C    2        0.359608       -0.336973       -0.471031
     C    2       -0.075967       -0.471031        0.309310

     C    3       -0.370471        0.275618       -0.282164
     C    3        0.275618        0.035737       -0.254494
     C    3       -0.282164       -0.254494        0.334734

     H    4       -0.364325       -0.371710       -0.538736
     H    4       -0.371710        0.270330       -0.288089
     H    4       -0.538736       -0.288089        0.093995

     C    5       -0.186457        0.392452        0.017510
     C    5        0.392452       -0.351399       -0.429769
     C    5        0.017510       -0.429769        0.537856

     H    6        0.427743       -0.065165       -0.073935
     H    6       -0.065165       -0.237082       -0.559123
     H    6       -0.073935       -0.559123       -0.190662

     H    7        0.327928        0.167789       -0.332715
     H    7        0.167789       -0.056331        0.522452
     H    7       -0.332715        0.522452       -0.271597

     C    8       -0.009803       -0.516004        0.109998
     C    8       -0.516004       -0.487275        0.352770
     C    8        0.109998        0.352770        0.497078

     H    9       -0.212230        0.266273       -0.608972
     H    9        0.266273        0.361329        0.299117
     H    9       -0.608972        0.299117       -0.149099

     C   10       -0.377001       -0.144873       -0.208162
     C   10       -0.144873       -0.062223        0.305656
     C   10       -0.208162        0.305656        0.439224

     C   11       -0.081000       -0.213236       -0.133947
     C   11       -0.213236       -0.441955        0.446755
     C   11       -0.133947        0.446755        0.522955

     Cl  12       -0.006066        0.060135       -0.007606
     Cl  12        0.060135       -0.016011        0.031075
     Cl  12       -0.007606        0.031075        0.022077

     H   13        0.364349       -0.064513        0.227246
     H   13       -0.064513       -0.142425       -0.399158
     H   13        0.227246       -0.399158       -0.221924

     C   14       -0.416919        0.333720       -0.505123
     C   14        0.333720        0.241080       -0.285810
     C   14       -0.505123       -0.285810        0.175839

     H   15       -0.458544       -0.147154       -0.509369
     H   15       -0.147154        0.271716       -0.220511
     H   15       -0.509369       -0.220511        0.186828

     C   16       -0.006005        0.478600       -0.018838
     C   16        0.478600       -0.454976       -0.503713
     C   16       -0.018838       -0.503713        0.460982

     C   17       -0.482324       -0.041325       -0.259983
     C   17       -0.041325       -0.051704       -0.421526
     C   17       -0.259983       -0.421526        0.534028

     Cl  18        0.160227        0.122944        0.084361
     Cl  18        0.122944        0.116831        0.327300
     Cl  18        0.084361        0.327300       -0.277058

     H   19        0.308738        0.332671        0.189985
     H   19        0.332671       -0.522966        0.093822
     H   19        0.189985        0.093822        0.214228

     C   20       -0.731988       -0.210280       -0.406839
     C   20       -0.210280        0.036290        0.093728
     C   20       -0.406839        0.093728        0.695698

     H   21       -0.496359        0.272855       -0.113292
     H   21        0.272855        0.426192        0.177028
     H   21       -0.113292        0.177028        0.070167

     C   22        0.095930       -0.344139        0.020937
     C   22       -0.344139       -0.626689        0.383066
     C   22        0.020937        0.383066        0.530759

     C   23       -0.563999       -0.110638       -0.255236
     C   23       -0.110638        0.132325        0.142103
     C   23       -0.255236        0.142103        0.431674

     Cl  24       -0.142624       -0.084048        0.091375
     Cl  24       -0.084048       -0.116642       -0.046500
     Cl  24        0.091375       -0.046500        0.259266

     ----- ionic term -----
     Cl   1        0.106659       -0.211511        0.007985
     Cl   1       -0.211511        0.025075       -0.002754
     Cl   1        0.007985       -0.002754       -0.131734

     C    2        0.157377       -0.201139        0.293347
     C    2       -0.201139        0.071924        0.378581
     C    2        0.293347        0.378581       -0.229301

     C    3        0.239771       -0.214028        0.152008
     C    3       -0.214028        0.079011        0.397799
     C    3        0.152008        0.397799       -0.318781

     H    4        0.561430        0.339734        0.676249
     H    4        0.339734       -0.435829        0.268932
     H    4        0.676249        0.268932       -0.125601

     C    5        0.409351       -0.195556        0.147944
     C    5       -0.195556       -0.022802        0.317213
     C    5        0.147944        0.317213       -0.386549

     H    6       -0.491675       -0.005771       -0.009141
     H    6       -0.005771        0.673132        0.714905
     H    6       -0.009141        0.714905       -0.181457

     H    7       -0.520918       -0.092339        0.078971
     H    7       -0.092339        0.511059       -0.770159
     H    7        0.078971       -0.770159        0.009860

     C    8        0.297421        0.176665        0.278831
     C    8        0.176665        0.031339       -0.316148
     C    8        0.278831       -0.316148       -0.328760

     H    9        0.506159       -0.339942        0.695250
     H    9       -0.339942       -0.415329       -0.285779
     H    9        0.695250       -0.285779       -0.090829

     C   10        0.127720        0.200360        0.199650
     C   10        0.200360        0.200695       -0.385238
     C   10        0.199650       -0.385238       -0.328415

     C   11        0.231706        0.153337        0.219006
     C   11        0.153337        0.137076       -0.370170
     C   11        0.219006       -0.370170       -0.368782

     Cl  12        0.104593        0.208160       -0.016571
     Cl  12        0.208160        0.030938       -0.011750
     Cl  12       -0.016571       -0.011750       -0.135531

     H   13       -0.524704        0.052863        0.067539
     H   13        0.052863        0.500762        0.776633
     H   13        0.067539        0.776633        0.023943

     C   14        0.286412       -0.205819        0.241453
     C   14       -0.205819       -0.101491        0.332060
     C   14        0.241453        0.332060       -0.184920

     H   15        0.642606        0.246693        0.656667
     H   15        0.246693       -0.507806        0.215163
     H   15        0.656667        0.215163       -0.134800

     C   16        0.212758       -0.258484        0.094790
     C   16       -0.258484       -0.042871        0.429429
     C   16        0.094790        0.429429       -0.169887

     C   17        0.328698       -0.187246        0.080131
     C   17       -0.187246       -0.101165        0.457571
     C   17        0.080131        0.457571       -0.227533

     Cl  18        0.199111       -0.208667       -0.049901
     Cl  18       -0.208667       -0.068051        0.030169
     Cl  18       -0.049901        0.030169       -0.131059

     H   19       -0.461758       -0.273947        0.128991
     H   19       -0.273947        0.765382       -0.586709
     H   19        0.128991       -0.586709       -0.303624

     C   20        0.280386        0.157433        0.236697
     C   20        0.157433        0.154248       -0.271445
     C   20        0.236697       -0.271445       -0.434635

     H   21        0.677966       -0.427014        0.575143
     H   21       -0.427014       -0.315741       -0.274038
     H   21        0.575143       -0.274038       -0.362225

     C   22        0.073035        0.185190        0.175713
     C   22        0.185190        0.351104       -0.439796
     C   22        0.175713       -0.439796       -0.424139

     C   23        0.228855        0.126422        0.287690
     C   23        0.126422        0.156530       -0.421884
     C   23        0.287690       -0.421884       -0.385386

     Cl  24        0.169737        0.222897        0.005380
     Cl  24        0.222897       -0.012272       -0.005461
     Cl  24        0.005380       -0.005461       -0.157465

     ----- GIPAW term -----
     Cl   1        1.965022       -2.334782        0.318082
     Cl   1       -2.334782       -0.169887        0.107698
     Cl   1        0.318082        0.107698       -1.795135

     C    2        0.136675        0.040728        0.081062
     C    2        0.040728       -0.073751       -0.005970
     C    2        0.081062       -0.005970       -0.062924

     C    3       -0.026918        0.142190        0.039763
     C    3        0.142190        0.013505        0.049920
     C    3        0.039763        0.049920        0.013412

     H    4       -0.000000        0.000000        0.000000
     H    4        0.000000        0.000000        0.000000
     H    4        0.000000        0.000000        0.000000

     C    5       -0.007639        0.050858        0.150173
     C    5        0.050858       -0.179779       -0.103784
     C    5        0.150173       -0.103784        0.187419

     H    6       -0.000000        0.000000        0.000000
     H    6        0.000000        0.000000        0.000000
     H    6        0.000000        0.000000        0.000000

     H    7       -0.000000        0.000000        0.000000
     H    7        0.000000        0.000000        0.000000
     H    7        0.000000        0.000000        0.000000

     C    8        0.047612       -0.160675        0.195634
     C    8       -0.160675       -0.185152       -0.028617
     C    8        0.195634       -0.028617        0.137540

     H    9       -0.000000        0.000000        0.000000
     H    9        0.000000        0.000000        0.000000
     H    9        0.000000        0.000000        0.000000

     C   10       -0.068098       -0.036018        0.110009
     C   10       -0.036018       -0.080437       -0.011037
     C   10        0.110009       -0.011037        0.148534

     C   11       -0.000484        0.066396        0.071007
     C   11        0.066396       -0.158522        0.032954
     C   11        0.071007        0.032954        0.159006

     Cl  12        1.295981        2.591712       -0.000207
     Cl  12        2.591712       -0.020623        0.285375
     Cl  12       -0.000207        0.285375       -1.275359

     H   13       -0.000000        0.000000        0.000000
     H   13        0.000000        0.000000        0.000000
     H   13        0.000000        0.000000        0.000000

     C   14        0.031239        0.207397       -0.112001
     C   14        0.207397        0.065738       -0.064372
     C   14       -0.112001       -0.064372       -0.096977

     H   15       -0.000000        0.000000        0.000000
     H   15        0.000000        0.000000        0.000000
     H   15        0.000000        0.000000        0.000000

     C   16        0.022250        0.124016        0.079771
     C   16        0.124016       -0.101693       -0.021171
     C   16        0.079771       -0.021171        0.079443

     C   17       -0.144218       -0.091633       -0.030993
     C   17       -0.091633       -0.117779       -0.100992
     C   17       -0.030993       -0.100992        0.261997

     Cl  18       -0.265955       -0.297624       -0.452830
     Cl  18       -0.297624       -0.397538       -0.655692
     Cl  18       -0.452830       -0.655692        0.663493

     H   19       -0.000000        0.000000        0.000000
     H   19        0.000000        0.000000        0.000000
     H   19        0.000000        0.000000        0.000000

     C   20       -0.214563       -0.018377       -0.078520
     C   20       -0.018377       -0.095049       -0.058162
     C   20       -0.078520       -0.058162        0.309612

     H   21       -0.000000        0.000000        0.000000
     H   21        0.000000        0.000000        0.000000
     H   21        0.000000        0.000000        0.000000

     C   22       -0.083811       -0.062704        0.070737
     C   22       -0.062704       -0.108406       -0.145816
     C   22        0.070737       -0.145816        0.192216

     C   23       -0.059967       -0.022306        0.135530
     C   23       -0.022306       -0.025529       -0.146597
     C   23        0.135530       -0.146597        0.085496

     Cl  24        0.044557        1.537805        0.901091
     Cl  24        1.537805       -1.140482       -0.486358
     Cl  24        0.901091       -0.486358        1.095926

     ----- total EFG -----
     Cl   1        2.149663       -2.587426        0.358837
     Cl   1       -2.587426       -0.168144        0.124453
     Cl   1        0.358837        0.124453       -1.981519

     C    2        0.321715        0.199197        0.298443
     C    2        0.199197       -0.338801       -0.098421
     C    2        0.298443       -0.098421        0.017085

     C    3       -0.157618        0.203780       -0.090393
     C    3        0.203780        0.128253        0.193225
     C    3       -0.090393        0.193225        0.029365

     H    4        0.197105       -0.031976        0.137513
     H    4       -0.031976       -0.165499       -0.019157
     H    4        0.137513       -0.019157       -0.031606

     C    5        0.215255        0.247754        0.315627
     C    5        0.247754       -0.553981       -0.216339
     C    5        0.315627       -0.216339        0.338726

     H    6       -0.063932       -0.070936       -0.083077
     H    6       -0.070936        0.436051        0.155782
     H    6       -0.083077        0.155782       -0.372119

     H    7       -0.192991        0.075451       -0.253745
     H    7        0.075451        0.454728       -0.247707
     H    7       -0.253745       -0.247707       -0.261737

     C    8        0.335230       -0.500013        0.584463
     C    8       -0.500013       -0.641088        0.008004
     C    8        0.584463        0.008004        0.305858

     H    9        0.293929       -0.073669        0.086278
     H    9       -0.073669       -0.054001        0.013338
     H    9        0.086278        0.013338       -0.239928

     C   10       -0.317379        0.019470        0.101497
     C   10        0.019470        0.058035       -0.090620
     C   10        0.101497       -0.090620        0.259343

     C   11        0.150223        0.006497        0.156065
     C   11        0.006497       -0.463402        0.109538
     C   11        0.156065        0.109538        0.313179

     Cl  12        1.394508        2.860006       -0.024383
     Cl  12        2.860006       -0.005695        0.304700
     Cl  12       -0.024383        0.304700       -1.388813

     H   13       -0.160355       -0.011649        0.294785
     H   13       -0.011649        0.358336        0.377476
     H   13        0.294785        0.377476       -0.197982

     C   14       -0.099268        0.335299       -0.375671
     C   14        0.335299        0.205326       -0.018122
     C   14       -0.375671       -0.018122       -0.106059

     H   15        0.184062        0.099539        0.147298
     H   15        0.099539       -0.236090       -0.005348
     H   15        0.147298       -0.005348        0.052027

     C   16        0.229003        0.344132        0.155723
     C   16        0.344132       -0.599540       -0.095456
     C   16        0.155723       -0.095456        0.370538

     C   17       -0.297844       -0.320204       -0.210845
     C   17       -0.320204       -0.270648       -0.064947
     C   17       -0.210845       -0.064947        0.568492

     Cl  18        0.093382       -0.383347       -0.418369
     Cl  18       -0.383347       -0.348759       -0.298224
     Cl  18       -0.418369       -0.298224        0.255376

     H   19       -0.153019        0.058724        0.318976
     H   19        0.058724        0.242415       -0.492886
     H   19        0.318976       -0.492886       -0.089396

     C   20       -0.666165       -0.071224       -0.248662
     C   20       -0.071224        0.095489       -0.235879
     C   20       -0.248662       -0.235879        0.570675

     H   21        0.181607       -0.154159        0.461852
     H   21       -0.154159        0.110451       -0.097010
     H   21        0.461852       -0.097010       -0.292058

     C   22        0.085154       -0.221653        0.267388
     C   22       -0.221653       -0.383990       -0.202545
     C   22        0.267388       -0.202545        0.298836

     C   23       -0.395111       -0.006522        0.167984
     C   23       -0.006522        0.263326       -0.426378
     C   23        0.167984       -0.426378        0.131785

     Cl  24        0.071670        1.676654        0.997846
     Cl  24        1.676654       -1.269396       -0.538319
     Cl  24        0.997846       -0.538319        1.197726

     ----- total EFG (symmetrized) -----
     Cl   1        2.149663       -2.587426        0.358837
     Cl   1       -2.587426       -0.168144        0.124453
     Cl   1        0.358837        0.124453       -1.981519

     C    2        0.321715        0.199197        0.298443
     C    2        0.199197       -0.338801       -0.098421
     C    2        0.298443       -0.098421        0.017085

     C    3       -0.157618        0.203780       -0.090393
     C    3        0.203780        0.128253        0.193225
     C    3       -0.090393        0.193225        0.029365

     H    4        0.197105       -0.031976        0.137513
     H    4       -0.031976       -0.165499       -0.019157
     H    4        0.137513       -0.019157       -0.031606

     C    5        0.215255        0.247754        0.315627
     C    5        0.247754       -0.553981       -0.216339
     C    5        0.315627       -0.216339        0.338726

     H    6       -0.063932       -0.070936       -0.083077
     H    6       -0.070936        0.436051        0.155782
     H    6       -0.083077        0.155782       -0.372119

     H    7       -0.192991        0.075451       -0.253745
     H    7        0.075451        0.454728       -0.247707
     H    7       -0.253745       -0.247707       -0.261737

     C    8        0.335230       -0.500013        0.584463
     C    8       -0.500013       -0.641088        0.008004
     C    8        0.584463        0.008004        0.305858

     H    9        0.293929       -0.073669        0.086278
     H    9       -0.073669       -0.054001        0.013338
     H    9        0.086278        0.013338       -0.239928

     C   10       -0.317379        0.019470        0.101497
     C   10        0.019470        0.058035       -0.090620
     C   10        0.101497       -0.090620        0.259343

     C   11        0.150223        0.006497        0.156065
     C   11        0.006497       -0.463402        0.109538
     C   11        0.156065        0.109538        0.313179

     Cl  12        1.394508        2.860006       -0.024383
     Cl  12        2.860006       -0.005695        0.304700
     Cl  12       -0.024383        0.304700       -1.388813

     H   13       -0.160355       -0.011649        0.294785
     H   13       -0.011649        0.358336        0.377476
     H   13        0.294785        0.377476       -0.197982

     C   14       -0.099268        0.335299       -0.375671
     C   14        0.335299        0.205326       -0.018122
     C   14       -0.375671       -0.018122       -0.106059

     H   15        0.184062        0.099539        0.147298
     H   15        0.099539       -0.236090       -0.005348
     H   15        0.147298       -0.005348        0.052027

     C   16        0.229003        0.344132        0.155723
     C   16        0.344132       -0.599540       -0.095456
     C   16        0.155723       -0.095456        0.370538

     C   17       -0.297844       -0.320204       -0.210845
     C   17       -0.320204       -0.270648       -0.064947
     C   17       -0.210845       -0.064947        0.568492

     Cl  18        0.093382       -0.383347       -0.418369
     Cl  18       -0.383347       -0.348759       -0.298224
     Cl  18       -0.418369       -0.298224        0.255376

     H   19       -0.153019        0.058724        0.318976
     H   19        0.058724        0.242415       -0.492886
     H   19        0.318976       -0.492886       -0.089396

     C   20       -0.666165       -0.071224       -0.248662
     C   20       -0.071224        0.095489       -0.235879
     C   20       -0.248662       -0.235879        0.570675

     H   21        0.181607       -0.154159        0.461852
     H   21       -0.154159        0.110451       -0.097010
     H   21        0.461852       -0.097010       -0.292058

     C   22        0.085154       -0.221653        0.267388
     C   22       -0.221653       -0.383990       -0.202545
     C   22        0.267388       -0.202545        0.298836

     C   23       -0.395111       -0.006522        0.167984
     C   23       -0.006522        0.263326       -0.426378
     C   23        0.167984       -0.426378        0.131785

     Cl  24        0.071670        1.676654        0.997846
     Cl  24        1.676654       -1.269396       -0.538319
     Cl  24        0.997846       -0.538319        1.197726


     NQR/NMR SPECTROSCOPIC PARAMETERS:
     Cl   1    Vxx=   -1.6095    axis=(  0.405485  0.674650  0.616790)
     Cl   1    Vyy=   -2.2258    axis=( -0.361115 -0.501640  0.786100)
     Cl   1    Vzz=    3.8353    axis=(  0.839749 -0.541484  0.040219)
     Cl   1  Q=        -8.1650 1e-30 m^2  Cq=       -73.5776 MHz  eta= 0.16069

     C    2    Vxx=   -0.0523    axis=(  0.351369  0.513309 -0.782978)
     C    2    Vyy=   -0.4695    axis=(  0.361037 -0.845908 -0.392546)
     C    2    Vzz=    0.5218    axis=( -0.863824 -0.144755 -0.482549)
     C    2  Q=         1.0000 1e-30 m^2  Cq=         1.2260 MHz  eta= 0.79947

     C    3    Vxx=    0.0384    axis=(  0.606557  0.248445 -0.755224)
     C    3    Vyy=    0.3079    axis=( -0.268475 -0.830112 -0.488707)
     C    3    Vzz=   -0.3463    axis=(  0.748338 -0.499187  0.436809)
     C    3  Q=         1.0000 1e-30 m^2  Cq=        -0.8137 MHz  eta= 0.77824

     H    4    Vxx=   -0.0959    axis=( -0.428867 -0.051220  0.901915)
     H    4    Vyy=   -0.1689    axis=( -0.055741 -0.994988 -0.083011)
     H    4    Vzz=    0.2648    axis=(  0.901646 -0.085874  0.423862)
     H    4  Q=         1.0000 1e-30 m^2  Cq=         0.6222 MHz  eta= 0.27562

     C    5    Vxx=    0.1165    axis=(  0.698701  0.440135 -0.564002)
     C    5    Vyy=    0.5987    axis=( -0.631768  0.009682 -0.775097)
     C    5    Vzz=   -0.7152    axis=( -0.335687  0.897879  0.284828)
     C    5  Q=         1.0000 1e-30 m^2  Cq=        -1.6805 MHz  eta= 0.67411

     H    6    Vxx=   -0.0636    axis=(  0.967984  0.188948 -0.165246)
     H    6    Vyy=   -0.4149    axis=(  0.196489 -0.160697  0.967248)
     H    6    Vzz=    0.4785    axis=(  0.156205 -0.968749 -0.192678)
     H    6  Q=         1.0000 1e-30 m^2  Cq=         1.1242 MHz  eta= 0.73417

     H    7    Vxx=   -0.0581    axis=(  0.772846 -0.364613 -0.519390)
     H    7    Vyy=   -0.5050    axis=(  0.600440  0.155265  0.784452)
     H    7    Vzz=    0.5630    axis=( -0.205378 -0.918123  0.338924)
     H    7  Q=         1.0000 1e-30 m^2  Cq=         1.3229 MHz  eta= 0.79377

     C    8    Vxx=   -0.0807    axis=( -0.496043  0.453160  0.740667)
     C    8    Vyy=   -0.9058    axis=(  0.453213  0.862719 -0.224306)
     C    8    Vzz=    0.9865    axis=( -0.740634  0.224414 -0.633324)
     C    8  Q=         1.0000 1e-30 m^2  Cq=         2.3179 MHz  eta= 0.83645

     H    9    Vxx=   -0.0642    axis=( -0.163293 -0.974458 -0.154166)
     H    9    Vyy=   -0.2567    axis=( -0.170027 -0.126129  0.977334)
     H    9    Vzz=    0.3209    axis=( -0.971816  0.185805 -0.145088)
     H    9  Q=         1.0000 1e-30 m^2  Cq=         0.7540 MHz  eta= 0.59965

     C   10    Vxx=    0.0311    axis=(  0.142736  0.940031  0.309787)
     C   10    Vyy=    0.3067    axis=( -0.141570  0.329164 -0.933600)
     C   10    Vzz=   -0.3378    axis=( -0.979584  0.089402  0.180064)
     C   10  Q=         1.0000 1e-30 m^2  Cq=        -0.7937 MHz  eta= 0.81571

     C   11    Vxx=    0.0604    axis=(  0.864662 -0.092530 -0.493759)
     C   11    Vyy=    0.4185    axis=(  0.501735  0.110259  0.857966)
     C   11    Vzz=   -0.4789    axis=( -0.024947 -0.989586  0.141762)
     C   11  Q=         1.0000 1e-30 m^2  Cq=        -1.1253 MHz  eta= 0.74774

     Cl  12    Vxx=   -1.3244    axis=( -0.189536  0.188404  0.963628)
     Cl  12    Vyy=   -2.3201    axis=( -0.589323  0.763157 -0.265123)
     Cl  12    Vzz=    3.6445    axis=( -0.785350 -0.618138 -0.033615)
     Cl  12  Q=        -8.1650 1e-30 m^2  Cq=       -69.9186 MHz  eta= 0.27319

     H   13    Vxx=   -0.0016    axis=(  0.808432 -0.413316  0.419056)
     H   13    Vyy=   -0.5703    axis=( -0.559405 -0.318137  0.765411)
     H   13    Vzz=    0.5719    axis=( -0.183040 -0.853205 -0.488404)
     H   13  Q=         1.0000 1e-30 m^2  Cq=         1.3438 MHz  eta= 0.99442

     C   14    Vxx=    0.0362    axis=(  0.294303 -0.657834 -0.693282)
     C   14    Vyy=    0.5153    axis=(  0.613358  0.686315 -0.390849)
     C   14    Vzz=   -0.5515    axis=(  0.732924 -0.310202  0.605473)
     C   14  Q=         1.0000 1e-30 m^2  Cq=        -1.2959 MHz  eta= 0.86865

     H   15    Vxx=   -0.0284    axis=( -0.471078 -0.247534  0.846648)
     H   15    Vyy=   -0.2637    axis=(  0.257546 -0.956593 -0.136379)
     H   15    Vzz=    0.2920    axis=(  0.843656  0.153806  0.514382)
     H   15  Q=         1.0000 1e-30 m^2  Cq=         0.6861 MHz  eta= 0.80572

     C   16    Vxx=    0.2567    axis=( -0.682678 -0.346125  0.643543)
     C   16    Vyy=    0.4856    axis=( -0.641758 -0.137143 -0.754545)
     C   16    Vzz=   -0.7423    axis=(  0.349424 -0.928111 -0.128504)
     C   16  Q=         1.0000 1e-30 m^2  Cq=        -1.7442 MHz  eta= 0.30842

     C   17    Vxx=    0.0202    axis=(  0.645737 -0.746635  0.159874)
     C   17    Vyy=    0.6172    axis=(  0.228212 -0.011090 -0.973548)
     C   17    Vzz=   -0.6374    axis=(  0.728658  0.665142  0.163230)
     C   17  Q=         1.0000 1e-30 m^2  Cq=        -1.4976 MHz  eta= 0.93664

     Cl  18    Vxx=    0.1874    axis=(  0.557532 -0.670694  0.489211)
     Cl  18    Vyy=    0.6008    axis=( -0.645259  0.020651  0.763685)
     Cl  18    Vzz=   -0.7882    axis=( -0.522301 -0.741446 -0.421258)
     Cl  18  Q=        -8.1650 1e-30 m^2  Cq=        15.1220 MHz  eta= 0.52442

     H   19    Vxx=    0.0059    axis=(  0.821785  0.469337  0.323098)
     H   19    Vyy=    0.6241    axis=( -0.194663  0.764174 -0.614935)
     H   19    Vzz=   -0.6300    axis=( -0.535514  0.442449  0.719349)
     H   19  Q=         1.0000 1e-30 m^2  Cq=        -1.4803 MHz  eta= 0.98118

     C   20    Vxx=    0.0321    axis=(  0.205542 -0.927773 -0.311430)
     C   20    Vyy=    0.6988    axis=(  0.150827  0.344454 -0.926608)
     C   20    Vzz=   -0.7309    axis=(  0.966956  0.143485  0.210733)
     C   20  Q=         1.0000 1e-30 m^2  Cq=        -1.7174 MHz  eta= 0.91219

     H   21    Vxx=    0.0334    axis=(  0.334426  0.920939  0.200075)
     H   21    Vyy=    0.5409    axis=(  0.785420 -0.389689  0.480893)
     H   21    Vzz=   -0.5743    axis=(  0.520840 -0.003680 -0.853646)
     H   21  Q=         1.0000 1e-30 m^2  Cq=        -1.3493 MHz  eta= 0.88370

     C   22    Vxx=   -0.0851    axis=( -0.771183  0.153149  0.617917)
     C   22    Vyy=   -0.4849    axis=( -0.300498 -0.943266 -0.141247)
     C   22    Vzz=    0.5700    axis=(  0.561228 -0.294610  0.773452)
     C   22  Q=         1.0000 1e-30 m^2  Cq=         1.3393 MHz  eta= 0.70150

     C   23    Vxx=   -0.1707    axis=( -0.454851 -0.627545 -0.631900)
     C   23    Vyy=   -0.4711    axis=(  0.883573 -0.229239 -0.408349)
     C   23    Vzz=    0.6418    axis=(  0.111401 -0.744067  0.658751)
     C   23  Q=         1.0000 1e-30 m^2  Cq=         1.5080 MHz  eta= 0.46793

     Cl  24    Vxx=    0.8132    axis=( -0.547501 -0.593321  0.590095)
     Cl  24    Vyy=    1.8575    axis=( -0.612366 -0.196520 -0.765759)
     Cl  24    Vzz=   -2.6707    axis=(  0.570307 -0.780609 -0.255735)
     Cl  24  Q=        -8.1650 1e-30 m^2  Cq=        51.2361 MHz  eta= 0.39105

     Initialization:
     gipaw_setup  :      9.49s CPU     11.52s WALL (       1 calls)

     Linear response

     Apply operators

     Induced current

     Other routines
     efg          :      9.10s CPU     11.80s WALL (       1 calls)

     General routines
     calbec       :      3.19s CPU      4.41s WALL (      16 calls)
     fft          :      1.56s CPU      2.29s WALL (      15 calls)
     ffts         :      0.04s CPU      0.06s WALL (       2 calls)
     fftw         :      3.16s CPU      3.89s WALL (     672 calls)
     davcio       :      0.01s CPU      0.34s WALL (      32 calls)

     Parallel routines
     fft_scatter  :      2.09s CPU      3.32s WALL (     689 calls)

     Plugins

     GIPAW        :     60.70s CPU     73.93s WALL (       1 calls)
