
     Program QE v.6.0 (svn rev. 13079) starts on  1Jan2017 at  2:46: 1 

     This program is part of the open-source Quantum ESPRESSO suite
     for quantum simulation of materials; please cite
         "P. Giannozzi et al., J. Phys.:Condens. Matter 21 395502 (2009);
          URL http://www.quantum-espresso.org", 
     in publications or presentations arising from this work. More details at
     http://www.quantum-espresso.org/quote

     Parallel version (MPI), running on     8 processors
     R & G space division:  proc/nbgrp/npool/nimage =       8

     ***** This is GIPAW svn revision unknown      *****

     Parallelizing q-star over 1 images

     Reading data from directory:
     /users/majewski/paradichlorobenzene/pbe/9_constraint/scratch/pbe.ecut100.np8.dt60.pcl2phi-129368.save
     Message from routine read_xml_file:
     file /users/majewski/paradichlorobenzene/pbe/9_constraint/scratch/pbe.ecut100.np8.dt60.pcl2phi-129368.save not guaranteed to be safe for post-processing

   Info: using nr1, nr2, nr3 values from input

   Info: using nr1, nr2, nr3 values from input

     IMPORTANT: XC functional enforced from input :
     Exchange-correlation      =  SLA  PW   PBX  PBC ( 1  4  3  4 0 0)
     Any further DFT definition will be discarded
     Please, verify this is what you really want

               file C.pbe-n-kjpaw_psl.1.0.0.UPF: wavefunction(s)  2S 2P renormalized
               file Cl.pbe-n-kjpaw_psl.1.0.0.UPF: wavefunction(s)  3S 3P renormalized
               file H.pbe-kjpaw_psl.1.0.0.UPF: wavefunction(s)  1S renormalized

     Parallelization info
     --------------------
     sticks:   dense  smooth     PW     G-vecs:    dense   smooth      PW
     Min        3057    1223    332               144436    36536    5170
     Max        3059    1225    333               144437    36537    5171
     Sum       24467    9791   2657              1155489   292295   41363


     Subspace diagonalization in iterative solution of the eigenvalue problem:
     a serial algorithm will be used

     GIPAW projectors -----------------------------------------------
     atom=  C    l=0  rc=    1.2000  rs=    0.8000
     atom=  C    l=0  rc=    1.2000  rs=    0.8000
     atom=  C    l=1  rc=    1.4000  rs=    0.9333
     atom=  C    l=1  rc=    1.4000  rs=    0.9333
     projs nearly linearly dependent: l=1  n1,n2= 1, 2  s=  0.99951561

     atom=  Cl   l=0  rc=    1.6000  rs=    1.0667
     atom=  Cl   l=0  rc=    1.6000  rs=    1.0667
     atom=  Cl   l=1  rc=    1.6000  rs=    1.0667
     atom=  Cl   l=1  rc=    1.6000  rs=    1.0667
     atom=  Cl   l=2  rc=    1.6000  rs=    1.0667
     atom=  Cl   l=2  rc=    1.6000  rs=    1.0667
     projs nearly linearly dependent: l=2  n1,n2= 1, 2  s=  0.99993509

     atom=  H    l=0  rc=    1.0000  rs=    0.6667
     atom=  H    l=0  rc=    1.0000  rs=    0.6667
     projs nearly linearly dependent: l=0  n1,n2= 1, 2  s=  0.99968852
     -----------------------------------------------------------------

     GIPAW integrals: -------------------------------------------
     Atom  i/j   nmr_para   nmr_dia   epr_rmc  epr_para   epr_dia
       C   1 1   0.83E+03  0.17E-01  0.93E+01  0.24E+08  0.24E+03
       C   2 1   0.86E+03 -0.61E-01  0.94E+01  0.25E+08  0.25E+03
       C   2 2   0.90E+03 -0.15E+00  0.97E+01  0.26E+08  0.26E+03
       C   3 3   0.33E+01  0.34E+00  0.18E+01  0.55E+03  0.21E+02
       C   4 3   0.35E+01  0.37E+00  0.20E+01  0.59E+03  0.22E+02
       C   4 4   0.38E+01  0.39E+00  0.22E+01  0.63E+03  0.24E+02
       Cl  1 1   0.14E+04 -0.47E+00  0.84E+01  0.32E+09  0.42E+03
       Cl  2 1   0.21E+04 -0.37E+00  0.12E+02  0.49E+09  0.65E+03
       Cl  2 2   0.33E+04 -0.16E+00  0.21E+02  0.76E+09  0.10E+04
       Cl  3 3   0.21E+02  0.79E-01  0.89E+01  0.23E+05  0.13E+03
       Cl  4 3   0.24E+02  0.67E-01  0.99E+01  0.27E+05  0.15E+03
       Cl  4 4   0.28E+02  0.44E-01  0.11E+02  0.32E+05  0.18E+03
       Cl  5 5   0.77E+00  0.19E+00  0.18E+01  0.12E+03  0.22E+02
       Cl  6 5   0.80E+00  0.19E+00  0.19E+01  0.12E+03  0.23E+02
       Cl  6 6   0.83E+00  0.20E+00  0.19E+01  0.12E+03  0.23E+02
       H   1 1   0.39E+02  0.19E+00  0.29E+00  0.78E+05  0.13E+02
       H   2 1   0.41E+02  0.21E+00  0.32E+00  0.82E+05  0.14E+02
       H   2 2   0.43E+02  0.22E+00  0.36E+00  0.86E+05  0.15E+02
     ------------------------------------------------------------

     alpha_pv=     34.1895 eV

     Number of occupied bands for each k-point:
     k-point:     1    nbnd_occ=  42
     k-point:     2    nbnd_occ=  42
     k-point:     3    nbnd_occ=  42
     k-point:     4    nbnd_occ=  42
     k-point:     5    nbnd_occ=  42
     k-point:     6    nbnd_occ=  42
     k-point:     7    nbnd_occ=  42
     k-point:     8    nbnd_occ=  42
     k-point:     9    nbnd_occ=  42
     k-point:    10    nbnd_occ=  42
     k-point:    11    nbnd_occ=  42
     k-point:    12    nbnd_occ=  42
     k-point:    13    nbnd_occ=  42
     k-point:    14    nbnd_occ=  42
     k-point:    15    nbnd_occ=  42
     k-point:    16    nbnd_occ=  42


     q-space interpolation up to   110.00 Rydberg

     GIPAW job: efg                                                                             


     ELECTRIC FIELD GRADIENTS TENSORS IN Hartree/bohrradius^2:

     ----- bare term -----
     Cl   1       -0.137887        0.143764        0.029933
     Cl   1        0.143764        0.019161       -0.057202
     Cl   1        0.029933       -0.057202        0.118726

     C    2        0.044090       -0.250901       -0.457649
     C    2       -0.250901       -0.369420       -0.443568
     C    2       -0.457649       -0.443568        0.325330

     C    3       -0.683787        0.344137       -0.366348
     C    3        0.344137        0.204140       -0.053726
     C    3       -0.366348       -0.053726        0.479647

     H    4       -0.188436       -0.492946       -0.231891
     H    4       -0.492946       -0.211831       -0.022742
     H    4       -0.231891       -0.022742        0.400267

     C    5       -0.102398        0.016795       -0.245871
     C    5        0.016795       -0.305483       -0.251988
     C    5       -0.245871       -0.251988        0.407881

     H    6        0.427698       -0.184668       -0.115091
     H    6       -0.184668       -0.462845       -0.609813
     H    6       -0.115091       -0.609813        0.035147

     H    7        0.445014        0.022181        0.217806
     H    7        0.022181        0.022488        0.364385
     H    7        0.217806        0.364385       -0.467502

     C    8       -0.299154       -0.220472       -0.293483
     C    8       -0.220472        0.017075        0.341443
     C    8       -0.293483        0.341443        0.282079

     H    9        0.160836        0.069578       -0.281384
     H    9        0.069578        0.401321       -0.095941
     H    9       -0.281384       -0.095941       -0.562157

     C   10       -0.026874       -0.190338       -0.099934
     C   10       -0.190338       -0.035644        0.135076
     C   10       -0.099934        0.135076        0.062519

     C   11       -0.007488       -0.041332       -0.270750
     C   11       -0.041332       -0.130207        0.207257
     C   11       -0.270750        0.207257        0.137695

     Cl  12       -0.041248       -0.075146        0.019200
     Cl  12       -0.075146        0.008507       -0.044742
     Cl  12        0.019200       -0.044742        0.032741

     H   13        0.185690       -0.407743        0.232722
     H   13       -0.407743       -0.472066        0.125732
     H   13        0.232722        0.125732        0.286376

     C   14       -0.298594        0.213827       -0.110822
     C   14        0.213827        0.125665        0.100107
     C   14       -0.110822        0.100107        0.172929

     H   15       -0.436164       -0.276972        0.262461
     H   15       -0.276972        0.281319       -0.004369
     H   15        0.262461       -0.004369        0.154844

     C   16        0.226773       -0.050659        0.191456
     C   16       -0.050659       -0.250209       -0.141787
     C   16        0.191456       -0.141787        0.023437

     C   17       -0.541606        0.257983       -0.097393
     C   17        0.257983        0.231856       -0.124645
     C   17       -0.097393       -0.124645        0.309750

     Cl  18       -0.060606        0.007781        0.055549
     Cl  18        0.007781       -0.021197        0.112068
     Cl  18        0.055549        0.112068        0.081802

     H   19        0.499923        0.110014       -0.024786
     H   19        0.110014       -0.702177       -0.130247
     H   19       -0.024786       -0.130247        0.202255

     C   20       -0.402382       -0.157423       -0.336684
     C   20       -0.157423       -0.095901        0.381145
     C   20       -0.336684        0.381145        0.498283

     H   21       -0.379893        0.167501       -0.530401
     H   21        0.167501        0.318884        0.161971
     H   21       -0.530401        0.161971        0.061009

     C   22       -0.221433       -0.271941       -0.294395
     C   22       -0.271941       -0.262513        0.519795
     C   22       -0.294395        0.519795        0.483946

     C   23       -0.345836        0.005020       -0.331767
     C   23        0.005020       -0.081503        0.572250
     C   23       -0.331767        0.572250        0.427339

     Cl  24       -0.043740       -0.032670       -0.014735
     Cl  24       -0.032670        0.003791        0.024481
     Cl  24       -0.014735        0.024481        0.039949

     ----- ionic term -----
     Cl   1        0.115759       -0.169820       -0.041241
     Cl   1       -0.169820       -0.006294        0.028923
     Cl   1       -0.041241        0.028923       -0.109465

     C    2        0.284184        0.003233        0.147785
     C    2        0.003233        0.153929        0.385446
     C    2        0.147785        0.385446       -0.438113

     C    3        0.223956       -0.106145        0.086105
     C    3       -0.106145        0.235179        0.352287
     C    3        0.086105        0.352287       -0.459135

     H    4        0.769581        0.508289        0.378798
     H    4        0.508289       -0.299875        0.182757
     H    4        0.378798        0.182757       -0.469706

     C    5        0.359134       -0.101796        0.173608
     C    5       -0.101796        0.106782        0.289568
     C    5        0.173608        0.289568       -0.465916

     H    6       -0.491990        0.218271        0.116730
     H    6        0.218271        0.765283        0.610639
     H    6        0.116730        0.610639       -0.273293

     H    7       -0.528110       -0.056824        0.056442
     H    7       -0.056824        0.644955       -0.715188
     H    7        0.056442       -0.715188       -0.116846

     C    8        0.239585        0.215074        0.397733
     C    8        0.215074        0.027623       -0.272234
     C    8        0.397733       -0.272234       -0.267208

     H    9        0.364972       -0.206189        0.809222
     H    9       -0.206189       -0.461149       -0.246239
     H    9        0.809222       -0.246239        0.096177

     C   10        0.079093        0.261632        0.282358
     C   10        0.261632        0.161486       -0.338174
     C   10        0.282358       -0.338174       -0.240578

     C   11        0.156445        0.181176        0.366797
     C   11        0.181176        0.071152       -0.398004
     C   11        0.366797       -0.398004       -0.227597

     Cl  12        0.144634        0.215636        0.026890
     Cl  12        0.215636       -0.004376        0.001526
     Cl  12        0.026890        0.001526       -0.140258

     H   13       -0.473553        0.252928        0.075068
     H   13        0.252928        0.789761        0.567240
     H   13        0.075068        0.567240       -0.316209

     C   14        0.367223       -0.088791        0.157116
     C   14       -0.088791        0.140786        0.296364
     C   14        0.157116        0.296364       -0.508009

     H   15        0.816237        0.409524        0.477435
     H   15        0.409524       -0.351145        0.198653
     H   15        0.477435        0.198653       -0.465092

     C   16        0.210173       -0.200816        0.104708
     C   16       -0.200816        0.284383        0.358321
     C   16        0.104708        0.358321       -0.494556

     C   17        0.214506       -0.132412        0.232076
     C   17       -0.132412        0.271216        0.301639
     C   17        0.232076        0.301639       -0.485723

     Cl  18        0.112858       -0.223124        0.034021
     Cl  18       -0.223124        0.070492       -0.026889
     Cl  18        0.034021       -0.026889       -0.183350

     H   19       -0.518401       -0.017711        0.024081
     H   19       -0.017711        0.796982       -0.607703
     H   19        0.024081       -0.607703       -0.278581

     C   20        0.201978        0.207397        0.363699
     C   20        0.207397        0.074561       -0.265291
     C   20        0.363699       -0.265291       -0.276539

     H   21        0.377854       -0.137561        0.780741
     H   21       -0.137561       -0.496622       -0.188791
     H   21        0.780741       -0.188791        0.118768

     C   22        0.069423        0.253022        0.272708
     C   22        0.253022        0.161732       -0.342050
     C   22        0.272708       -0.342050       -0.231155

     C   23        0.169406        0.183270        0.403493
     C   23        0.183270        0.075335       -0.374106
     C   23        0.403493       -0.374106       -0.244741

     Cl  24        0.145877        0.209636        0.036645
     Cl  24        0.209636        0.023697        0.012940
     Cl  24        0.036645        0.012940       -0.169574

     ----- GIPAW term -----
     Cl   1        0.887604       -2.071126        0.200041
     Cl   1       -2.071126        0.348049       -0.411862
     Cl   1        0.200041       -0.411862       -1.235652

     C    2        0.007844       -0.161761       -0.181160
     C    2       -0.161761       -0.119045        0.047894
     C    2       -0.181160        0.047894        0.111200

     C    3       -0.239580       -0.003530       -0.104881
     C    3       -0.003530        0.163433        0.171232
     C    3       -0.104881        0.171232        0.076147

     H    4       -0.000000        0.000000        0.000000
     H    4        0.000000        0.000000        0.000000
     H    4        0.000000        0.000000        0.000000

     C    5       -0.106574       -0.048157       -0.070537
     C    5       -0.048157       -0.073655        0.148828
     C    5       -0.070537        0.148828        0.180229

     H    6       -0.000000        0.000000        0.000000
     H    6        0.000000        0.000000        0.000000
     H    6        0.000000        0.000000        0.000000

     H    7       -0.000000        0.000000        0.000000
     H    7        0.000000        0.000000        0.000000
     H    7        0.000000        0.000000        0.000000

     C    8       -0.084313       -0.074038       -0.127291
     C    8       -0.074038       -0.054342        0.162163
     C    8       -0.127291        0.162163        0.138656

     H    9       -0.000000        0.000000        0.000000
     H    9        0.000000        0.000000        0.000000
     H    9        0.000000        0.000000        0.000000

     C   10       -0.043223       -0.021485       -0.050005
     C   10       -0.021485       -0.023953        0.051367
     C   10       -0.050005        0.051367        0.067176

     C   11       -0.005429        0.003480       -0.079007
     C   11        0.003480       -0.032741        0.070199
     C   11       -0.079007        0.070199        0.038170

     Cl  12       -0.299248        0.354540       -1.300760
     Cl  12        0.354540       -0.495488        1.606298
     Cl  12       -1.300760        1.606298        0.794736

     H   13       -0.000000        0.000000        0.000000
     H   13        0.000000        0.000000        0.000000
     H   13        0.000000        0.000000        0.000000

     C   14       -0.007979        0.004223       -0.025993
     C   14        0.004223        0.000339        0.031303
     C   14       -0.025993        0.031303        0.007639

     H   15       -0.000000        0.000000        0.000000
     H   15        0.000000        0.000000        0.000000
     H   15        0.000000        0.000000        0.000000

     C   16        0.015258       -0.018210        0.025624
     C   16       -0.018210       -0.001493        0.032949
     C   16        0.025624        0.032949       -0.013765

     C   17       -0.066714       -0.011826       -0.017218
     C   17       -0.011826       -0.015723        0.022240
     C   17       -0.017218        0.022240        0.082437

     Cl  18       -0.332949       -1.493711        0.388035
     Cl  18       -1.493711        0.049800        2.085193
     Cl  18        0.388035        2.085193        0.283149

     H   19       -0.000000        0.000000        0.000000
     H   19        0.000000        0.000000        0.000000
     H   19        0.000000        0.000000        0.000000

     C   20       -0.133460       -0.056581       -0.104846
     C   20       -0.056581       -0.049740        0.199686
     C   20       -0.104846        0.199686        0.183200

     H   21       -0.000000        0.000000        0.000000
     H   21        0.000000        0.000000        0.000000
     H   21        0.000000        0.000000        0.000000

     C   22       -0.087030       -0.067678       -0.142469
     C   22       -0.067678       -0.066914        0.150066
     C   22       -0.142469        0.150066        0.153943

     C   23       -0.081224        0.097444       -0.089144
     C   23        0.097444       -0.061879        0.176940
     C   23       -0.089144        0.176940        0.143104

     Cl  24        1.226671        2.228244       -0.133173
     Cl  24        2.228244        0.140970        0.184195
     Cl  24       -0.133173        0.184195       -1.367641

     ----- total EFG -----
     Cl   1        0.865475       -2.097183        0.188733
     Cl   1       -2.097183        0.360916       -0.440141
     Cl   1        0.188733       -0.440141       -1.226391

     C    2        0.336119       -0.409430       -0.491024
     C    2       -0.409430       -0.334536       -0.010227
     C    2       -0.491024       -0.010227       -0.001583

     C    3       -0.699412        0.234463       -0.385124
     C    3        0.234463        0.602752        0.469792
     C    3       -0.385124        0.469792        0.096659

     H    4        0.581145        0.015343        0.146907
     H    4        0.015343       -0.511706        0.160015
     H    4        0.146907        0.160015       -0.069439

     C    5        0.150162       -0.133158       -0.142799
     C    5       -0.133158       -0.272356        0.186407
     C    5       -0.142799        0.186407        0.122194

     H    6       -0.064292        0.033603        0.001639
     H    6        0.033603        0.302438        0.000826
     H    6        0.001639        0.000826       -0.238146

     H    7       -0.083096       -0.034643        0.274248
     H    7       -0.034643        0.667443       -0.350803
     H    7        0.274248       -0.350803       -0.584347

     C    8       -0.143882       -0.079436       -0.023040
     C    8       -0.079436       -0.009645        0.231372
     C    8       -0.023040        0.231372        0.153527

     H    9        0.525808       -0.136611        0.527839
     H    9       -0.136611       -0.059828       -0.342180
     H    9        0.527839       -0.342180       -0.465980

     C   10        0.008996        0.049808        0.132419
     C   10        0.049808        0.101888       -0.151732
     C   10        0.132419       -0.151732       -0.110884

     C   11        0.143527        0.143324        0.017039
     C   11        0.143324       -0.091795       -0.120548
     C   11        0.017039       -0.120548       -0.051732

     Cl  12       -0.195862        0.495030       -1.254670
     Cl  12        0.495030       -0.491357        1.563083
     Cl  12       -1.254670        1.563083        0.687219

     H   13       -0.287863       -0.154815        0.307790
     H   13       -0.154815        0.317695        0.692972
     H   13        0.307790        0.692972       -0.029832

     C   14        0.060650        0.129259        0.020302
     C   14        0.129259        0.266791        0.427775
     C   14        0.020302        0.427775       -0.327441

     H   15        0.380073        0.132552        0.739896
     H   15        0.132552       -0.069826        0.194284
     H   15        0.739896        0.194284       -0.310248

     C   16        0.452204       -0.269684        0.321789
     C   16       -0.269684        0.032681        0.249483
     C   16        0.321789        0.249483       -0.484885

     C   17       -0.393814        0.113745        0.117465
     C   17        0.113745        0.487350        0.199234
     C   17        0.117465        0.199234       -0.093536

     Cl  18       -0.280697       -1.709054        0.477605
     Cl  18       -1.709054        0.099095        2.170371
     Cl  18        0.477605        2.170371        0.181602

     H   19       -0.018478        0.092303       -0.000704
     H   19        0.092303        0.094804       -0.737950
     H   19       -0.000704       -0.737950       -0.076326

     C   20       -0.333864       -0.006607       -0.077830
     C   20       -0.006607       -0.071080        0.315539
     C   20       -0.077830        0.315539        0.404944

     H   21       -0.002039        0.029940        0.250340
     H   21        0.029940       -0.177739       -0.026820
     H   21        0.250340       -0.026820        0.179777

     C   22       -0.239039       -0.086596       -0.164156
     C   22       -0.086596       -0.167695        0.327812
     C   22       -0.164156        0.327812        0.406735

     C   23       -0.257654        0.285734       -0.017419
     C   23        0.285734       -0.068047        0.375083
     C   23       -0.017419        0.375083        0.325702

     Cl  24        1.328809        2.405210       -0.111264
     Cl  24        2.405210        0.168458        0.221616
     Cl  24       -0.111264        0.221616       -1.497266

     ----- total EFG (symmetrized) -----
     Cl   1        0.865475       -2.097183        0.188733
     Cl   1       -2.097183        0.360916       -0.440141
     Cl   1        0.188733       -0.440141       -1.226391

     C    2        0.336119       -0.409430       -0.491024
     C    2       -0.409430       -0.334536       -0.010227
     C    2       -0.491024       -0.010227       -0.001583

     C    3       -0.699412        0.234463       -0.385124
     C    3        0.234463        0.602752        0.469792
     C    3       -0.385124        0.469792        0.096659

     H    4        0.581145        0.015343        0.146907
     H    4        0.015343       -0.511706        0.160015
     H    4        0.146907        0.160015       -0.069439

     C    5        0.150162       -0.133158       -0.142799
     C    5       -0.133158       -0.272356        0.186407
     C    5       -0.142799        0.186407        0.122194

     H    6       -0.064292        0.033603        0.001639
     H    6        0.033603        0.302438        0.000826
     H    6        0.001639        0.000826       -0.238146

     H    7       -0.083096       -0.034643        0.274248
     H    7       -0.034643        0.667443       -0.350803
     H    7        0.274248       -0.350803       -0.584347

     C    8       -0.143882       -0.079436       -0.023040
     C    8       -0.079436       -0.009645        0.231372
     C    8       -0.023040        0.231372        0.153527

     H    9        0.525808       -0.136611        0.527839
     H    9       -0.136611       -0.059828       -0.342180
     H    9        0.527839       -0.342180       -0.465980

     C   10        0.008996        0.049808        0.132419
     C   10        0.049808        0.101888       -0.151732
     C   10        0.132419       -0.151732       -0.110884

     C   11        0.143527        0.143324        0.017039
     C   11        0.143324       -0.091795       -0.120548
     C   11        0.017039       -0.120548       -0.051732

     Cl  12       -0.195862        0.495030       -1.254670
     Cl  12        0.495030       -0.491357        1.563083
     Cl  12       -1.254670        1.563083        0.687219

     H   13       -0.287863       -0.154815        0.307790
     H   13       -0.154815        0.317695        0.692972
     H   13        0.307790        0.692972       -0.029832

     C   14        0.060650        0.129259        0.020302
     C   14        0.129259        0.266791        0.427775
     C   14        0.020302        0.427775       -0.327441

     H   15        0.380073        0.132552        0.739896
     H   15        0.132552       -0.069826        0.194284
     H   15        0.739896        0.194284       -0.310248

     C   16        0.452204       -0.269684        0.321789
     C   16       -0.269684        0.032681        0.249483
     C   16        0.321789        0.249483       -0.484885

     C   17       -0.393814        0.113745        0.117465
     C   17        0.113745        0.487350        0.199234
     C   17        0.117465        0.199234       -0.093536

     Cl  18       -0.280697       -1.709054        0.477605
     Cl  18       -1.709054        0.099095        2.170371
     Cl  18        0.477605        2.170371        0.181602

     H   19       -0.018478        0.092303       -0.000704
     H   19        0.092303        0.094804       -0.737950
     H   19       -0.000704       -0.737950       -0.076326

     C   20       -0.333864       -0.006607       -0.077830
     C   20       -0.006607       -0.071080        0.315539
     C   20       -0.077830        0.315539        0.404944

     H   21       -0.002039        0.029940        0.250340
     H   21        0.029940       -0.177739       -0.026820
     H   21        0.250340       -0.026820        0.179777

     C   22       -0.239039       -0.086596       -0.164156
     C   22       -0.086596       -0.167695        0.327812
     C   22       -0.164156        0.327812        0.406735

     C   23       -0.257654        0.285734       -0.017419
     C   23        0.285734       -0.068047        0.375083
     C   23       -0.017419        0.375083        0.325702

     Cl  24        1.328809        2.405210       -0.111264
     Cl  24        2.405210        0.168458        0.221616
     Cl  24       -0.111264        0.221616       -1.497266


     NQR/NMR SPECTROSCOPIC PARAMETERS:
     Cl   1    Vxx=   -1.1541    axis=( -0.407817 -0.315619  0.856779)
     Cl   1    Vyy=   -1.6185    axis=(  0.534404  0.678336  0.504254)
     Cl   1    Vzz=    2.7726    axis=(  0.740336 -0.663509  0.107969)
     Cl   1  Q=        -8.1650 1e-30 m^2  Cq=       -53.1900 MHz  eta= 0.16749

     C    2    Vxx=   -0.1547    axis=( -0.247989  0.607601 -0.754535)
     C    2    Vyy=   -0.6321    axis=( -0.526148 -0.738455 -0.421726)
     C    2    Vzz=    0.7868    axis=( -0.813431  0.292413  0.502816)
     C    2  Q=         1.0000 1e-30 m^2  Cq=         1.8487 MHz  eta= 0.60670

     C    3    Vxx=    0.0777    axis=( -0.501833 -0.441440  0.743837)
     C    3    Vyy=    0.8833    axis=( -0.002754 -0.859143 -0.511728)
     C    3    Vzz=   -0.9610    axis=( -0.864960  0.258851 -0.429931)
     C    3  Q=         1.0000 1e-30 m^2  Cq=        -2.2580 MHz  eta= 0.83833

     H    4    Vxx=   -0.0506    axis=(  0.222332 -0.313010 -0.923360)
     H    4    Vyy=   -0.5644    axis=( -0.027682 -0.948709  0.314937)
     H    4    Vzz=    0.6149    axis=( -0.974578 -0.044460 -0.219594)
     H    4  Q=         1.0000 1e-30 m^2  Cq=         1.4449 MHz  eta= 0.83554

     C    5    Vxx=   -0.0020    axis=( -0.728673 -0.107472 -0.676376)
     C    5    Vyy=   -0.3577    axis=( -0.156173 -0.935514  0.316896)
     C    5    Vzz=    0.3598    axis=( -0.666817  0.336545  0.664900)
     C    5  Q=         1.0000 1e-30 m^2  Cq=         0.8453 MHz  eta= 0.98873

     H    6    Vxx=   -0.0673    axis=(  0.995853 -0.090520  0.009119)
     H    6    Vyy=   -0.2382    axis=( -0.009243 -0.000953  0.999957)
     H    6    Vzz=    0.3055    axis=( -0.090507 -0.995894 -0.001786)
     H    6  Q=         1.0000 1e-30 m^2  Cq=         0.7178 MHz  eta= 0.55919

     H    7    Vxx=    0.0003    axis=(  0.927548  0.210529  0.308758)
     H    7    Vyy=    0.7721    axis=( -0.125926  0.953972 -0.272175)
     H    7    Vzz=   -0.7724    axis=( -0.351847  0.213575  0.911367)
     H    7  Q=         1.0000 1e-30 m^2  Cq=        -1.8149 MHz  eta= 0.99914

     C    8    Vxx=   -0.1111    axis=( -0.765585  0.449773 -0.459984)
     C    8    Vyy=   -0.2152    axis=( -0.628396 -0.676000  0.384893)
     C    8    Vzz=    0.3263    axis=( -0.137834  0.583720  0.800170)
     C    8  Q=         1.0000 1e-30 m^2  Cq=         0.7666 MHz  eta= 0.31926

     H    9    Vxx=   -0.0421    axis=(  0.408144  0.888648 -0.209100)
     H    9    Vyy=   -0.7924    axis=( -0.316168  0.352465  0.880798)
     H    9    Vzz=    0.8344    axis=(  0.856420 -0.293382  0.424819)
     H    9  Q=         1.0000 1e-30 m^2  Cq=         1.9606 MHz  eta= 0.89920

     C   10    Vxx=    0.0794    axis=( -0.877060 -0.341009 -0.338347)
     C   10    Vyy=    0.1832    axis=(  0.137980 -0.853481  0.502524)
     C   10    Vzz=   -0.2626    axis=( -0.460138  0.394059  0.795607)
     C   10  Q=         1.0000 1e-30 m^2  Cq=        -0.6171 MHz  eta= 0.39498

     C   11    Vxx=    0.0178    axis=(  0.371021 -0.423823  0.826267)
     C   11    Vyy=    0.2169    axis=( -0.872096 -0.464727  0.153224)
     C   11    Vzz=   -0.2347    axis=(  0.319049 -0.777434 -0.542038)
     C   11  Q=         1.0000 1e-30 m^2  Cq=        -0.5514 MHz  eta= 0.84869

     Cl  12    Vxx=    0.1718    axis=(  0.782369  0.622600  0.016375)
     Cl  12    Vyy=    2.0627    axis=(  0.362837 -0.434262 -0.824479)
     Cl  12    Vzz=   -2.2345    axis=( -0.506210  0.650989 -0.565655)
     Cl  12  Q=        -8.1650 1e-30 m^2  Cq=        42.8674 MHz  eta= 0.84621

     H   13    Vxx=   -0.0663    axis=(  0.829187 -0.389396  0.401023)
     H   13    Vyy=   -0.7963    axis=( -0.555444 -0.493523  0.669265)
     H   13    Vzz=    0.8626    axis=(  0.062695  0.777692  0.625511)
     H   13  Q=         1.0000 1e-30 m^2  Cq=         2.0267 MHz  eta= 0.84627

     C   14    Vxx=    0.0303    axis=(  0.963262 -0.197711 -0.181757)
     C   14    Vyy=    0.5238    axis=(  0.259365  0.860448  0.438588)
     C   14    Vzz=   -0.5541    axis=(  0.069679 -0.469617  0.880116)
     C   14  Q=         1.0000 1e-30 m^2  Cq=        -1.3019 MHz  eta= 0.89067

     H   15    Vxx=   -0.1059    axis=(  0.255378 -0.966826  0.005458)
     H   15    Vyy=   -0.7939    axis=(  0.517821  0.132006 -0.845243)
     H   15    Vzz=    0.8998    axis=(  0.816482  0.218683  0.534355)
     H   15  Q=         1.0000 1e-30 m^2  Cq=         2.1142 MHz  eta= 0.76454

     C   16    Vxx=    0.1043    axis=(  0.216804  0.850811  0.478661)
     C   16    Vyy=    0.6192    axis=(  0.920142 -0.341885  0.190928)
     C   16    Vzz=   -0.7235    axis=( -0.326091 -0.399042  0.856989)
     C   16  Q=         1.0000 1e-30 m^2  Cq=        -1.6999 MHz  eta= 0.71163

     C   17    Vxx=   -0.1340    axis=(  0.261034 -0.337734  0.904322)
     C   17    Vyy=   -0.4366    axis=(  0.953862 -0.053730 -0.295400)
     C   17    Vzz=    0.5706    axis=(  0.148355  0.939707  0.308126)
     C   17  Q=         1.0000 1e-30 m^2  Cq=         1.3408 MHz  eta= 0.53022

     Cl  18    Vxx=    0.3566    axis=(  0.786676 -0.124356  0.604712)
     Cl  18    Vyy=    2.6190    axis=( -0.336302  0.735100  0.588668)
     Cl  18    Vzz=   -2.9756    axis=(  0.517728  0.666456 -0.536464)
     Cl  18  Q=        -8.1650 1e-30 m^2  Cq=        57.0854 MHz  eta= 0.76032

     H   19    Vxx=   -0.0195    axis=(  0.992411 -0.010377  0.122523)
     H   19    Vyy=   -0.7388    axis=( -0.084575  0.665691  0.741419)
     H   19    Vzz=    0.7584    axis=( -0.089257 -0.746155  0.659762)
     H   19  Q=         1.0000 1e-30 m^2  Cq=         1.7818 MHz  eta= 0.94849

     C   20    Vxx=   -0.2214    axis=(  0.234705  0.879522 -0.413951)
     C   20    Vyy=   -0.3467    axis=(  0.968741 -0.176438  0.174385)
     C   20    Vzz=    0.5680    axis=( -0.080339  0.441940  0.893440)
     C   20  Q=         1.0000 1e-30 m^2  Cq=         1.3346 MHz  eta= 0.22062

     H   21    Vxx=   -0.1377    axis=( -0.584152 -0.705674  0.400987)
     H   21    Vyy=   -0.2175    axis=( -0.574537  0.708479  0.409834)
     H   21    Vzz=    0.3552    axis=(  0.573300 -0.009023  0.819296)
     H   21  Q=         1.0000 1e-30 m^2  Cq=         0.8347 MHz  eta= 0.22468

     C   22    Vxx=   -0.2771    axis=(  0.940897 -0.155995  0.300630)
     C   22    Vyy=   -0.3193    axis=(  0.260445  0.900679 -0.347773)
     C   22    Vzz=    0.5964    axis=( -0.216520  0.405516  0.888074)
     C   22  Q=         1.0000 1e-30 m^2  Cq=         1.4014 MHz  eta= 0.07072

     C   23    Vxx=   -0.0376    axis=( -0.703116 -0.511314  0.494152)
     C   23    Vyy=   -0.5381    axis=( -0.689919  0.658801 -0.299988)
     C   23    Vzz=    0.5757    axis=(  0.172160  0.551851  0.815979)
     C   23  Q=         1.0000 1e-30 m^2  Cq=         1.3527 MHz  eta= 0.86929

     Cl  24    Vxx=   -1.3434    axis=( -0.339095  0.415771  0.843889)
     Cl  24    Vyy=   -1.8800    axis=( -0.518017  0.666272 -0.536413)
     Cl  24    Vzz=    3.2234    axis=( -0.785285 -0.619044 -0.010553)
     Cl  24  Q=        -8.1650 1e-30 m^2  Cq=       -61.8384 MHz  eta= 0.16648

     Initialization:
     gipaw_setup  :      9.30s CPU     11.18s WALL (       1 calls)

     Linear response

     Apply operators

     Induced current

     Other routines
     efg          :      9.36s CPU     12.09s WALL (       1 calls)

     General routines
     calbec       :      3.31s CPU      4.62s WALL (      16 calls)
     fft          :      1.41s CPU      2.01s WALL (      15 calls)
     ffts         :      0.04s CPU      0.04s WALL (       2 calls)
     fftw         :      3.33s CPU      4.07s WALL (     672 calls)
     davcio       :      0.01s CPU      0.31s WALL (      32 calls)

     Parallel routines
     fft_scatter  :      2.09s CPU      3.24s WALL (     689 calls)

     Plugins

     GIPAW        :     62.18s CPU     76.05s WALL (       1 calls)
