
     Program QE v.6.0 (svn rev. 13079) starts on 20Jan2017 at  4:29:49 

     This program is part of the open-source Quantum ESPRESSO suite
     for quantum simulation of materials; please cite
         "P. Giannozzi et al., J. Phys.:Condens. Matter 21 395502 (2009);
          URL http://www.quantum-espresso.org", 
     in publications or presentations arising from this work. More details at
     http://www.quantum-espresso.org/quote

     Parallel version (MPI), running on     8 processors
     R & G space division:  proc/nbgrp/npool/nimage =       8

     ***** This is GIPAW svn revision unknown      *****

     Parallelizing q-star over 1 images

     Reading data from directory:
     /users/majewski/paradichlorobenzene/pbe/9_constraint/scratch/pbe.ecut100.np8.dt60.pcl2phi-129368.save
     Message from routine read_xml_file:
     file /users/majewski/paradichlorobenzene/pbe/9_constraint/scratch/pbe.ecut100.np8.dt60.pcl2phi-129368.save not guaranteed to be safe for post-processing

   Info: using nr1, nr2, nr3 values from input

   Info: using nr1, nr2, nr3 values from input

     IMPORTANT: XC functional enforced from input :
     Exchange-correlation      =  SLA  PW   PBX  PBC ( 1  4  3  4 0 0)
     Any further DFT definition will be discarded
     Please, verify this is what you really want

               file C.pbe-n-kjpaw_psl.1.0.0.UPF: wavefunction(s)  2S 2P renormalized
               file Cl.pbe-n-kjpaw_psl.1.0.0.UPF: wavefunction(s)  3S 3P renormalized
               file H.pbe-kjpaw_psl.1.0.0.UPF: wavefunction(s)  1S renormalized

     Parallelization info
     --------------------
     sticks:   dense  smooth     PW     G-vecs:    dense   smooth      PW
     Min        3057    1223    332               144436    36536    5170
     Max        3059    1225    333               144437    36537    5171
     Sum       24467    9791   2657              1155489   292295   41363


     Subspace diagonalization in iterative solution of the eigenvalue problem:
     a serial algorithm will be used

     GIPAW projectors -----------------------------------------------
     atom=  C    l=0  rc=    1.2000  rs=    0.8000
     atom=  C    l=0  rc=    1.2000  rs=    0.8000
     atom=  C    l=1  rc=    1.4000  rs=    0.9333
     atom=  C    l=1  rc=    1.4000  rs=    0.9333
     projs nearly linearly dependent: l=1  n1,n2= 1, 2  s=  0.99951561

     atom=  Cl   l=0  rc=    1.6000  rs=    1.0667
     atom=  Cl   l=0  rc=    1.6000  rs=    1.0667
     atom=  Cl   l=1  rc=    1.6000  rs=    1.0667
     atom=  Cl   l=1  rc=    1.6000  rs=    1.0667
     atom=  Cl   l=2  rc=    1.6000  rs=    1.0667
     atom=  Cl   l=2  rc=    1.6000  rs=    1.0667
     projs nearly linearly dependent: l=2  n1,n2= 1, 2  s=  0.99993509

     atom=  H    l=0  rc=    1.0000  rs=    0.6667
     atom=  H    l=0  rc=    1.0000  rs=    0.6667
     projs nearly linearly dependent: l=0  n1,n2= 1, 2  s=  0.99968852
     -----------------------------------------------------------------

     GIPAW integrals: -------------------------------------------
     Atom  i/j   nmr_para   nmr_dia   epr_rmc  epr_para   epr_dia
       C   1 1   0.83E+03  0.17E-01  0.93E+01  0.24E+08  0.24E+03
       C   2 1   0.86E+03 -0.61E-01  0.94E+01  0.25E+08  0.25E+03
       C   2 2   0.90E+03 -0.15E+00  0.97E+01  0.26E+08  0.26E+03
       C   3 3   0.33E+01  0.34E+00  0.18E+01  0.55E+03  0.21E+02
       C   4 3   0.35E+01  0.37E+00  0.20E+01  0.59E+03  0.22E+02
       C   4 4   0.38E+01  0.39E+00  0.22E+01  0.63E+03  0.24E+02
       Cl  1 1   0.14E+04 -0.47E+00  0.84E+01  0.32E+09  0.42E+03
       Cl  2 1   0.21E+04 -0.37E+00  0.12E+02  0.49E+09  0.65E+03
       Cl  2 2   0.33E+04 -0.16E+00  0.21E+02  0.76E+09  0.10E+04
       Cl  3 3   0.21E+02  0.79E-01  0.89E+01  0.23E+05  0.13E+03
       Cl  4 3   0.24E+02  0.67E-01  0.99E+01  0.27E+05  0.15E+03
       Cl  4 4   0.28E+02  0.44E-01  0.11E+02  0.32E+05  0.18E+03
       Cl  5 5   0.77E+00  0.19E+00  0.18E+01  0.12E+03  0.22E+02
       Cl  6 5   0.80E+00  0.19E+00  0.19E+01  0.12E+03  0.23E+02
       Cl  6 6   0.83E+00  0.20E+00  0.19E+01  0.12E+03  0.23E+02
       H   1 1   0.39E+02  0.19E+00  0.29E+00  0.78E+05  0.13E+02
       H   2 1   0.41E+02  0.21E+00  0.32E+00  0.82E+05  0.14E+02
       H   2 2   0.43E+02  0.22E+00  0.36E+00  0.86E+05  0.15E+02
     ------------------------------------------------------------

     alpha_pv=     34.4819 eV

     Number of occupied bands for each k-point:
     k-point:     1    nbnd_occ=  42
     k-point:     2    nbnd_occ=  42
     k-point:     3    nbnd_occ=  42
     k-point:     4    nbnd_occ=  42
     k-point:     5    nbnd_occ=  42
     k-point:     6    nbnd_occ=  42
     k-point:     7    nbnd_occ=  42
     k-point:     8    nbnd_occ=  42
     k-point:     9    nbnd_occ=  42
     k-point:    10    nbnd_occ=  42
     k-point:    11    nbnd_occ=  42
     k-point:    12    nbnd_occ=  42
     k-point:    13    nbnd_occ=  42
     k-point:    14    nbnd_occ=  42
     k-point:    15    nbnd_occ=  42
     k-point:    16    nbnd_occ=  42


     q-space interpolation up to   110.00 Rydberg

     GIPAW job: efg                                                                             


     ELECTRIC FIELD GRADIENTS TENSORS IN Hartree/bohrradius^2:

     ----- bare term -----
     Cl   1        0.134236        0.021707        0.024852
     Cl   1        0.021707       -0.174187       -0.101314
     Cl   1        0.024852       -0.101314        0.039951

     C    2       -0.674699        0.471151       -0.299529
     C    2        0.471151        0.265877       -0.125717
     C    2       -0.299529       -0.125717        0.408822

     C    3        0.316567        0.026076       -0.195963
     C    3        0.026076       -0.188784       -0.342150
     C    3       -0.195963       -0.342150       -0.127784

     H    4        0.031985        0.076216       -0.508509
     H    4        0.076216        0.123084        0.245109
     H    4       -0.508509        0.245109       -0.155069

     C    5       -0.398716        0.324374        0.038105
     C    5        0.324374        0.161938        0.009013
     C    5        0.038105        0.009013        0.236778

     H    6        0.473110        0.076469       -0.197463
     H    6        0.076469        0.038004       -0.159075
     H    6       -0.197463       -0.159075       -0.511114

     H    7        0.428351        0.050807       -0.012257
     H    7        0.050807       -0.769905        0.044768
     H    7       -0.012257        0.044768        0.341554

     C    8        0.134087        0.069156       -0.115596
     C    8        0.069156       -0.202698        0.189477
     C    8       -0.115596        0.189477        0.068610

     H    9       -0.147496        0.364260        0.053647
     H    9        0.364260       -0.151868       -0.152827
     H    9        0.053647       -0.152827        0.299364

     C   10       -0.290708       -0.061651        0.074562
     C   10       -0.061651       -0.116501       -0.161271
     C   10        0.074562       -0.161271        0.407210

     C   11        0.208386       -0.002856       -0.125132
     C   11       -0.002856       -0.116536        0.485794
     C   11       -0.125132        0.485794       -0.091850

     Cl  12        0.052375       -0.210043        0.069079
     Cl  12       -0.210043       -0.132347       -0.337190
     Cl  12        0.069079       -0.337190        0.079972

     H   13        0.481236       -0.008806        0.053985
     H   13       -0.008806       -0.059578       -0.560946
     H   13        0.053985       -0.560946       -0.421658

     C   14       -0.165115       -0.036195       -0.358010
     C   14       -0.036195       -0.145327       -0.359439
     C   14       -0.358010       -0.359439        0.310441

     H   15       -0.073984       -0.144889       -0.384079
     H   15       -0.144889        0.414954       -0.327156
     H   15       -0.384079       -0.327156       -0.340970

     C   16       -0.463386        0.345949       -0.353956
     C   16        0.345949        0.005459       -0.150105
     C   16       -0.353956       -0.150105        0.457928

     C   17       -0.074331       -0.196308       -0.320815
     C   17       -0.196308        0.047029       -0.736853
     C   17       -0.320815       -0.736853        0.027303

     Cl  18       -0.218814        0.296924        0.002427
     Cl  18        0.296924        0.040918       -0.030241
     Cl  18        0.002427       -0.030241        0.177896

     H   19        0.306842       -0.057023       -0.128490
     H   19       -0.057023       -0.538489        0.642098
     H   19       -0.128490        0.642098        0.231647

     C   20       -0.863027       -0.381970       -0.464992
     C   20       -0.381970        0.358831        0.019757
     C   20       -0.464992        0.019757        0.504196

     H   21       -0.471937        0.238574        0.258379
     H   21        0.238574        0.340887        0.085043
     H   21        0.258379        0.085043        0.131050

     C   22        0.200697       -0.013606       -0.046830
     C   22       -0.013606       -0.527855        0.414634
     C   22       -0.046830        0.414634        0.327158

     C   23       -0.824948       -0.395819       -0.332861
     C   23       -0.395819        0.300749       -0.003233
     C   23       -0.332861       -0.003233        0.524200

     Cl  24       -0.030783       -0.001480        0.054820
     Cl  24       -0.001480       -0.031233       -0.056448
     Cl  24        0.054820       -0.056448        0.062016

     ----- ionic term -----
     Cl   1        0.117116       -0.240112       -0.035003
     Cl   1       -0.240112        0.022104        0.032082
     Cl   1       -0.035003        0.032082       -0.139220

     C    2        0.114717       -0.301478        0.222118
     C    2       -0.301478        0.010770        0.421637
     C    2        0.222118        0.421637       -0.125487

     C    3        0.067605       -0.237921        0.160643
     C    3       -0.237921        0.109244        0.440690
     C    3        0.160643        0.440690       -0.176849

     H    4        0.474476        0.360080        0.676529
     H    4        0.360080       -0.367849        0.305212
     H    4        0.676529        0.305212       -0.106626

     C    5        0.206924       -0.246516        0.240796
     C    5       -0.246516        0.001826        0.302118
     C    5        0.240796        0.302118       -0.208750

     H    6       -0.537097        0.120948        0.095531
     H    6        0.120948        0.522579        0.796274
     H    6        0.095531        0.796274        0.014518

     H    7       -0.515841        0.000155       -0.021021
     H    7        0.000155        0.686409       -0.707598
     H    7       -0.021021       -0.707598       -0.170568

     C    8        0.415653        0.108892        0.046751
     C    8        0.108892        0.106589       -0.302303
     C    8        0.046751       -0.302303       -0.522241

     H    9        0.832990       -0.500119        0.293263
     H    9       -0.500119       -0.281641       -0.168591
     H    9        0.293263       -0.168591       -0.551349

     C   10        0.273964        0.175155        0.024288
     C   10        0.175155        0.228665       -0.347633
     C   10        0.024288       -0.347633       -0.502629

     C   11        0.271285        0.111282        0.031013
     C   11        0.111282        0.198634       -0.368575
     C   11        0.031013       -0.368575       -0.469919

     Cl  12        0.130516        0.181589       -0.040039
     Cl  12        0.181589        0.008877       -0.040694
     Cl  12       -0.040039       -0.040694       -0.139393

     H   13       -0.507357        0.040160        0.084159
     H   13        0.040160        0.349541        0.793276
     H   13        0.084159        0.793276        0.157815

     C   14        0.243899       -0.332377        0.288413
     C   14       -0.332377       -0.068825        0.274958
     C   14        0.288413        0.274958       -0.175074

     H   15        0.494776        0.170638        0.740386
     H   15        0.170638       -0.526287        0.210873
     H   15        0.740386        0.210873        0.031511

     C   16        0.120881       -0.350324        0.173640
     C   16       -0.350324        0.014024        0.398733
     C   16        0.173640        0.398733       -0.134905

     C   17        0.220920       -0.266664        0.243590
     C   17       -0.266664       -0.097854        0.379296
     C   17        0.243590        0.379296       -0.123066

     Cl  18        0.177603       -0.199512        0.006741
     Cl  18       -0.199512       -0.028468        0.008897
     Cl  18        0.006741        0.008897       -0.149135

     H   19       -0.507991       -0.109267        0.046729
     H   19       -0.109267        0.559531       -0.750640
     H   19        0.046729       -0.750640       -0.051539

     C   20        0.404011        0.145148        0.013378
     C   20        0.145148        0.055971       -0.334394
     C   20        0.013378       -0.334394       -0.459982

     H   21        0.793518       -0.569584        0.297147
     H   21       -0.569584       -0.233004       -0.183441
     H   21        0.297147       -0.183441       -0.560514

     C   22        0.240098        0.135212       -0.004433
     C   22        0.135212        0.287257       -0.397498
     C   22       -0.004433       -0.397498       -0.527355

     C   23        0.289957        0.025870        0.090795
     C   23        0.025870        0.256762       -0.369900
     C   23        0.090795       -0.369900       -0.546719

     Cl  24        0.165813        0.236341       -0.010755
     Cl  24        0.236341       -0.003423       -0.011240
     Cl  24       -0.010755       -0.011240       -0.162389

     ----- GIPAW term -----
     Cl   1       -0.119045       -0.493614        0.451327
     Cl   1       -0.493614        1.358549        1.514916
     Cl   1        0.451327        1.514916       -1.239504

     C    2       -0.139306       -0.013308       -0.023259
     C    2       -0.013308        0.232515       -0.017102
     C    2       -0.023259       -0.017102       -0.093209

     C    3       -0.001988       -0.014715       -0.016377
     C    3       -0.014715        0.066571       -0.012676
     C    3       -0.016377       -0.012676       -0.064583

     H    4       -0.000000        0.000000        0.000000
     H    4        0.000000        0.000000        0.000000
     H    4        0.000000        0.000000        0.000000

     C    5       -0.041893       -0.034054        0.042586
     C    5       -0.034054        0.059660       -0.012541
     C    5        0.042586       -0.012541       -0.017766

     H    6       -0.000000        0.000000        0.000000
     H    6        0.000000        0.000000        0.000000
     H    6        0.000000        0.000000        0.000000

     H    7       -0.000000        0.000000        0.000000
     H    7        0.000000        0.000000        0.000000
     H    7        0.000000        0.000000        0.000000

     C    8       -0.001920       -0.003741        0.001629
     C    8       -0.003741        0.074798        0.023628
     C    8        0.001629        0.023628       -0.072878

     H    9       -0.000000        0.000000        0.000000
     H    9        0.000000        0.000000        0.000000
     H    9        0.000000        0.000000        0.000000

     C   10       -0.011549        0.027240        0.016560
     C   10        0.027240       -0.000257       -0.029906
     C   10        0.016560       -0.029906        0.011806

     C   11        0.003546       -0.010084       -0.014985
     C   11       -0.010084        0.110265        0.032781
     C   11       -0.014985        0.032781       -0.113811

     Cl  12       -0.530420       -0.071071       -0.330262
     Cl  12       -0.071071        0.352840        1.075738
     Cl  12       -0.330262        1.075738        0.177580

     H   13       -0.000000        0.000000        0.000000
     H   13        0.000000        0.000000        0.000000
     H   13        0.000000        0.000000        0.000000

     C   14       -0.072690       -0.091072       -0.101748
     C   14       -0.091072        0.030716        0.064881
     C   14       -0.101748        0.064881        0.041974

     H   15       -0.000000        0.000000        0.000000
     H   15        0.000000        0.000000        0.000000
     H   15        0.000000        0.000000        0.000000

     C   16       -0.108425       -0.059086       -0.148420
     C   16       -0.059086        0.057274        0.105218
     C   16       -0.148420        0.105218        0.051151

     C   17       -0.066054       -0.131501       -0.033826
     C   17       -0.131501        0.180128       -0.216749
     C   17       -0.033826       -0.216749       -0.114074

     Cl  18       -1.102679        0.195973       -0.293958
     Cl  18        0.195973        2.607642       -1.159795
     Cl  18       -0.293958       -1.159795       -1.504963

     H   19       -0.000000        0.000000        0.000000
     H   19        0.000000        0.000000        0.000000
     H   19        0.000000        0.000000        0.000000

     C   20       -0.155593        0.045631       -0.085120
     C   20        0.045631        0.150476       -0.143917
     C   20       -0.085120       -0.143917        0.005117

     H   21       -0.000000        0.000000        0.000000
     H   21        0.000000        0.000000        0.000000
     H   21        0.000000        0.000000        0.000000

     C   22       -0.047246        0.040229       -0.014973
     C   22        0.040229       -0.033347       -0.117948
     C   22       -0.014973       -0.117948        0.080593

     C   23       -0.179922       -0.007584       -0.015936
     C   23       -0.007584        0.129166       -0.194736
     C   23       -0.015936       -0.194736        0.050757

     Cl  24       -0.443296        1.568495        0.170271
     Cl  24        1.568495       -0.070913       -2.034158
     Cl  24        0.170271       -2.034158        0.514209

     ----- total EFG -----
     Cl   1        0.132308       -0.712019        0.441177
     Cl   1       -0.712019        1.206465        1.445684
     Cl   1        0.441177        1.445684       -1.338773

     C    2       -0.699288        0.156364       -0.100669
     C    2        0.156364        0.509162        0.278819
     C    2       -0.100669        0.278819        0.190127

     C    3        0.382185       -0.226560       -0.051696
     C    3       -0.226560       -0.012969        0.085864
     C    3       -0.051696        0.085864       -0.369216

     H    4        0.506461        0.436296        0.168020
     H    4        0.436296       -0.244765        0.550320
     H    4        0.168020        0.550320       -0.261696

     C    5       -0.233685        0.043803        0.321487
     C    5        0.043803        0.223424        0.298589
     C    5        0.321487        0.298589        0.010261

     H    6       -0.063987        0.197417       -0.101932
     H    6        0.197417        0.560583        0.637199
     H    6       -0.101932        0.637199       -0.496596

     H    7       -0.087490        0.050962       -0.033278
     H    7        0.050962       -0.083496       -0.662830
     H    7       -0.033278       -0.662830        0.170986

     C    8        0.547821        0.174307       -0.067215
     C    8        0.174307       -0.021312       -0.089198
     C    8       -0.067215       -0.089198       -0.526509

     H    9        0.685494       -0.135859        0.346910
     H    9       -0.135859       -0.433509       -0.321418
     H    9        0.346910       -0.321418       -0.251985

     C   10       -0.028293        0.140745        0.115411
     C   10        0.140745        0.111907       -0.538810
     C   10        0.115411       -0.538810       -0.083614

     C   11        0.483217        0.098341       -0.109104
     C   11        0.098341        0.192364        0.150000
     C   11       -0.109104        0.150000       -0.675580

     Cl  12       -0.347529       -0.099525       -0.301221
     Cl  12       -0.099525        0.229369        0.697854
     Cl  12       -0.301221        0.697854        0.118160

     H   13       -0.026121        0.031353        0.138144
     H   13        0.031353        0.289963        0.232331
     H   13        0.138144        0.232331       -0.263843

     C   14        0.006095       -0.459644       -0.171346
     C   14       -0.459644       -0.183436       -0.019600
     C   14       -0.171346       -0.019600        0.177341

     H   15        0.420793        0.025749        0.356307
     H   15        0.025749       -0.111333       -0.116283
     H   15        0.356307       -0.116283       -0.309459

     C   16       -0.450930       -0.063461       -0.328736
     C   16       -0.063461        0.076756        0.353846
     C   16       -0.328736        0.353846        0.374174

     C   17        0.080535       -0.594473       -0.111051
     C   17       -0.594473        0.129303       -0.574307
     C   17       -0.111051       -0.574307       -0.209838

     Cl  18       -1.143890        0.293385       -0.284790
     Cl  18        0.293385        2.620092       -1.181138
     Cl  18       -0.284790       -1.181138       -1.476202

     H   19       -0.201149       -0.166290       -0.081761
     H   19       -0.166290        0.021041       -0.108542
     H   19       -0.081761       -0.108542        0.180108

     C   20       -0.614610       -0.191192       -0.536734
     C   20       -0.191192        0.565278       -0.458555
     C   20       -0.536734       -0.458555        0.049331

     H   21        0.321580       -0.331011        0.555526
     H   21       -0.331011        0.107883       -0.098399
     H   21        0.555526       -0.098399       -0.429464

     C   22        0.393549        0.161835       -0.066236
     C   22        0.161835       -0.273945       -0.100811
     C   22       -0.066236       -0.100811       -0.119604

     C   23       -0.714913       -0.377534       -0.258003
     C   23       -0.377534        0.686676       -0.567868
     C   23       -0.258003       -0.567868        0.028237

     Cl  24       -0.308266        1.803356        0.214336
     Cl  24        1.803356       -0.105569       -2.101845
     Cl  24        0.214336       -2.101845        0.413835

     ----- total EFG (symmetrized) -----
     Cl   1        0.132308       -0.712019        0.441177
     Cl   1       -0.712019        1.206465        1.445684
     Cl   1        0.441177        1.445684       -1.338773

     C    2       -0.699288        0.156364       -0.100669
     C    2        0.156364        0.509162        0.278819
     C    2       -0.100669        0.278819        0.190127

     C    3        0.382185       -0.226560       -0.051696
     C    3       -0.226560       -0.012969        0.085864
     C    3       -0.051696        0.085864       -0.369216

     H    4        0.506461        0.436296        0.168020
     H    4        0.436296       -0.244765        0.550320
     H    4        0.168020        0.550320       -0.261696

     C    5       -0.233685        0.043803        0.321487
     C    5        0.043803        0.223424        0.298589
     C    5        0.321487        0.298589        0.010261

     H    6       -0.063987        0.197417       -0.101932
     H    6        0.197417        0.560583        0.637199
     H    6       -0.101932        0.637199       -0.496596

     H    7       -0.087490        0.050962       -0.033278
     H    7        0.050962       -0.083496       -0.662830
     H    7       -0.033278       -0.662830        0.170986

     C    8        0.547821        0.174307       -0.067215
     C    8        0.174307       -0.021312       -0.089198
     C    8       -0.067215       -0.089198       -0.526509

     H    9        0.685494       -0.135859        0.346910
     H    9       -0.135859       -0.433509       -0.321418
     H    9        0.346910       -0.321418       -0.251985

     C   10       -0.028293        0.140745        0.115411
     C   10        0.140745        0.111907       -0.538810
     C   10        0.115411       -0.538810       -0.083614

     C   11        0.483217        0.098341       -0.109104
     C   11        0.098341        0.192364        0.150000
     C   11       -0.109104        0.150000       -0.675580

     Cl  12       -0.347529       -0.099525       -0.301221
     Cl  12       -0.099525        0.229369        0.697854
     Cl  12       -0.301221        0.697854        0.118160

     H   13       -0.026121        0.031353        0.138144
     H   13        0.031353        0.289963        0.232331
     H   13        0.138144        0.232331       -0.263843

     C   14        0.006095       -0.459644       -0.171346
     C   14       -0.459644       -0.183436       -0.019600
     C   14       -0.171346       -0.019600        0.177341

     H   15        0.420793        0.025749        0.356307
     H   15        0.025749       -0.111333       -0.116283
     H   15        0.356307       -0.116283       -0.309459

     C   16       -0.450930       -0.063461       -0.328736
     C   16       -0.063461        0.076756        0.353846
     C   16       -0.328736        0.353846        0.374174

     C   17        0.080535       -0.594473       -0.111051
     C   17       -0.594473        0.129303       -0.574307
     C   17       -0.111051       -0.574307       -0.209838

     Cl  18       -1.143890        0.293385       -0.284790
     Cl  18        0.293385        2.620092       -1.181138
     Cl  18       -0.284790       -1.181138       -1.476202

     H   19       -0.201149       -0.166290       -0.081761
     H   19       -0.166290        0.021041       -0.108542
     H   19       -0.081761       -0.108542        0.180108

     C   20       -0.614610       -0.191192       -0.536734
     C   20       -0.191192        0.565278       -0.458555
     C   20       -0.536734       -0.458555        0.049331

     H   21        0.321580       -0.331011        0.555526
     H   21       -0.331011        0.107883       -0.098399
     H   21        0.555526       -0.098399       -0.429464

     C   22        0.393549        0.161835       -0.066236
     C   22        0.161835       -0.273945       -0.100811
     C   22       -0.066236       -0.100811       -0.119604

     C   23       -0.714913       -0.377534       -0.258003
     C   23       -0.377534        0.686676       -0.567868
     C   23       -0.258003       -0.567868        0.028237

     Cl  24       -0.308266        1.803356        0.214336
     Cl  24        1.803356       -0.105569       -2.101845
     Cl  24        0.214336       -2.101845        0.413835


     NQR/NMR SPECTROSCOPIC PARAMETERS:
     Cl   1    Vxx=    0.2181    axis=(  0.920612  0.119422  0.371769)
     Cl   1    Vyy=    1.9859    axis=(  0.260126 -0.897628 -0.355807)
     Cl   1    Vzz=   -2.2040    axis=(  0.291219  0.424267 -0.857432)
     Cl   1  Q=        -8.1650 1e-30 m^2  Cq=        42.2818 MHz  eta= 0.80208

     C    2    Vxx=    0.0638    axis=( -0.208814 -0.465206  0.860221)
     C    2    Vyy=    0.6763    axis=( -0.063434 -0.871316 -0.486604)
     C    2    Vzz=   -0.7400    axis=(  0.975896 -0.156177  0.152433)
     C    2  Q=         1.0000 1e-30 m^2  Cq=        -1.7388 MHz  eta= 0.82763

     C    3    Vxx=   -0.1043    axis=(  0.430994  0.879673  0.201049)
     C    3    Vyy=   -0.3888    axis=( -0.000093 -0.222761  0.974873)
     C    3    Vzz=    0.4932    axis=(  0.902355 -0.420183 -0.095927)
     C    3  Q=         1.0000 1e-30 m^2  Cq=         1.1588 MHz  eta= 0.57684

     H    4    Vxx=   -0.0231    axis=(  0.592386 -0.465863 -0.657306)
     H    4    Vyy=   -0.8331    axis=(  0.156157 -0.734000  0.660953)
     H    4    Vzz=    0.8562    axis=( -0.790376 -0.494182 -0.362063)
     H    4  Q=         1.0000 1e-30 m^2  Cq=         2.0118 MHz  eta= 0.94608

     C    5    Vxx=   -0.0227    axis=(  0.574884 -0.670748  0.468620)
     C    5    Vyy=   -0.4850    axis=( -0.755154 -0.214418  0.619489)
     C    5    Vzz=    0.5077    axis=(  0.315040  0.710015  0.629784)
     C    5  Q=         1.0000 1e-30 m^2  Cq=         1.1929 MHz  eta= 0.91046

     H    6    Vxx=   -0.0430    axis=(  0.963483 -0.034850 -0.265492)
     H    6    Vyy=   -0.8367    axis=( -0.225281  0.430435 -0.874056)
     H    6    Vzz=    0.8797    axis=(  0.144738  0.901949  0.406865)
     H    6  Q=         1.0000 1e-30 m^2  Cq=         2.0669 MHz  eta= 0.90215

     H    7    Vxx=   -0.0911    axis=(  0.996878 -0.019838  0.076419)
     H    7    Vyy=   -0.6318    axis=( -0.033367  0.771368  0.635513)
     H    7    Vzz=    0.7228    axis=( -0.071554 -0.636080  0.768299)
     H    7  Q=         1.0000 1e-30 m^2  Cq=         1.6984 MHz  eta= 0.74807

     C    8    Vxx=   -0.0609    axis=(  0.286847 -0.947671  0.140133)
     C    8    Vyy=   -0.5431    axis=( -0.035762 -0.156772 -0.986987)
     C    8    Vzz=    0.6040    axis=(  0.957309  0.278103 -0.078860)
     C    8  Q=         1.0000 1e-30 m^2  Cq=         1.4191 MHz  eta= 0.79840

     H    9    Vxx=   -0.1578    axis=( -0.382688 -0.615068  0.689377)
     H    9    Vyy=   -0.6854    axis=( -0.085136  0.766480  0.636600)
     H    9    Vzz=    0.8432    axis=(  0.919947 -0.184929  0.345687)
     H    9  Q=         1.0000 1e-30 m^2  Cq=         1.9811 MHz  eta= 0.62572

     C   10    Vxx=    0.0266    axis=(  0.950888  0.148067  0.271824)
     C   10    Vyy=    0.5638    axis=(  0.060413  0.772503 -0.632131)
     C   10    Vzz=   -0.5904    axis=( -0.303583  0.617507  0.725619)
     C   10  Q=         1.0000 1e-30 m^2  Cq=        -1.3873 MHz  eta= 0.90985

     C   11    Vxx=    0.1970    axis=( -0.251654  0.948084  0.194440)
     C   11    Vyy=    0.5166    axis=(  0.962264  0.266599 -0.054517)
     C   11    Vzz=   -0.7137    axis=(  0.103524 -0.173384  0.979398)
     C   11  Q=         1.0000 1e-30 m^2  Cq=        -1.6768 MHz  eta= 0.44786

     Cl  12    Vxx=   -0.3056    axis=(  0.805563  0.520094 -0.283849)
     Cl  12    Vyy=   -0.6290    axis=( -0.552498  0.486299 -0.676949)
     Cl  12    Vzz=    0.9346    axis=(  0.214042 -0.702151 -0.679095)
     Cl  12  Q=        -8.1650 1e-30 m^2  Cq=       -17.9307 MHz  eta= 0.34596

     H   13    Vxx=   -0.0010    axis=(  0.928785 -0.287181  0.234278)
     H   13    Vyy=   -0.3884    axis=(  0.318236  0.293969 -0.901281)
     H   13    Vzz=    0.3894    axis=(  0.189961  0.911652  0.364426)
     H   13  Q=         1.0000 1e-30 m^2  Cq=         0.9149 MHz  eta= 0.99502

     C   14    Vxx=    0.1391    axis=( -0.242856  0.399772 -0.883857)
     C   14    Vyy=    0.4394    axis=(  0.729892 -0.524848 -0.437942)
     C   14    Vzz=   -0.5785    axis=(  0.638967  0.751477  0.164328)
     C   14  Q=         1.0000 1e-30 m^2  Cq=        -1.3594 MHz  eta= 0.51905

     H   15    Vxx=   -0.0756    axis=(  0.139104  0.954775 -0.262784)
     H   15    Vyy=   -0.4909    axis=( -0.354967  0.295805  0.886847)
     H   15    Vzz=    0.5664    axis=(  0.924472 -0.030085  0.380061)
     H   15  Q=         1.0000 1e-30 m^2  Cq=         1.3309 MHz  eta= 0.73315

     C   16    Vxx=   -0.1221    axis=( -0.268780 -0.859487  0.434787)
     C   16    Vyy=   -0.5720    axis=( -0.926179  0.106672 -0.361683)
     C   16    Vzz=    0.6941    axis=( -0.264482  0.499903  0.824710)
     C   16  Q=         1.0000 1e-30 m^2  Cq=         1.6308 MHz  eta= 0.64820

     C   17    Vxx=    0.0440    axis=(  0.697060  0.172808 -0.695877)
     C   17    Vyy=    0.8311    axis=( -0.546216  0.756704 -0.359231)
     C   17    Vzz=   -0.8751    axis=(  0.464494  0.630505  0.621859)
     C   17  Q=         1.0000 1e-30 m^2  Cq=        -2.0561 MHz  eta= 0.89939

     Cl  18    Vxx=   -1.1166    axis=(  0.955772 -0.154204 -0.250440)
     Cl  18    Vyy=   -1.8507    axis=(  0.281039  0.227849  0.932256)
     Cl  18    Vzz=    2.9673    axis=( -0.086695 -0.961408  0.261109)
     Cl  18  Q=        -8.1650 1e-30 m^2  Cq=       -56.9268 MHz  eta= 0.24740

     H   19    Vxx=    0.0857    axis=(  0.542542 -0.745479 -0.387182)
     H   19    Vyy=    0.2352    axis=( -0.007352  0.456684 -0.889599)
     H   19    Vzz=   -0.3208    axis=(  0.839997  0.485491  0.242289)
     H   19  Q=         1.0000 1e-30 m^2  Cq=        -0.7539 MHz  eta= 0.46585

     C   20    Vxx=    0.1715    axis=(  0.569522 -0.491050 -0.659177)
     C   20    Vyy=    0.8431    axis=( -0.090624 -0.834565  0.543405)
     C   20    Vzz=   -1.0146    axis=(  0.816965  0.249744  0.519804)
     C   20  Q=         1.0000 1e-30 m^2  Cq=        -2.3838 MHz  eta= 0.66199

     H   21    Vxx=   -0.0556    axis=(  0.352952  0.889451  0.290347)
     H   21    Vyy=   -0.7307    axis=( -0.487028 -0.090312  0.868704)
     H   21    Vzz=    0.7863    axis=(  0.798892 -0.448018  0.401312)
     H   21  Q=         1.0000 1e-30 m^2  Cq=         1.8474 MHz  eta= 0.85860

     C   22    Vxx=   -0.1008    axis=(  0.228394 -0.321546  0.918937)
     C   22    Vyy=   -0.3436    axis=(  0.168637 -0.916551 -0.362624)
     C   22    Vzz=    0.4444    axis=( -0.958852 -0.237787  0.155110)
     C   22  Q=         1.0000 1e-30 m^2  Cq=         1.0442 MHz  eta= 0.54639

     C   23    Vxx=   -0.0552    axis=(  0.506891 -0.346288 -0.789396)
     C   23    Vyy=   -0.9828    axis=( -0.853477 -0.330148 -0.403212)
     C   23    Vzz=    1.0380    axis=( -0.120989  0.878116 -0.462898)
     C   23  Q=         1.0000 1e-30 m^2  Cq=         2.4390 MHz  eta= 0.89364

     Cl  24    Vxx=    0.2036    axis=( -0.761514 -0.140944 -0.632639)
     Cl  24    Vyy=    2.6953    axis=(  0.376143  0.698789 -0.608449)
     Cl  24    Vzz=   -2.8988    axis=(  0.527838 -0.701305 -0.479122)
     Cl  24  Q=        -8.1650 1e-30 m^2  Cq=        55.6124 MHz  eta= 0.85955

     Initialization:
     gipaw_setup  :      9.18s CPU     11.06s WALL (       1 calls)

     Linear response

     Apply operators

     Induced current

     Other routines
     efg          :      9.23s CPU     11.58s WALL (       1 calls)

     General routines
     calbec       :      3.24s CPU      4.33s WALL (      16 calls)
     fft          :      1.47s CPU      2.05s WALL (      15 calls)
     ffts         :      0.04s CPU      0.04s WALL (       2 calls)
     fftw         :      3.21s CPU      3.86s WALL (     672 calls)
     davcio       :      0.04s CPU      0.38s WALL (      32 calls)

     Parallel routines
     fft_scatter  :      2.01s CPU      3.10s WALL (     689 calls)

     Plugins

     GIPAW        :     61.45s CPU     73.48s WALL (       1 calls)
