
     Program QE v.6.0 (svn rev. 13079) starts on 14Jan2017 at 11:40:11 

     This program is part of the open-source Quantum ESPRESSO suite
     for quantum simulation of materials; please cite
         "P. Giannozzi et al., J. Phys.:Condens. Matter 21 395502 (2009);
          URL http://www.quantum-espresso.org", 
     in publications or presentations arising from this work. More details at
     http://www.quantum-espresso.org/quote

     Parallel version (MPI), running on     8 processors
     R & G space division:  proc/nbgrp/npool/nimage =       8

     ***** This is GIPAW svn revision unknown      *****

     Parallelizing q-star over 1 images

     Reading data from directory:
     /users/majewski/paradichlorobenzene/pbe/9_constraint/scratch/pbe.ecut100.np8.dt60.pcl2phi-129368.save
     Message from routine read_xml_file:
     file /users/majewski/paradichlorobenzene/pbe/9_constraint/scratch/pbe.ecut100.np8.dt60.pcl2phi-129368.save not guaranteed to be safe for post-processing

   Info: using nr1, nr2, nr3 values from input

   Info: using nr1, nr2, nr3 values from input

     IMPORTANT: XC functional enforced from input :
     Exchange-correlation      =  SLA  PW   PBX  PBC ( 1  4  3  4 0 0)
     Any further DFT definition will be discarded
     Please, verify this is what you really want

               file C.pbe-n-kjpaw_psl.1.0.0.UPF: wavefunction(s)  2S 2P renormalized
               file Cl.pbe-n-kjpaw_psl.1.0.0.UPF: wavefunction(s)  3S 3P renormalized
               file H.pbe-kjpaw_psl.1.0.0.UPF: wavefunction(s)  1S renormalized

     Parallelization info
     --------------------
     sticks:   dense  smooth     PW     G-vecs:    dense   smooth      PW
     Min        3057    1223    332               144436    36536    5170
     Max        3059    1225    333               144437    36537    5171
     Sum       24467    9791   2657              1155489   292295   41363


     Subspace diagonalization in iterative solution of the eigenvalue problem:
     a serial algorithm will be used

     GIPAW projectors -----------------------------------------------
     atom=  C    l=0  rc=    1.2000  rs=    0.8000
     atom=  C    l=0  rc=    1.2000  rs=    0.8000
     atom=  C    l=1  rc=    1.4000  rs=    0.9333
     atom=  C    l=1  rc=    1.4000  rs=    0.9333
     projs nearly linearly dependent: l=1  n1,n2= 1, 2  s=  0.99951561

     atom=  Cl   l=0  rc=    1.6000  rs=    1.0667
     atom=  Cl   l=0  rc=    1.6000  rs=    1.0667
     atom=  Cl   l=1  rc=    1.6000  rs=    1.0667
     atom=  Cl   l=1  rc=    1.6000  rs=    1.0667
     atom=  Cl   l=2  rc=    1.6000  rs=    1.0667
     atom=  Cl   l=2  rc=    1.6000  rs=    1.0667
     projs nearly linearly dependent: l=2  n1,n2= 1, 2  s=  0.99993509

     atom=  H    l=0  rc=    1.0000  rs=    0.6667
     atom=  H    l=0  rc=    1.0000  rs=    0.6667
     projs nearly linearly dependent: l=0  n1,n2= 1, 2  s=  0.99968852
     -----------------------------------------------------------------

     GIPAW integrals: -------------------------------------------
     Atom  i/j   nmr_para   nmr_dia   epr_rmc  epr_para   epr_dia
       C   1 1   0.83E+03  0.17E-01  0.93E+01  0.24E+08  0.24E+03
       C   2 1   0.86E+03 -0.61E-01  0.94E+01  0.25E+08  0.25E+03
       C   2 2   0.90E+03 -0.15E+00  0.97E+01  0.26E+08  0.26E+03
       C   3 3   0.33E+01  0.34E+00  0.18E+01  0.55E+03  0.21E+02
       C   4 3   0.35E+01  0.37E+00  0.20E+01  0.59E+03  0.22E+02
       C   4 4   0.38E+01  0.39E+00  0.22E+01  0.63E+03  0.24E+02
       Cl  1 1   0.14E+04 -0.47E+00  0.84E+01  0.32E+09  0.42E+03
       Cl  2 1   0.21E+04 -0.37E+00  0.12E+02  0.49E+09  0.65E+03
       Cl  2 2   0.33E+04 -0.16E+00  0.21E+02  0.76E+09  0.10E+04
       Cl  3 3   0.21E+02  0.79E-01  0.89E+01  0.23E+05  0.13E+03
       Cl  4 3   0.24E+02  0.67E-01  0.99E+01  0.27E+05  0.15E+03
       Cl  4 4   0.28E+02  0.44E-01  0.11E+02  0.32E+05  0.18E+03
       Cl  5 5   0.77E+00  0.19E+00  0.18E+01  0.12E+03  0.22E+02
       Cl  6 5   0.80E+00  0.19E+00  0.19E+01  0.12E+03  0.23E+02
       Cl  6 6   0.83E+00  0.20E+00  0.19E+01  0.12E+03  0.23E+02
       H   1 1   0.39E+02  0.19E+00  0.29E+00  0.78E+05  0.13E+02
       H   2 1   0.41E+02  0.21E+00  0.32E+00  0.82E+05  0.14E+02
       H   2 2   0.43E+02  0.22E+00  0.36E+00  0.86E+05  0.15E+02
     ------------------------------------------------------------

     alpha_pv=     34.0219 eV

     Number of occupied bands for each k-point:
     k-point:     1    nbnd_occ=  42
     k-point:     2    nbnd_occ=  42
     k-point:     3    nbnd_occ=  42
     k-point:     4    nbnd_occ=  42
     k-point:     5    nbnd_occ=  42
     k-point:     6    nbnd_occ=  42
     k-point:     7    nbnd_occ=  42
     k-point:     8    nbnd_occ=  42
     k-point:     9    nbnd_occ=  42
     k-point:    10    nbnd_occ=  42
     k-point:    11    nbnd_occ=  42
     k-point:    12    nbnd_occ=  42
     k-point:    13    nbnd_occ=  42
     k-point:    14    nbnd_occ=  42
     k-point:    15    nbnd_occ=  42
     k-point:    16    nbnd_occ=  42


     q-space interpolation up to   110.00 Rydberg

     GIPAW job: efg                                                                             


     ELECTRIC FIELD GRADIENTS TENSORS IN Hartree/bohrradius^2:

     ----- bare term -----
     Cl   1       -0.111387        0.031168       -0.076706
     Cl   1        0.031168       -0.085306       -0.069158
     Cl   1       -0.076706       -0.069158        0.196693

     C    2       -0.162652        0.083843       -0.445621
     C    2        0.083843       -0.171710       -0.519674
     C    2       -0.445621       -0.519674        0.334361

     C    3       -0.231466        0.365494       -0.297480
     C    3        0.365494       -0.225080       -0.434237
     C    3       -0.297480       -0.434237        0.456546

     H    4       -0.076398       -0.127537       -0.341843
     H    4       -0.127537        0.385841       -0.390379
     H    4       -0.341843       -0.390379       -0.309442

     C    5       -0.404898        0.170362       -0.387611
     C    5        0.170362       -0.019437       -0.390138
     C    5       -0.387611       -0.390138        0.424335

     H    6        0.274162        0.068848        0.032300
     H    6        0.068848       -0.410566       -0.519186
     H    6        0.032300       -0.519186        0.136404

     H    7        0.253747        0.036365        0.356858
     H    7        0.036365        0.015727        0.369336
     H    7        0.356858        0.369336       -0.269474

     C    8       -0.424137       -0.314062       -0.463777
     C    8       -0.314062        0.152669        0.384566
     C    8       -0.463777        0.384566        0.271468

     H    9       -0.347132        0.179918       -0.533686
     H    9        0.179918        0.326980        0.148411
     H    9       -0.533686        0.148411        0.020152

     C   10       -0.019693       -0.434762       -0.193387
     C   10       -0.434762       -0.195436        0.610681
     C   10       -0.193387        0.610681        0.215129

     C   11       -0.292167       -0.052746       -0.391587
     C   11       -0.052746       -0.005782        0.407148
     C   11       -0.391587        0.407148        0.297949

     Cl  12       -0.012917       -0.008176       -0.013443
     Cl  12       -0.008176       -0.002478        0.001783
     Cl  12       -0.013443        0.001783        0.015396

     H   13        0.372831       -0.146659       -0.051792
     H   13       -0.146659       -0.585965       -0.428750
     H   13       -0.051792       -0.428750        0.213134

     C   14       -0.322511        0.132036       -0.348136
     C   14        0.132036       -0.061293       -0.479334
     C   14       -0.348136       -0.479334        0.383804

     H   15       -0.199063       -0.195278       -0.522619
     H   15       -0.195278        0.363981       -0.248528
     H   15       -0.522619       -0.248528       -0.164917

     C   16       -0.266454        0.253644       -0.288607
     C   16        0.253644       -0.161319       -0.471603
     C   16       -0.288607       -0.471603        0.427773

     C   17       -0.143252        0.156403       -0.253102
     C   17        0.156403       -0.305359       -0.505146
     C   17       -0.253102       -0.505146        0.448611

     Cl  18       -0.063398        0.055491       -0.044812
     Cl  18        0.055491       -0.033025       -0.005058
     Cl  18       -0.044812       -0.005058        0.096423

     H   19        0.497433        0.035152       -0.129713
     H   19        0.035152       -0.004371        0.403655
     H   19       -0.129713        0.403655       -0.493062

     C   20       -0.296519       -0.300737       -0.173927
     C   20       -0.300737       -0.254361        0.429620
     C   20       -0.173927        0.429620        0.550880

     H   21       -0.039193        0.109720       -0.496635
     H   21        0.109720        0.435956        0.015204
     H   21       -0.496635        0.015204       -0.396764

     C   22       -0.216949       -0.197403       -0.259514
     C   22       -0.197403       -0.137566        0.602705
     C   22       -0.259514        0.602705        0.354515

     C   23       -0.112394       -0.026004       -0.368728
     C   23       -0.026004       -0.202750        0.518503
     C   23       -0.368728        0.518503        0.315144

     Cl  24       -0.032172       -0.044575       -0.074698
     Cl  24       -0.044575        0.010633        0.075894
     Cl  24       -0.074698        0.075894        0.021539

     ----- ionic term -----
     Cl   1        0.149792       -0.212397        0.034490
     Cl   1       -0.212397        0.000691       -0.013436
     Cl   1        0.034490       -0.013436       -0.150483

     C    2        0.187803       -0.165908        0.328296
     C    2       -0.165908        0.114438        0.372632
     C    2        0.328296        0.372632       -0.302241

     C    3        0.085099       -0.243375        0.251761
     C    3       -0.243375        0.215800        0.354450
     C    3        0.251761        0.354450       -0.300899

     H    4        0.354597        0.351595        0.739110
     H    4        0.351595       -0.360106        0.345100
     H    4        0.739110        0.345100        0.005509

     C    5        0.234815       -0.241627        0.329254
     C    5       -0.241627        0.063986        0.258740
     C    5        0.329254        0.258740       -0.298801

     H    6       -0.522250       -0.025104        0.006989
     H    6       -0.025104        0.613697        0.715639
     H    6        0.006989        0.715639       -0.091447

     H    7       -0.523266        0.076638       -0.022781
     H    7        0.076638        0.482881       -0.773893
     H    7       -0.022781       -0.773893        0.040386

     C    8        0.197093        0.272857        0.316663
     C    8        0.272857       -0.064763       -0.311874
     C    8        0.316663       -0.311874       -0.132330

     H    9        0.615381       -0.415546        0.608793
     H    9       -0.415546       -0.375818       -0.292516
     H    9        0.608793       -0.292516       -0.239563

     C   10        0.123825        0.241103        0.158513
     C   10        0.241103        0.078137       -0.441177
     C   10        0.158513       -0.441177       -0.201963

     C   11        0.169029        0.238552        0.285961
     C   11        0.238552       -0.017484       -0.429345
     C   11        0.285961       -0.429345       -0.151545

     Cl  12        0.145215        0.218615        0.014201
     Cl  12        0.218615       -0.005446        0.000281
     Cl  12        0.014201        0.000281       -0.139769

     H   13       -0.497779        0.133079        0.081806
     H   13        0.133079        0.638079        0.687050
     H   13        0.081806        0.687050       -0.140300

     C   14        0.222770       -0.119027        0.350490
     C   14       -0.119027        0.064424        0.288910
     C   14        0.350490        0.288910       -0.287194

     H   15        0.431346        0.307011        0.748077
     H   15        0.307011       -0.386779        0.292314
     H   15        0.748077        0.292314       -0.044567

     C   16        0.054478       -0.201653        0.250227
     C   16       -0.201653        0.259645        0.364521
     C   16        0.250227        0.364521       -0.314123

     C   17        0.115875       -0.194450        0.360185
     C   17       -0.194450        0.194095        0.327304
     C   17        0.360185        0.327304       -0.309970

     Cl  18        0.115005       -0.212382        0.073209
     Cl  18       -0.212382        0.029439       -0.042122
     Cl  18        0.073209       -0.042122       -0.144444

     H   19       -0.529080       -0.079319        0.073932
     H   19       -0.079319        0.460044       -0.787601
     H   19        0.073932       -0.787601        0.069036

     C   20        0.190123        0.208040        0.302153
     C   20        0.208040        0.006298       -0.312541
     C   20        0.302153       -0.312541       -0.196421

     H   21        0.465972       -0.310919        0.776879
     H   21       -0.310919       -0.450221       -0.305213
     H   21        0.776879       -0.305213       -0.015751

     C   22        0.014766        0.236066        0.218246
     C   22        0.236066        0.150534       -0.478030
     C   22        0.218246       -0.478030       -0.165300

     C   23        0.045808        0.229441        0.361714
     C   23        0.229441        0.041767       -0.464560
     C   23        0.361714       -0.464560       -0.087574

     Cl  24        0.095805        0.216186        0.014336
     Cl  24        0.216186        0.036807        0.003780
     Cl  24        0.014336        0.003780       -0.132612

     ----- GIPAW term -----
     Cl   1        0.393056       -1.956629       -0.569685
     Cl   1       -1.956629       -0.597041       -0.661611
     Cl   1       -0.569685       -0.661611        0.203985

     C    2        0.018638       -0.080181       -0.129082
     C    2       -0.080181       -0.036479       -0.140399
     C    2       -0.129082       -0.140399        0.017841

     C    3       -0.055290        0.059999       -0.119826
     C    3        0.059999       -0.059770       -0.073500
     C    3       -0.119826       -0.073500        0.115059

     H    4       -0.000000        0.000000        0.000000
     H    4        0.000000        0.000000        0.000000
     H    4        0.000000        0.000000        0.000000

     C    5       -0.044491        0.022254       -0.049293
     C    5        0.022254       -0.024850       -0.078254
     C    5       -0.049293       -0.078254        0.069341

     H    6       -0.000000        0.000000        0.000000
     H    6        0.000000        0.000000        0.000000
     H    6        0.000000        0.000000        0.000000

     H    7       -0.000000        0.000000        0.000000
     H    7        0.000000        0.000000        0.000000
     H    7        0.000000        0.000000        0.000000

     C    8       -0.056051       -0.154893       -0.160756
     C    8       -0.154893        0.039438        0.162176
     C    8       -0.160756        0.162176        0.016613

     H    9       -0.000000        0.000000        0.000000
     H    9        0.000000        0.000000        0.000000
     H    9        0.000000        0.000000        0.000000

     C   10       -0.042253       -0.169625       -0.091162
     C   10       -0.169625        0.068729        0.190463
     C   10       -0.091162        0.190463       -0.026476

     C   11        0.026174        0.094420       -0.041330
     C   11        0.094420        0.016934        0.024308
     C   11       -0.041330        0.024308       -0.043108

     Cl  12        1.401297        2.307188       -0.118482
     Cl  12        2.307188        0.090462        0.017161
     Cl  12       -0.118482        0.017161       -1.491759

     H   13       -0.000000        0.000000        0.000000
     H   13        0.000000        0.000000        0.000000
     H   13        0.000000        0.000000        0.000000

     C   14       -0.056548        0.005186       -0.048646
     C   14        0.005186        0.011501       -0.143099
     C   14       -0.048646       -0.143099        0.045047

     H   15       -0.000000        0.000000        0.000000
     H   15        0.000000        0.000000        0.000000
     H   15        0.000000        0.000000        0.000000

     C   16       -0.079728        0.025234       -0.062199
     C   16        0.025234       -0.014285       -0.078347
     C   16       -0.062199       -0.078347        0.094013

     C   17        0.007393       -0.102374       -0.005397
     C   17       -0.102374       -0.094312       -0.106774
     C   17       -0.005397       -0.106774        0.086920

     Cl  18       -0.746540       -1.253726       -0.479846
     Cl  18       -1.253726       -1.199908       -1.103683
     Cl  18       -0.479846       -1.103683        1.946448

     H   19       -0.000000        0.000000        0.000000
     H   19        0.000000        0.000000        0.000000
     H   19        0.000000        0.000000        0.000000

     C   20       -0.090687       -0.044678        0.011360
     C   20       -0.044678       -0.146397        0.112696
     C   20        0.011360        0.112696        0.237084

     H   21       -0.000000        0.000000        0.000000
     H   21        0.000000        0.000000        0.000000
     H   21        0.000000        0.000000        0.000000

     C   22       -0.147689       -0.021328       -0.069210
     C   22       -0.021328        0.016513        0.231241
     C   22       -0.069210        0.231241        0.131176

     C   23        0.053692        0.136082       -0.074611
     C   23        0.136082       -0.040448        0.076429
     C   23       -0.074611        0.076429       -0.013243

     Cl  24        1.121680        1.874334       -0.546582
     Cl  24        1.874334        0.245043        0.648463
     Cl  24       -0.546582        0.648463       -1.366723

     ----- total EFG -----
     Cl   1        0.431460       -2.137858       -0.611901
     Cl   1       -2.137858       -0.681655       -0.744204
     Cl   1       -0.611901       -0.744204        0.250195

     C    2        0.043789       -0.162246       -0.246407
     C    2       -0.162246       -0.093750       -0.287441
     C    2       -0.246407       -0.287441        0.049961

     C    3       -0.201657        0.182118       -0.165546
     C    3        0.182118       -0.069049       -0.153286
     C    3       -0.165546       -0.153286        0.270706

     H    4        0.278199        0.224058        0.397267
     H    4        0.224058        0.025734       -0.045279
     H    4        0.397267       -0.045279       -0.303933

     C    5       -0.214574       -0.049012       -0.107651
     C    5       -0.049012        0.019700       -0.209651
     C    5       -0.107651       -0.209651        0.194874

     H    6       -0.248087        0.043745        0.039289
     H    6        0.043745        0.203131        0.196453
     H    6        0.039289        0.196453        0.044957

     H    7       -0.269519        0.113003        0.334077
     H    7        0.113003        0.498607       -0.404557
     H    7        0.334077       -0.404557       -0.229089

     C    8       -0.283095       -0.196097       -0.307869
     C    8       -0.196097        0.127344        0.234867
     C    8       -0.307869        0.234867        0.155751

     H    9        0.268248       -0.235629        0.075107
     H    9       -0.235629       -0.048838       -0.144105
     H    9        0.075107       -0.144105       -0.219410

     C   10        0.061879       -0.363284       -0.126035
     C   10       -0.363284       -0.048569        0.359966
     C   10       -0.126035        0.359966       -0.013310

     C   11       -0.096964        0.280225       -0.146955
     C   11        0.280225       -0.006331        0.002111
     C   11       -0.146955        0.002111        0.103296

     Cl  12        1.533596        2.517627       -0.117724
     Cl  12        2.517627        0.082537        0.019224
     Cl  12       -0.117724        0.019224       -1.616133

     H   13       -0.124948       -0.013581        0.030014
     H   13       -0.013581        0.052114        0.258300
     H   13        0.030014        0.258300        0.072834

     C   14       -0.156288        0.018195       -0.046292
     C   14        0.018195        0.014632       -0.333523
     C   14       -0.046292       -0.333523        0.141656

     H   15        0.232283        0.111733        0.225457
     H   15        0.111733       -0.022799        0.043786
     H   15        0.225457        0.043786       -0.209484

     C   16       -0.291704        0.077225       -0.100579
     C   16        0.077225        0.084040       -0.185429
     C   16       -0.100579       -0.185429        0.207664

     C   17       -0.019984       -0.140421        0.101686
     C   17       -0.140421       -0.205576       -0.284617
     C   17        0.101686       -0.284617        0.225560

     Cl  18       -0.694933       -1.410617       -0.451448
     Cl  18       -1.410617       -1.203494       -1.150863
     Cl  18       -0.451448       -1.150863        1.898428

     H   19       -0.031646       -0.044167       -0.055781
     H   19       -0.044167        0.455672       -0.383946
     H   19       -0.055781       -0.383946       -0.424026

     C   20       -0.197083       -0.137376        0.139586
     C   20       -0.137376       -0.394460        0.229775
     C   20        0.139586        0.229775        0.591544

     H   21        0.426779       -0.201199        0.280244
     H   21       -0.201199       -0.014264       -0.290009
     H   21        0.280244       -0.290009       -0.412515

     C   22       -0.349872        0.017336       -0.110478
     C   22        0.017336        0.029482        0.355916
     C   22       -0.110478        0.355916        0.320390

     C   23       -0.012894        0.339518       -0.081625
     C   23        0.339518       -0.201432        0.130372
     C   23       -0.081625        0.130372        0.214326

     Cl  24        1.185312        2.045945       -0.606943
     Cl  24        2.045945        0.292483        0.728138
     Cl  24       -0.606943        0.728138       -1.477796

     ----- total EFG (symmetrized) -----
     Cl   1        0.431460       -2.137858       -0.611901
     Cl   1       -2.137858       -0.681655       -0.744204
     Cl   1       -0.611901       -0.744204        0.250195

     C    2        0.043789       -0.162246       -0.246407
     C    2       -0.162246       -0.093750       -0.287441
     C    2       -0.246407       -0.287441        0.049961

     C    3       -0.201657        0.182118       -0.165546
     C    3        0.182118       -0.069049       -0.153286
     C    3       -0.165546       -0.153286        0.270706

     H    4        0.278199        0.224058        0.397267
     H    4        0.224058        0.025734       -0.045279
     H    4        0.397267       -0.045279       -0.303933

     C    5       -0.214574       -0.049012       -0.107651
     C    5       -0.049012        0.019700       -0.209651
     C    5       -0.107651       -0.209651        0.194874

     H    6       -0.248087        0.043745        0.039289
     H    6        0.043745        0.203131        0.196453
     H    6        0.039289        0.196453        0.044957

     H    7       -0.269519        0.113003        0.334077
     H    7        0.113003        0.498607       -0.404557
     H    7        0.334077       -0.404557       -0.229089

     C    8       -0.283095       -0.196097       -0.307869
     C    8       -0.196097        0.127344        0.234867
     C    8       -0.307869        0.234867        0.155751

     H    9        0.268248       -0.235629        0.075107
     H    9       -0.235629       -0.048838       -0.144105
     H    9        0.075107       -0.144105       -0.219410

     C   10        0.061879       -0.363284       -0.126035
     C   10       -0.363284       -0.048569        0.359966
     C   10       -0.126035        0.359966       -0.013310

     C   11       -0.096964        0.280225       -0.146955
     C   11        0.280225       -0.006331        0.002111
     C   11       -0.146955        0.002111        0.103296

     Cl  12        1.533596        2.517627       -0.117724
     Cl  12        2.517627        0.082537        0.019224
     Cl  12       -0.117724        0.019224       -1.616133

     H   13       -0.124948       -0.013581        0.030014
     H   13       -0.013581        0.052114        0.258300
     H   13        0.030014        0.258300        0.072834

     C   14       -0.156288        0.018195       -0.046292
     C   14        0.018195        0.014632       -0.333523
     C   14       -0.046292       -0.333523        0.141656

     H   15        0.232283        0.111733        0.225457
     H   15        0.111733       -0.022799        0.043786
     H   15        0.225457        0.043786       -0.209484

     C   16       -0.291704        0.077225       -0.100579
     C   16        0.077225        0.084040       -0.185429
     C   16       -0.100579       -0.185429        0.207664

     C   17       -0.019984       -0.140421        0.101686
     C   17       -0.140421       -0.205576       -0.284617
     C   17        0.101686       -0.284617        0.225560

     Cl  18       -0.694933       -1.410617       -0.451448
     Cl  18       -1.410617       -1.203494       -1.150863
     Cl  18       -0.451448       -1.150863        1.898428

     H   19       -0.031646       -0.044167       -0.055781
     H   19       -0.044167        0.455672       -0.383946
     H   19       -0.055781       -0.383946       -0.424026

     C   20       -0.197083       -0.137376        0.139586
     C   20       -0.137376       -0.394460        0.229775
     C   20        0.139586        0.229775        0.591544

     H   21        0.426779       -0.201199        0.280244
     H   21       -0.201199       -0.014264       -0.290009
     H   21        0.280244       -0.290009       -0.412515

     C   22       -0.349872        0.017336       -0.110478
     C   22        0.017336        0.029482        0.355916
     C   22       -0.110478        0.355916        0.320390

     C   23       -0.012894        0.339518       -0.081625
     C   23        0.339518       -0.201432        0.130372
     C   23       -0.081625        0.130372        0.214326

     Cl  24        1.185312        2.045945       -0.606943
     Cl  24        2.045945        0.292483        0.728138
     Cl  24       -0.606943        0.728138       -1.477796


     NQR/NMR SPECTROSCOPIC PARAMETERS:
     Cl   1    Vxx=    0.5691    axis=( -0.178150 -0.260154  0.948990)
     Cl   1    Vyy=    2.0845    axis=( -0.793428  0.608403  0.017839)
     Cl   1    Vzz=   -2.6536    axis=( -0.582010 -0.749777 -0.314800)
     Cl   1  Q=        -8.1650 1e-30 m^2  Cq=        50.9083 MHz  eta= 0.57109

     C    2    Vxx=    0.1443    axis=(  0.727115 -0.670976  0.145239)
     C    2    Vyy=    0.3287    axis=( -0.487371 -0.355512  0.797547)
     C    2    Vzz=   -0.4730    axis=(  0.483501  0.650693  0.585513)
     C    2  Q=         1.0000 1e-30 m^2  Cq=        -1.1113 MHz  eta= 0.38984

     C    3    Vxx=   -0.0776    axis=(  0.404530  0.750531  0.522550)
     C    3    Vyy=   -0.3339    axis=( -0.845702  0.524470 -0.098591)
     C    3    Vzz=    0.4115    axis=( -0.348057 -0.402039  0.846889)
     C    3  Q=         1.0000 1e-30 m^2  Cq=         0.9669 MHz  eta= 0.62279

     H    4    Vxx=   -0.0013    axis=( -0.186196  0.906051 -0.380004)
     H    4    Vyy=   -0.5427    axis=(  0.476689 -0.254890 -0.841308)
     H    4    Vzz=    0.5441    axis=( -0.859127 -0.337791 -0.384445)
     H    4  Q=         1.0000 1e-30 m^2  Cq=         1.2783 MHz  eta= 0.99515

     C    5    Vxx=   -0.0590    axis=( -0.517092  0.754601  0.403971)
     C    5    Vyy=   -0.2828    axis=(  0.848036  0.387722  0.361257)
     C    5    Vzz=    0.3418    axis=( -0.115977 -0.529386  0.840417)
     C    5  Q=         1.0000 1e-30 m^2  Cq=         0.8031 MHz  eta= 0.65505

     H    6    Vxx=   -0.0873    axis=(  0.047790 -0.564509  0.824042)
     H    6    Vyy=   -0.2542    axis=(  0.994007 -0.054326 -0.094863)
     H    6    Vzz=    0.3416    axis=(  0.098317  0.823637  0.558530)
     H    6  Q=         1.0000 1e-30 m^2  Cq=         0.8026 MHz  eta= 0.48857

     H    7    Vxx=    0.0176    axis=( -0.771798 -0.293243 -0.564212)
     H    7    Vyy=    0.6801    axis=( -0.039116  0.907527 -0.418169)
     H    7    Vzz=   -0.6978    axis=( -0.634663  0.300672  0.711898)
     H    7  Q=         1.0000 1e-30 m^2  Cq=        -1.6395 MHz  eta= 0.94944

     C    8    Vxx=   -0.0840    axis=( -0.140451 -0.791420  0.594919)
     C    8    Vyy=   -0.4514    axis=( -0.903928 -0.142665 -0.403190)
     C    8    Vzz=    0.5354    axis=(  0.403966 -0.594392 -0.695348)
     C    8  Q=         1.0000 1e-30 m^2  Cq=         1.2579 MHz  eta= 0.68617

     H    9    Vxx=   -0.1142    axis=( -0.515469 -0.664043  0.541608)
     H    9    Vyy=   -0.3081    axis=( -0.125562 -0.566695 -0.814304)
     H    9    Vzz=    0.4223    axis=(  0.847659 -0.487754  0.208736)
     H    9  Q=         1.0000 1e-30 m^2  Cq=         0.9923 MHz  eta= 0.45913

     C   10    Vxx=   -0.1018    axis=(  0.707395  0.074892  0.702839)
     C   10    Vyy=   -0.4714    axis=( -0.407605 -0.769150  0.492205)
     C   10    Vzz=    0.5732    axis=( -0.577451  0.634664  0.513567)
     C   10  Q=         1.0000 1e-30 m^2  Cq=         1.3469 MHz  eta= 0.64481

     C   11    Vxx=    0.0776    axis=(  0.153135  0.532098  0.832719)
     C   11    Vyy=    0.2862    axis=( -0.628191 -0.598071  0.497682)
     C   11    Vzz=   -0.3639    axis=( -0.762841  0.599319 -0.242673)
     C   11  Q=         1.0000 1e-30 m^2  Cq=        -0.8549 MHz  eta= 0.57336

     Cl  12    Vxx=   -1.5848    axis=(  0.200864 -0.292515 -0.934927)
     Cl  12    Vyy=   -1.8447    axis=( -0.566666  0.743805 -0.354463)
     Cl  12    Vzz=    3.4295    axis=(  0.799089  0.600991 -0.016354)
     Cl  12  Q=        -8.1650 1e-30 m^2  Cq=       -65.7932 MHz  eta= 0.07577

     H   13    Vxx=   -0.1139    axis=( -0.936799  0.269845 -0.222691)
     H   13    Vyy=   -0.2074    axis=( -0.348784 -0.670231  0.655088)
     H   13    Vzz=    0.3213    axis=(  0.027518  0.691357  0.721989)
     H   13  Q=         1.0000 1e-30 m^2  Cq=         0.7550 MHz  eta= 0.29104

     C   14    Vxx=   -0.1579    axis=( -0.985736  0.165287  0.031703)
     C   14    Vyy=   -0.2637    axis=( -0.147209 -0.755467 -0.638435)
     C   14    Vzz=    0.4215    axis=( -0.081575 -0.633996  0.769022)
     C   14  Q=         1.0000 1e-30 m^2  Cq=         0.9904 MHz  eta= 0.25106

     H   15    Vxx=   -0.0600    axis=(  0.268546 -0.955091  0.125237)
     H   15    Vyy=   -0.3043    axis=(  0.389365 -0.011290 -0.921015)
     H   15    Vzz=    0.3642    axis=(  0.881067  0.296098  0.368847)
     H   15  Q=         1.0000 1e-30 m^2  Cq=         0.8558 MHz  eta= 0.67077

     C   16    Vxx=   -0.0496    axis=(  0.013553  0.808593  0.588212)
     C   16    Vyy=   -0.3162    axis=( -0.981824  0.122137 -0.145275)
     C   16    Vzz=    0.3657    axis=( -0.189311 -0.575552  0.795551)
     C   16  Q=         1.0000 1e-30 m^2  Cq=         0.8594 MHz  eta= 0.72902

     C   17    Vxx=   -0.0539    axis=( -0.909668  0.075944  0.408334)
     C   17    Vyy=   -0.3676    axis=(  0.246858  0.889503  0.384506)
     C   17    Vzz=    0.4215    axis=(  0.334013 -0.450573  0.827900)
     C   17  Q=         1.0000 1e-30 m^2  Cq=         0.9903 MHz  eta= 0.74421

     Cl  18    Vxx=    0.4068    axis=(  0.802296 -0.564863 -0.193004)
     Cl  18    Vyy=    2.2789    axis=(  0.005821 -0.315912  0.948771)
     Cl  18    Vzz=   -2.6857    axis=( -0.596898 -0.762318 -0.250167)
     Cl  18  Q=        -8.1650 1e-30 m^2  Cq=        51.5235 MHz  eta= 0.69704

     H   19    Vxx=   -0.0240    axis=(  0.991743 -0.010954 -0.127769)
     H   19    Vyy=   -0.5765    axis=( -0.123473 -0.350622 -0.928342)
     H   19    Vzz=    0.6004    axis=( -0.034629  0.936453 -0.349079)
     H   19  Q=         1.0000 1e-30 m^2  Cq=         1.4108 MHz  eta= 0.92015

     C   20    Vxx=   -0.1270    axis=(  0.881957 -0.470873 -0.020755)
     C   20    Vyy=   -0.5291    axis=(  0.453755  0.860160 -0.232877)
     C   20    Vzz=    0.6562    axis=(  0.127508  0.195970  0.972285)
     C   20  Q=         1.0000 1e-30 m^2  Cq=         1.5417 MHz  eta= 0.61283

     H   21    Vxx=   -0.0454    axis=(  0.505987  0.821544 -0.262759)
     H   21    Vyy=   -0.5920    axis=( -0.170640  0.393956  0.903150)
     H   21    Vzz=    0.6374    axis=(  0.845493 -0.412145  0.339525)
     H   21  Q=         1.0000 1e-30 m^2  Cq=         1.4976 MHz  eta= 0.85746

     C   22    Vxx=   -0.1777    axis=( -0.386190 -0.788882  0.478040)
     C   22    Vyy=   -0.3891    axis=( -0.918031  0.278220 -0.282510)
     C   22    Vzz=    0.5668    axis=( -0.089867  0.547959  0.831664)
     C   22  Q=         1.0000 1e-30 m^2  Cq=         1.3318 MHz  eta= 0.37298

     C   23    Vxx=    0.2327    axis=(  0.674662  0.329224 -0.660638)
     C   23    Vyy=    0.2600    axis=( -0.445855 -0.531528 -0.720202)
     C   23    Vzz=   -0.4927    axis=(  0.588255 -0.780442  0.211815)
     C   23  Q=         1.0000 1e-30 m^2  Cq=        -1.1577 MHz  eta= 0.05540

     Cl  24    Vxx=   -0.4668    axis=( -0.455027  0.570307  0.683886)
     Cl  24    Vyy=   -2.3663    axis=(  0.430704 -0.531234  0.729578)
     Cl  24    Vzz=    2.8330    axis=( -0.779387 -0.626531  0.003907)
     Cl  24  Q=        -8.1650 1e-30 m^2  Cq=       -54.3505 MHz  eta= 0.67049

     Initialization:
     gipaw_setup  :      9.10s CPU     11.08s WALL (       1 calls)

     Linear response

     Apply operators

     Induced current

     Other routines
     efg          :      8.95s CPU     11.47s WALL (       1 calls)

     General routines
     calbec       :      3.26s CPU      4.34s WALL (      16 calls)
     fft          :      1.46s CPU      2.03s WALL (      15 calls)
     ffts         :      0.04s CPU      0.05s WALL (       2 calls)
     fftw         :      3.00s CPU      3.77s WALL (     672 calls)
     davcio       :      0.02s CPU      0.33s WALL (      32 calls)

     Parallel routines
     fft_scatter  :      1.98s CPU      2.94s WALL (     689 calls)

     Plugins

     GIPAW        :     60.17s CPU     70.48s WALL (       1 calls)
