
     Program QE v.6.0 (svn rev. 13079) starts on  9Jan2017 at 18:59:33 

     This program is part of the open-source Quantum ESPRESSO suite
     for quantum simulation of materials; please cite
         "P. Giannozzi et al., J. Phys.:Condens. Matter 21 395502 (2009);
          URL http://www.quantum-espresso.org", 
     in publications or presentations arising from this work. More details at
     http://www.quantum-espresso.org/quote

     Parallel version (MPI), running on     8 processors
     R & G space division:  proc/nbgrp/npool/nimage =       8

     ***** This is GIPAW svn revision unknown      *****

     Parallelizing q-star over 1 images

     Reading data from directory:
     /users/majewski/paradichlorobenzene/pbe/9_constraint/scratch/pbe.ecut100.np8.dt60.pcl2phi-129368.save
     Message from routine read_xml_file:
     file /users/majewski/paradichlorobenzene/pbe/9_constraint/scratch/pbe.ecut100.np8.dt60.pcl2phi-129368.save not guaranteed to be safe for post-processing

   Info: using nr1, nr2, nr3 values from input

   Info: using nr1, nr2, nr3 values from input

     IMPORTANT: XC functional enforced from input :
     Exchange-correlation      =  SLA  PW   PBX  PBC ( 1  4  3  4 0 0)
     Any further DFT definition will be discarded
     Please, verify this is what you really want

               file C.pbe-n-kjpaw_psl.1.0.0.UPF: wavefunction(s)  2S 2P renormalized
               file Cl.pbe-n-kjpaw_psl.1.0.0.UPF: wavefunction(s)  3S 3P renormalized
               file H.pbe-kjpaw_psl.1.0.0.UPF: wavefunction(s)  1S renormalized

     Parallelization info
     --------------------
     sticks:   dense  smooth     PW     G-vecs:    dense   smooth      PW
     Min        3057    1223    332               144436    36536    5170
     Max        3059    1225    333               144437    36537    5171
     Sum       24467    9791   2657              1155489   292295   41363


     Subspace diagonalization in iterative solution of the eigenvalue problem:
     a serial algorithm will be used

     GIPAW projectors -----------------------------------------------
     atom=  C    l=0  rc=    1.2000  rs=    0.8000
     atom=  C    l=0  rc=    1.2000  rs=    0.8000
     atom=  C    l=1  rc=    1.4000  rs=    0.9333
     atom=  C    l=1  rc=    1.4000  rs=    0.9333
     projs nearly linearly dependent: l=1  n1,n2= 1, 2  s=  0.99951561

     atom=  Cl   l=0  rc=    1.6000  rs=    1.0667
     atom=  Cl   l=0  rc=    1.6000  rs=    1.0667
     atom=  Cl   l=1  rc=    1.6000  rs=    1.0667
     atom=  Cl   l=1  rc=    1.6000  rs=    1.0667
     atom=  Cl   l=2  rc=    1.6000  rs=    1.0667
     atom=  Cl   l=2  rc=    1.6000  rs=    1.0667
     projs nearly linearly dependent: l=2  n1,n2= 1, 2  s=  0.99993509

     atom=  H    l=0  rc=    1.0000  rs=    0.6667
     atom=  H    l=0  rc=    1.0000  rs=    0.6667
     projs nearly linearly dependent: l=0  n1,n2= 1, 2  s=  0.99968852
     -----------------------------------------------------------------

     GIPAW integrals: -------------------------------------------
     Atom  i/j   nmr_para   nmr_dia   epr_rmc  epr_para   epr_dia
       C   1 1   0.83E+03  0.17E-01  0.93E+01  0.24E+08  0.24E+03
       C   2 1   0.86E+03 -0.61E-01  0.94E+01  0.25E+08  0.25E+03
       C   2 2   0.90E+03 -0.15E+00  0.97E+01  0.26E+08  0.26E+03
       C   3 3   0.33E+01  0.34E+00  0.18E+01  0.55E+03  0.21E+02
       C   4 3   0.35E+01  0.37E+00  0.20E+01  0.59E+03  0.22E+02
       C   4 4   0.38E+01  0.39E+00  0.22E+01  0.63E+03  0.24E+02
       Cl  1 1   0.14E+04 -0.47E+00  0.84E+01  0.32E+09  0.42E+03
       Cl  2 1   0.21E+04 -0.37E+00  0.12E+02  0.49E+09  0.65E+03
       Cl  2 2   0.33E+04 -0.16E+00  0.21E+02  0.76E+09  0.10E+04
       Cl  3 3   0.21E+02  0.79E-01  0.89E+01  0.23E+05  0.13E+03
       Cl  4 3   0.24E+02  0.67E-01  0.99E+01  0.27E+05  0.15E+03
       Cl  4 4   0.28E+02  0.44E-01  0.11E+02  0.32E+05  0.18E+03
       Cl  5 5   0.77E+00  0.19E+00  0.18E+01  0.12E+03  0.22E+02
       Cl  6 5   0.80E+00  0.19E+00  0.19E+01  0.12E+03  0.23E+02
       Cl  6 6   0.83E+00  0.20E+00  0.19E+01  0.12E+03  0.23E+02
       H   1 1   0.39E+02  0.19E+00  0.29E+00  0.78E+05  0.13E+02
       H   2 1   0.41E+02  0.21E+00  0.32E+00  0.82E+05  0.14E+02
       H   2 2   0.43E+02  0.22E+00  0.36E+00  0.86E+05  0.15E+02
     ------------------------------------------------------------

     alpha_pv=     34.0866 eV

     Number of occupied bands for each k-point:
     k-point:     1    nbnd_occ=  42
     k-point:     2    nbnd_occ=  42
     k-point:     3    nbnd_occ=  42
     k-point:     4    nbnd_occ=  42
     k-point:     5    nbnd_occ=  42
     k-point:     6    nbnd_occ=  42
     k-point:     7    nbnd_occ=  42
     k-point:     8    nbnd_occ=  42
     k-point:     9    nbnd_occ=  42
     k-point:    10    nbnd_occ=  42
     k-point:    11    nbnd_occ=  42
     k-point:    12    nbnd_occ=  42
     k-point:    13    nbnd_occ=  42
     k-point:    14    nbnd_occ=  42
     k-point:    15    nbnd_occ=  42
     k-point:    16    nbnd_occ=  42


     q-space interpolation up to   110.00 Rydberg

     GIPAW job: efg                                                                             


     ELECTRIC FIELD GRADIENTS TENSORS IN Hartree/bohrradius^2:

     ----- bare term -----
     Cl   1       -0.031542        0.125352        0.084749
     Cl   1        0.125352       -0.051326        0.049188
     Cl   1        0.084749        0.049188        0.082868

     C    2       -0.301656       -0.053131       -0.327326
     C    2       -0.053131       -0.072826       -0.616143
     C    2       -0.327326       -0.616143        0.374483

     C    3       -0.080282        0.138818       -0.411037
     C    3        0.138818       -0.294136       -0.493423
     C    3       -0.411037       -0.493423        0.374419

     H    4       -0.692754       -0.057717       -0.176901
     H    4       -0.057717        0.386099       -0.193279
     H    4       -0.176901       -0.193279        0.306655

     C    5        0.058957        0.538765       -0.105996
     C    5        0.538765       -0.374749       -0.368496
     C    5       -0.105996       -0.368496        0.315792

     H    6       -0.019133       -0.419822       -0.200847
     H    6       -0.419822       -0.283619       -0.403651
     H    6       -0.200847       -0.403651        0.302753

     H    7        0.453690        0.058156        0.233686
     H    7        0.058156        0.004087        0.258732
     H    7        0.233686        0.258732       -0.457777

     C    8       -0.514807       -0.313346       -0.239924
     C    8       -0.313346        0.271862        0.269921
     C    8       -0.239924        0.269921        0.242945

     H    9        0.154965        0.059476       -0.334004
     H    9        0.059476        0.356749       -0.184767
     H    9       -0.334004       -0.184767       -0.511714

     C   10        0.052586       -0.146331       -0.122678
     C   10       -0.146331       -0.086898        0.389283
     C   10       -0.122678        0.389283        0.034312

     C   11       -0.388147       -0.250919       -0.324823
     C   11       -0.250919        0.039482        0.446262
     C   11       -0.324823        0.446262        0.348665

     Cl  12       -0.030668        0.083268       -0.032927
     Cl  12        0.083268        0.059495        0.107532
     Cl  12       -0.032927        0.107532       -0.028827

     H   13        0.413569        0.007190       -0.319457
     H   13        0.007190        0.015746       -0.303637
     H   13       -0.319457       -0.303637       -0.429315

     C   14       -0.385774        0.316863       -0.063160
     C   14        0.316863       -0.019253       -0.414740
     C   14       -0.063160       -0.414740        0.405027

     H   15        0.015698        0.092814       -0.501693
     H   15        0.092814       -0.011944        0.208757
     H   15       -0.501693        0.208757       -0.003755

     C   16        0.069480        0.270002       -0.113750
     C   16        0.270002       -0.078580       -0.604778
     C   16       -0.113750       -0.604778        0.009100

     C   17       -0.344141        0.318557       -0.486322
     C   17        0.318557        0.246897       -0.192030
     C   17       -0.486322       -0.192030        0.097243

     Cl  18       -0.065864        0.133829        0.081123
     Cl  18        0.133829       -0.006843        0.104837
     Cl  18        0.081123        0.104837        0.072707

     H   19        0.066565       -0.211247        0.330586
     H   19       -0.211247       -0.057412        0.499637
     H   19        0.330586        0.499637       -0.009153

     C   20       -0.034697        0.224829       -0.557174
     C   20        0.224829       -0.150815        0.415928
     C   20       -0.557174        0.415928        0.185512

     H   21        0.127936        0.055234       -0.173671
     H   21        0.055234        0.456615        0.118264
     H   21       -0.173671        0.118264       -0.584551

     C   22       -0.278723       -0.381963       -0.373941
     C   22       -0.381963       -0.148598        0.134664
     C   22       -0.373941        0.134664        0.427321

     C   23        0.008887        0.212786       -0.456238
     C   23        0.212786       -0.334116        0.447374
     C   23       -0.456238        0.447374        0.325229

     Cl  24       -0.172307       -0.192989       -0.163114
     Cl  24       -0.192989       -0.132963       -0.019280
     Cl  24       -0.163114       -0.019280        0.305270

     ----- ionic term -----
     Cl   1        0.068646       -0.206749        0.012814
     Cl   1       -0.206749        0.084880       -0.003182
     Cl   1        0.012814       -0.003182       -0.153526

     C    2        0.095510       -0.164935        0.313593
     C    2       -0.164935        0.190920        0.383364
     C    2        0.313593        0.383364       -0.286430

     C    3        0.102167       -0.227441        0.194291
     C    3       -0.227441        0.221858        0.416024
     C    3        0.194291        0.416024       -0.324026

     H    4        0.629594        0.154685        0.709156
     H    4        0.154685       -0.501751        0.170999
     H    4        0.709156        0.170999       -0.127843

     C    5        0.277405       -0.193269        0.230380
     C    5       -0.193269        0.047000        0.330325
     C    5        0.230380        0.330325       -0.324405

     H    6       -0.503783        0.158400        0.100580
     H    6        0.158400        0.506523        0.760041
     H    6        0.100580        0.760041       -0.002740

     H    7       -0.542037        0.040806       -0.002149
     H    7        0.040806        0.555158       -0.749893
     H    7       -0.002149       -0.749893       -0.013120

     C    8        0.091397        0.311708        0.286317
     C    8        0.311708       -0.012148       -0.251988
     C    8        0.286317       -0.251988       -0.079249

     H    9        0.313190       -0.230624        0.775688
     H    9       -0.230624       -0.466377       -0.276698
     H    9        0.775688       -0.276698        0.153187

     C   10        0.042993        0.308083        0.205299
     C   10        0.308083        0.035944       -0.398426
     C   10        0.205299       -0.398426       -0.078936

     C   11        0.085493        0.254799        0.329060
     C   11        0.254799       -0.057546       -0.441832
     C   11        0.329060       -0.441832       -0.027947

     Cl  12        0.151384        0.226076        0.021251
     Cl  12        0.226076       -0.016590        0.006151
     Cl  12        0.021251        0.006151       -0.134795

     H   13       -0.510806        0.215679        0.165253
     H   13        0.215679        0.564805        0.750143
     H   13        0.165253        0.750143       -0.053999

     C   14        0.161048       -0.187981        0.251014
     C   14       -0.187981        0.091944        0.325554
     C   14        0.251014        0.325554       -0.252992

     H   15        0.592938        0.140890        0.740280
     H   15        0.140890       -0.499559        0.175776
     H   15        0.740280        0.175776       -0.093379

     C   16        0.071944       -0.243229        0.183443
     C   16       -0.243229        0.153672        0.422007
     C   16        0.183443        0.422007       -0.225616

     C   17        0.248160       -0.150481        0.224767
     C   17       -0.150481        0.006619        0.430364
     C   17        0.224767        0.430364       -0.254780

     Cl  18        0.119584       -0.203543       -0.039291
     Cl  18       -0.203543       -0.002827        0.035449
     Cl  18       -0.039291        0.035449       -0.116757

     H   19       -0.521529        0.079118       -0.032532
     H   19        0.079118        0.548021       -0.751487
     H   19       -0.032532       -0.751487       -0.026492

     C   20        0.140135        0.223377        0.359905
     C   20        0.223377       -0.034155       -0.288465
     C   20        0.359905       -0.288465       -0.105980

     H   21        0.116744       -0.156742        0.777673
     H   21       -0.156742       -0.496739       -0.251384
     H   21        0.777673       -0.251384        0.379995

     C   22       -0.036102        0.272349        0.238280
     C   22        0.272349        0.099929       -0.396845
     C   22        0.238280       -0.396845       -0.063826

     C   23       -0.025443        0.306293        0.294601
     C   23        0.306293        0.072897       -0.393549
     C   23        0.294601       -0.393549       -0.047454

     Cl  24        0.116845        0.215003        0.040586
     Cl  24        0.215003        0.021035        0.015915
     Cl  24        0.040586        0.015915       -0.137880

     ----- GIPAW term -----
     Cl   1        1.314408       -1.461702        0.689656
     Cl   1       -1.461702       -0.287929        0.415122
     Cl   1        0.689656        0.415122       -1.026480

     C    2       -0.067046       -0.119681       -0.064736
     C    2       -0.119681       -0.035939       -0.195939
     C    2       -0.064736       -0.195939        0.102985

     C    3        0.018119        0.049496       -0.236312
     C    3        0.049496       -0.114401       -0.116382
     C    3       -0.236312       -0.116382        0.096282

     H    4       -0.000000        0.000000        0.000000
     H    4        0.000000        0.000000        0.000000
     H    4        0.000000        0.000000        0.000000

     C    5        0.178925        0.236437       -0.038147
     C    5        0.236437       -0.093749       -0.088613
     C    5       -0.038147       -0.088613       -0.085176

     H    6       -0.000000        0.000000        0.000000
     H    6        0.000000        0.000000        0.000000
     H    6        0.000000        0.000000        0.000000

     H    7       -0.000000        0.000000        0.000000
     H    7        0.000000        0.000000        0.000000
     H    7        0.000000        0.000000        0.000000

     C    8       -0.142919       -0.085683       -0.058322
     C    8       -0.085683        0.121238        0.163820
     C    8       -0.058322        0.163820        0.021681

     H    9       -0.000000        0.000000        0.000000
     H    9        0.000000        0.000000        0.000000
     H    9        0.000000        0.000000        0.000000

     C   10       -0.067744       -0.029390       -0.038583
     C   10       -0.029390        0.051550        0.138996
     C   10       -0.038583        0.138996        0.016193

     C   11       -0.075245        0.084766       -0.042796
     C   11        0.084766        0.128933        0.150455
     C   11       -0.042796        0.150455       -0.053689

     Cl  12        0.849126        2.595849       -0.113139
     Cl  12        2.595849        0.693750        1.013160
     Cl  12       -0.113139        1.013160       -1.542876

     H   13       -0.000000        0.000000        0.000000
     H   13        0.000000        0.000000        0.000000
     H   13        0.000000        0.000000        0.000000

     C   14       -0.147594        0.019197        0.032557
     C   14        0.019197       -0.023916       -0.213899
     C   14        0.032557       -0.213899        0.171511

     H   15       -0.000000        0.000000        0.000000
     H   15        0.000000        0.000000        0.000000
     H   15        0.000000        0.000000        0.000000

     C   16       -0.084409        0.095999       -0.029064
     C   16        0.095999        0.194537       -0.149654
     C   16       -0.029064       -0.149654       -0.110128

     C   17        0.034604        0.167689       -0.045969
     C   17        0.167689        0.153354        0.013690
     C   17       -0.045969        0.013690       -0.187958

     Cl  18        0.366842       -0.149336        1.402377
     Cl  18       -0.149336        0.123025        1.834071
     Cl  18        1.402377        1.834071       -0.489867

     H   19       -0.000000        0.000000        0.000000
     H   19        0.000000        0.000000        0.000000
     H   19        0.000000        0.000000        0.000000

     C   20        0.128447        0.160119       -0.224335
     C   20        0.160119       -0.123044        0.006269
     C   20       -0.224335        0.006269       -0.005402

     H   21       -0.000000        0.000000        0.000000
     H   21        0.000000        0.000000        0.000000
     H   21        0.000000        0.000000        0.000000

     C   22       -0.056429       -0.020897       -0.214858
     C   22       -0.020897       -0.120350       -0.028209
     C   22       -0.214858       -0.028209        0.176780

     C   23        0.004255        0.203219       -0.157405
     C   23        0.203219       -0.074217       -0.073381
     C   23       -0.157405       -0.073381        0.069962

     Cl  24        0.176894        1.300633       -1.725059
     Cl  24        1.300633       -1.227353       -0.230275
     Cl  24       -1.725059       -0.230275        1.050458

     ----- total EFG -----
     Cl   1        1.351512       -1.543099        0.787219
     Cl   1       -1.543099       -0.254374        0.461128
     Cl   1        0.787219        0.461128       -1.097138

     C    2       -0.273192       -0.337747       -0.078469
     C    2       -0.337747        0.082155       -0.428718
     C    2       -0.078469       -0.428718        0.191038

     C    3        0.040004       -0.039127       -0.453059
     C    3       -0.039127       -0.186679       -0.193781
     C    3       -0.453059       -0.193781        0.146675

     H    4       -0.063160        0.096968        0.532255
     H    4        0.096968       -0.115652       -0.022280
     H    4        0.532255       -0.022280        0.178811

     C    5        0.515287        0.581933        0.086237
     C    5        0.581933       -0.421498       -0.126783
     C    5        0.086237       -0.126783       -0.093789

     H    6       -0.522916       -0.261423       -0.100267
     H    6       -0.261423        0.222903        0.356390
     H    6       -0.100267        0.356390        0.300013

     H    7       -0.088348        0.098962        0.231537
     H    7        0.098962        0.559245       -0.491160
     H    7        0.231537       -0.491160       -0.470897

     C    8       -0.566328       -0.087321       -0.011929
     C    8       -0.087321        0.380952        0.181754
     C    8       -0.011929        0.181754        0.185376

     H    9        0.468155       -0.171148        0.441684
     H    9       -0.171148       -0.109628       -0.461466
     H    9        0.441684       -0.461466       -0.358527

     C   10        0.027835        0.132362        0.044038
     C   10        0.132362        0.000596        0.129853
     C   10        0.044038        0.129853       -0.028431

     C   11       -0.377898        0.088646       -0.038560
     C   11        0.088646        0.110869        0.154885
     C   11       -0.038560        0.154885        0.267029

     Cl  12        0.969842        2.905193       -0.124815
     Cl  12        2.905193        0.736655        1.126843
     Cl  12       -0.124815        1.126843       -1.706497

     H   13       -0.097237        0.222869       -0.154204
     H   13        0.222869        0.580551        0.446506
     H   13       -0.154204        0.446506       -0.483314

     C   14       -0.372320        0.148079        0.220411
     C   14        0.148079        0.048775       -0.303084
     C   14        0.220411       -0.303084        0.323546

     H   15        0.608636        0.233704        0.238587
     H   15        0.233704       -0.511503        0.384532
     H   15        0.238587        0.384532       -0.097133

     C   16        0.057015        0.122771        0.040629
     C   16        0.122771        0.269629       -0.332425
     C   16        0.040629       -0.332425       -0.326645

     C   17       -0.061376        0.335766       -0.307524
     C   17        0.335766        0.406871        0.252023
     C   17       -0.307524        0.252023       -0.345495

     Cl  18        0.420563       -0.219050        1.444209
     Cl  18       -0.219050        0.113355        1.974357
     Cl  18        1.444209        1.974357       -0.533917

     H   19       -0.454964       -0.132129        0.298054
     H   19       -0.132129        0.490609       -0.251850
     H   19        0.298054       -0.251850       -0.035645

     C   20        0.233885        0.608325       -0.421605
     C   20        0.608325       -0.308014        0.133731
     C   20       -0.421605        0.133731        0.074129

     H   21        0.244680       -0.101508        0.604002
     H   21       -0.101508       -0.040124       -0.133121
     H   21        0.604002       -0.133121       -0.204557

     C   22       -0.371254       -0.130511       -0.350519
     C   22       -0.130511       -0.169020       -0.290390
     C   22       -0.350519       -0.290390        0.540274

     C   23       -0.012301        0.722298       -0.319042
     C   23        0.722298       -0.335435       -0.019556
     C   23       -0.319042       -0.019556        0.347736

     Cl  24        0.121432        1.322648       -1.847587
     Cl  24        1.322648       -1.339281       -0.233640
     Cl  24       -1.847587       -0.233640        1.217848

     ----- total EFG (symmetrized) -----
     Cl   1        1.351512       -1.543099        0.787219
     Cl   1       -1.543099       -0.254374        0.461128
     Cl   1        0.787219        0.461128       -1.097138

     C    2       -0.273192       -0.337747       -0.078469
     C    2       -0.337747        0.082155       -0.428718
     C    2       -0.078469       -0.428718        0.191038

     C    3        0.040004       -0.039127       -0.453059
     C    3       -0.039127       -0.186679       -0.193781
     C    3       -0.453059       -0.193781        0.146675

     H    4       -0.063160        0.096968        0.532255
     H    4        0.096968       -0.115652       -0.022280
     H    4        0.532255       -0.022280        0.178811

     C    5        0.515287        0.581933        0.086237
     C    5        0.581933       -0.421498       -0.126783
     C    5        0.086237       -0.126783       -0.093789

     H    6       -0.522916       -0.261423       -0.100267
     H    6       -0.261423        0.222903        0.356390
     H    6       -0.100267        0.356390        0.300013

     H    7       -0.088348        0.098962        0.231537
     H    7        0.098962        0.559245       -0.491160
     H    7        0.231537       -0.491160       -0.470897

     C    8       -0.566328       -0.087321       -0.011929
     C    8       -0.087321        0.380952        0.181754
     C    8       -0.011929        0.181754        0.185376

     H    9        0.468155       -0.171148        0.441684
     H    9       -0.171148       -0.109628       -0.461466
     H    9        0.441684       -0.461466       -0.358527

     C   10        0.027835        0.132362        0.044038
     C   10        0.132362        0.000596        0.129853
     C   10        0.044038        0.129853       -0.028431

     C   11       -0.377898        0.088646       -0.038560
     C   11        0.088646        0.110869        0.154885
     C   11       -0.038560        0.154885        0.267029

     Cl  12        0.969842        2.905193       -0.124815
     Cl  12        2.905193        0.736655        1.126843
     Cl  12       -0.124815        1.126843       -1.706497

     H   13       -0.097237        0.222869       -0.154204
     H   13        0.222869        0.580551        0.446506
     H   13       -0.154204        0.446506       -0.483314

     C   14       -0.372320        0.148079        0.220411
     C   14        0.148079        0.048775       -0.303084
     C   14        0.220411       -0.303084        0.323546

     H   15        0.608636        0.233704        0.238587
     H   15        0.233704       -0.511503        0.384532
     H   15        0.238587        0.384532       -0.097133

     C   16        0.057015        0.122771        0.040629
     C   16        0.122771        0.269629       -0.332425
     C   16        0.040629       -0.332425       -0.326645

     C   17       -0.061376        0.335766       -0.307524
     C   17        0.335766        0.406871        0.252023
     C   17       -0.307524        0.252023       -0.345495

     Cl  18        0.420563       -0.219050        1.444209
     Cl  18       -0.219050        0.113355        1.974357
     Cl  18        1.444209        1.974357       -0.533917

     H   19       -0.454964       -0.132129        0.298054
     H   19       -0.132129        0.490609       -0.251850
     H   19        0.298054       -0.251850       -0.035645

     C   20        0.233885        0.608325       -0.421605
     C   20        0.608325       -0.308014        0.133731
     C   20       -0.421605        0.133731        0.074129

     H   21        0.244680       -0.101508        0.604002
     H   21       -0.101508       -0.040124       -0.133121
     H   21        0.604002       -0.133121       -0.204557

     C   22       -0.371254       -0.130511       -0.350519
     C   22       -0.130511       -0.169020       -0.290390
     C   22       -0.350519       -0.290390        0.540274

     C   23       -0.012301        0.722298       -0.319042
     C   23        0.722298       -0.335435       -0.019556
     C   23       -0.319042       -0.019556        0.347736

     Cl  24        0.121432        1.322648       -1.847587
     Cl  24        1.322648       -1.339281       -0.233640
     Cl  24       -1.847587       -0.233640        1.217848


     NQR/NMR SPECTROSCOPIC PARAMETERS:
     Cl   1    Vxx=   -0.3766    axis=( -0.263360 -0.655851 -0.707461)
     Cl   1    Vyy=   -1.9692    axis=(  0.432043  0.575507 -0.694356)
     Cl   1    Vzz=    2.3458    axis=( -0.862543  0.488519 -0.131790)
     Cl   1  Q=        -8.1650 1e-30 m^2  Cq=       -45.0022 MHz  eta= 0.67891

     C    2    Vxx=   -0.0025    axis=( -0.679170  0.401627  0.614348)
     C    2    Vyy=   -0.6012    axis=(  0.704057  0.593042  0.390647)
     C    2    Vzz=    0.6037    axis=(  0.207440 -0.697852  0.685544)
     C    2  Q=         1.0000 1e-30 m^2  Cq=         1.4185 MHz  eta= 0.99176

     C    3    Vxx=   -0.1095    axis=(  0.491428 -0.838715  0.234641)
     C    3    Vyy=   -0.4594    axis=(  0.595835  0.520275  0.611796)
     C    3    Vzz=    0.5689    axis=( -0.635200 -0.160846  0.755413)
     C    3  Q=         1.0000 1e-30 m^2  Cq=         1.3367 MHz  eta= 0.61490

     H    4    Vxx=   -0.0977    axis=(  0.137429  0.972862 -0.186155)
     H    4    Vyy=   -0.5086    axis=( -0.767166  0.223426  0.601280)
     H    4    Vzz=    0.6063    axis=(  0.626554  0.060178  0.777051)
     H    4  Q=         1.0000 1e-30 m^2  Cq=         1.4245 MHz  eta= 0.67772

     C    5    Vxx=   -0.0586    axis=(  0.075570 -0.218694  0.972863)
     C    5    Vyy=   -0.7359    axis=( -0.423401  0.876293  0.229874)
     C    5    Vzz=    0.7945    axis=( -0.902785 -0.429283 -0.026374)
     C    5  Q=         1.0000 1e-30 m^2  Cq=         1.8668 MHz  eta= 0.85251

     H    6    Vxx=   -0.0672    axis=(  0.226691 -0.667274  0.709476)
     H    6    Vyy=   -0.6056    axis=( -0.951617 -0.306900  0.015415)
     H    6    Vzz=    0.6728    axis=(  0.207452 -0.678644 -0.704561)
     H    6  Q=         1.0000 1e-30 m^2  Cq=         1.5809 MHz  eta= 0.80020

     H    7    Vxx=    0.0057    axis=(  0.936644  0.123426  0.327816)
     H    7    Vyy=    0.7559    axis=(  0.007270  0.928813 -0.370478)
     H    7    Vzz=   -0.7617    axis=( -0.350206  0.349389  0.869070)
     H    7  Q=         1.0000 1e-30 m^2  Cq=        -1.7896 MHz  eta= 0.98496

     C    8    Vxx=    0.0786    axis=(  0.052202 -0.503364  0.862496)
     C    8    Vyy=    0.4958    axis=( -0.076319  0.859137  0.506023)
     C    8    Vzz=   -0.5743    axis=( -0.995716 -0.092240  0.006433)
     C    8  Q=         1.0000 1e-30 m^2  Cq=        -1.3495 MHz  eta= 0.72636

     H    9    Vxx=   -0.0331    axis=(  0.553421  0.763867 -0.332011)
     H    9    Vyy=   -0.7686    axis=( -0.222631  0.519782  0.824780)
     H    9    Vzz=    0.8016    axis=(  0.802596 -0.382535  0.457719)
     H    9  Q=         1.0000 1e-30 m^2  Cq=         1.8835 MHz  eta= 0.91754

     C   10    Vxx=   -0.0438    axis=(  0.718281 -0.163651 -0.676233)
     C   10    Vyy=   -0.1670    axis=( -0.369604  0.733707 -0.570146)
     C   10    Vzz=    0.2108    axis=( -0.589462 -0.659464 -0.466521)
     C   10  Q=         1.0000 1e-30 m^2  Cq=         0.4952 MHz  eta= 0.58455

     C   11    Vxx=    0.0375    axis=(  0.224193  0.824862 -0.518980)
     C   11    Vyy=    0.3627    axis=(  0.019104  0.528714  0.848585)
     C   11    Vzz=   -0.4002    axis=( -0.974357  0.200162 -0.102776)
     C   11  Q=         1.0000 1e-30 m^2  Cq=        -0.9403 MHz  eta= 0.81251

     Cl  12    Vxx=   -1.0226    axis=( -0.530531  0.396057  0.749450)
     Cl  12    Vyy=   -2.8262    axis=(  0.475282 -0.593097  0.649879)
     Cl  12    Vzz=    3.8488    axis=(  0.701885  0.700982  0.126418)
     Cl  12  Q=        -8.1650 1e-30 m^2  Cq=       -73.8375 MHz  eta= 0.46859

     H   13    Vxx=   -0.0467    axis=(  0.922309 -0.055459 -0.382453)
     H   13    Vyy=   -0.7258    axis=( -0.339688  0.355567 -0.870738)
     H   13    Vzz=    0.7725    axis=(  0.184278  0.933004  0.309104)
     H   13  Q=         1.0000 1e-30 m^2  Cq=         1.8151 MHz  eta= 0.87911

     C   14    Vxx=    0.0032    axis=(  0.520542  0.769529  0.369949)
     C   14    Vyy=    0.5324    axis=( -0.127340  0.498400 -0.857544)
     C   14    Vzz=   -0.5357    axis=( -0.844287  0.399278  0.357429)
     C   14  Q=         1.0000 1e-30 m^2  Cq=        -1.2586 MHz  eta= 0.98792

     H   15    Vxx=   -0.0303    axis=(  0.447639 -0.415388 -0.791879)
     H   15    Vyy=   -0.7461    axis=(  0.063299 -0.868617  0.491423)
     H   15    Vzz=    0.7764    axis=( -0.891971 -0.270105 -0.362534)
     H   15  Q=         1.0000 1e-30 m^2  Cq=         1.8242 MHz  eta= 0.92196

     C   16    Vxx=    0.0470    axis=(  0.955998 -0.159725  0.246082)
     C   16    Vyy=    0.4422    axis=( -0.245636 -0.894425  0.373720)
     C   16    Vzz=   -0.4892    axis=(  0.160409 -0.417722 -0.894303)
     C   16  Q=         1.0000 1e-30 m^2  Cq=        -1.1494 MHz  eta= 0.80801

     C   17    Vxx=    0.0962    axis=( -0.719836  0.253891  0.646046)
     C   17    Vyy=    0.5908    axis=( -0.414748 -0.903623 -0.107003)
     C   17    Vzz=   -0.6870    axis=(  0.556615 -0.344971  0.755761)
     C   17  Q=         1.0000 1e-30 m^2  Cq=        -1.6142 MHz  eta= 0.71996

     Cl  18    Vxx=    0.5210    axis=(  0.797352 -0.602444 -0.035923)
     Cl  18    Vyy=    2.2023    axis=( -0.468521 -0.580385 -0.666064)
     Cl  18    Vzz=   -2.7233    axis=(  0.380417  0.547919 -0.745029)
     Cl  18  Q=        -8.1650 1e-30 m^2  Cq=        52.2461 MHz  eta= 0.61738

     H   19    Vxx=   -0.0348    axis=(  0.404346  0.476007  0.780975)
     H   19    Vyy=   -0.6097    axis=(  0.887729  0.001228 -0.460365)
     H   19    Vzz=    0.6445    axis=(  0.220096 -0.879441  0.422068)
     H   19  Q=         1.0000 1e-30 m^2  Cq=         1.5144 MHz  eta= 0.89192

     C   20    Vxx=    0.0798    axis=( -0.158587 -0.534964 -0.829858)
     C   20    Vyy=    0.7592    axis=( -0.810466 -0.409507  0.418867)
     C   20    Vzz=   -0.8389    axis=( -0.563911  0.738998 -0.368627)
     C   20  Q=         1.0000 1e-30 m^2  Cq=        -1.9711 MHz  eta= 0.80983

     H   21    Vxx=   -0.0699    axis=(  0.224862  0.973283  0.046445)
     H   21    Vyy=   -0.6290    axis=( -0.559281  0.089888  0.824090)
     H   21    Vzz=    0.6989    axis=(  0.797899 -0.211282  0.564551)
     H   21  Q=         1.0000 1e-30 m^2  Cq=         1.6422 MHz  eta= 0.79990

     C   22    Vxx=   -0.1140    axis=(  0.538859 -0.838261 -0.083364)
     C   22    Vyy=   -0.6090    axis=(  0.799393  0.477627  0.364476)
     C   22    Vzz=    0.7231    axis=( -0.265709 -0.263041  0.927474)
     C   22  Q=         1.0000 1e-30 m^2  Cq=         1.6989 MHz  eta= 0.68466

     C   23    Vxx=    0.1947    axis=(  0.360578  0.461386  0.810621)
     C   23    Vyy=    0.7466    axis=( -0.680354 -0.464406  0.566962)
     C   23    Vzz=   -0.9413    axis=( -0.638045  0.755943 -0.146451)
     C   23  Q=         1.0000 1e-30 m^2  Cq=        -2.2117 MHz  eta= 0.58634

     Cl  24    Vxx=   -0.5118    axis=(  0.494450  0.617625  0.611603)
     Cl  24    Vyy=   -2.3261    axis=( -0.606179  0.749307 -0.266620)
     Cl  24    Vzz=    2.8379    axis=( -0.622949 -0.238910  0.744886)
     Cl  24  Q=        -8.1650 1e-30 m^2  Cq=       -54.4441 MHz  eta= 0.63933

     Initialization:
     gipaw_setup  :      9.16s CPU     10.88s WALL (       1 calls)

     Linear response

     Apply operators

     Induced current

     Other routines
     efg          :      9.15s CPU     11.54s WALL (       1 calls)

     General routines
     calbec       :      3.23s CPU      4.18s WALL (      16 calls)
     fft          :      2.49s CPU      5.36s WALL (      15 calls)
     ffts         :      0.04s CPU      0.04s WALL (       2 calls)
     fftw         :      3.28s CPU      4.04s WALL (     672 calls)
     davcio       :      0.02s CPU      0.31s WALL (      32 calls)

     Parallel routines
     fft_scatter  :      3.26s CPU      6.68s WALL (     689 calls)

     Plugins

     GIPAW        :     64.11s CPU     87.90s WALL (       1 calls)
