
     Program QE v.6.0 (svn rev. 13079) starts on 21Jan2017 at  5:15:47 

     This program is part of the open-source Quantum ESPRESSO suite
     for quantum simulation of materials; please cite
         "P. Giannozzi et al., J. Phys.:Condens. Matter 21 395502 (2009);
          URL http://www.quantum-espresso.org", 
     in publications or presentations arising from this work. More details at
     http://www.quantum-espresso.org/quote

     Parallel version (MPI), running on     8 processors
     R & G space division:  proc/nbgrp/npool/nimage =       8

     ***** This is GIPAW svn revision unknown      *****

     Parallelizing q-star over 1 images

     Reading data from directory:
     /users/majewski/paradichlorobenzene/pbe/9_constraint/scratch/pbe.ecut100.np8.dt60.pcl2phi-129368.save
     Message from routine read_xml_file:
     file /users/majewski/paradichlorobenzene/pbe/9_constraint/scratch/pbe.ecut100.np8.dt60.pcl2phi-129368.save not guaranteed to be safe for post-processing

   Info: using nr1, nr2, nr3 values from input

   Info: using nr1, nr2, nr3 values from input

     IMPORTANT: XC functional enforced from input :
     Exchange-correlation      =  SLA  PW   PBX  PBC ( 1  4  3  4 0 0)
     Any further DFT definition will be discarded
     Please, verify this is what you really want

               file C.pbe-n-kjpaw_psl.1.0.0.UPF: wavefunction(s)  2S 2P renormalized
               file Cl.pbe-n-kjpaw_psl.1.0.0.UPF: wavefunction(s)  3S 3P renormalized
               file H.pbe-kjpaw_psl.1.0.0.UPF: wavefunction(s)  1S renormalized

     Parallelization info
     --------------------
     sticks:   dense  smooth     PW     G-vecs:    dense   smooth      PW
     Min        3057    1223    332               144436    36536    5170
     Max        3059    1225    333               144437    36537    5171
     Sum       24467    9791   2657              1155489   292295   41363


     Subspace diagonalization in iterative solution of the eigenvalue problem:
     a serial algorithm will be used

     GIPAW projectors -----------------------------------------------
     atom=  C    l=0  rc=    1.2000  rs=    0.8000
     atom=  C    l=0  rc=    1.2000  rs=    0.8000
     atom=  C    l=1  rc=    1.4000  rs=    0.9333
     atom=  C    l=1  rc=    1.4000  rs=    0.9333
     projs nearly linearly dependent: l=1  n1,n2= 1, 2  s=  0.99951561

     atom=  Cl   l=0  rc=    1.6000  rs=    1.0667
     atom=  Cl   l=0  rc=    1.6000  rs=    1.0667
     atom=  Cl   l=1  rc=    1.6000  rs=    1.0667
     atom=  Cl   l=1  rc=    1.6000  rs=    1.0667
     atom=  Cl   l=2  rc=    1.6000  rs=    1.0667
     atom=  Cl   l=2  rc=    1.6000  rs=    1.0667
     projs nearly linearly dependent: l=2  n1,n2= 1, 2  s=  0.99993509

     atom=  H    l=0  rc=    1.0000  rs=    0.6667
     atom=  H    l=0  rc=    1.0000  rs=    0.6667
     projs nearly linearly dependent: l=0  n1,n2= 1, 2  s=  0.99968852
     -----------------------------------------------------------------

     GIPAW integrals: -------------------------------------------
     Atom  i/j   nmr_para   nmr_dia   epr_rmc  epr_para   epr_dia
       C   1 1   0.83E+03  0.17E-01  0.93E+01  0.24E+08  0.24E+03
       C   2 1   0.86E+03 -0.61E-01  0.94E+01  0.25E+08  0.25E+03
       C   2 2   0.90E+03 -0.15E+00  0.97E+01  0.26E+08  0.26E+03
       C   3 3   0.33E+01  0.34E+00  0.18E+01  0.55E+03  0.21E+02
       C   4 3   0.35E+01  0.37E+00  0.20E+01  0.59E+03  0.22E+02
       C   4 4   0.38E+01  0.39E+00  0.22E+01  0.63E+03  0.24E+02
       Cl  1 1   0.14E+04 -0.47E+00  0.84E+01  0.32E+09  0.42E+03
       Cl  2 1   0.21E+04 -0.37E+00  0.12E+02  0.49E+09  0.65E+03
       Cl  2 2   0.33E+04 -0.16E+00  0.21E+02  0.76E+09  0.10E+04
       Cl  3 3   0.21E+02  0.79E-01  0.89E+01  0.23E+05  0.13E+03
       Cl  4 3   0.24E+02  0.67E-01  0.99E+01  0.27E+05  0.15E+03
       Cl  4 4   0.28E+02  0.44E-01  0.11E+02  0.32E+05  0.18E+03
       Cl  5 5   0.77E+00  0.19E+00  0.18E+01  0.12E+03  0.22E+02
       Cl  6 5   0.80E+00  0.19E+00  0.19E+01  0.12E+03  0.23E+02
       Cl  6 6   0.83E+00  0.20E+00  0.19E+01  0.12E+03  0.23E+02
       H   1 1   0.39E+02  0.19E+00  0.29E+00  0.78E+05  0.13E+02
       H   2 1   0.41E+02  0.21E+00  0.32E+00  0.82E+05  0.14E+02
       H   2 2   0.43E+02  0.22E+00  0.36E+00  0.86E+05  0.15E+02
     ------------------------------------------------------------

     alpha_pv=     34.2748 eV

     Number of occupied bands for each k-point:
     k-point:     1    nbnd_occ=  42
     k-point:     2    nbnd_occ=  42
     k-point:     3    nbnd_occ=  42
     k-point:     4    nbnd_occ=  42
     k-point:     5    nbnd_occ=  42
     k-point:     6    nbnd_occ=  42
     k-point:     7    nbnd_occ=  42
     k-point:     8    nbnd_occ=  42
     k-point:     9    nbnd_occ=  42
     k-point:    10    nbnd_occ=  42
     k-point:    11    nbnd_occ=  42
     k-point:    12    nbnd_occ=  42
     k-point:    13    nbnd_occ=  42
     k-point:    14    nbnd_occ=  42
     k-point:    15    nbnd_occ=  42
     k-point:    16    nbnd_occ=  42


     q-space interpolation up to   110.00 Rydberg

     GIPAW job: efg                                                                             


     ELECTRIC FIELD GRADIENTS TENSORS IN Hartree/bohrradius^2:

     ----- bare term -----
     Cl   1        0.268804       -0.076979       -0.043428
     Cl   1       -0.076979       -0.370563       -0.329990
     Cl   1       -0.043428       -0.329990        0.101760

     C    2       -0.797647        0.480623       -0.345224
     C    2        0.480623        0.321302       -0.036946
     C    2       -0.345224       -0.036946        0.476345

     C    3        0.109343       -0.110354       -0.164676
     C    3       -0.110354       -0.444446       -0.460918
     C    3       -0.164676       -0.460918        0.335103

     H    4       -0.586008       -0.107627        0.177140
     H    4       -0.107627        0.398562       -0.221900
     H    4        0.177140       -0.221900        0.187445

     C    5       -0.700310        0.337044       -0.452320
     C    5        0.337044        0.222733        0.022798
     C    5       -0.452320        0.022798        0.477576

     H    6       -0.012476       -0.176650        0.055541
     H    6       -0.176650       -0.383714       -0.467959
     H    6        0.055541       -0.467959        0.396190

     H    7        0.445073        0.129460       -0.003589
     H    7        0.129460       -0.798265        0.041078
     H    7       -0.003589        0.041078        0.353192

     C    8        0.050087       -0.005775       -0.099817
     C    8       -0.005775       -0.133928        0.271460
     C    8       -0.099817        0.271460        0.083841

     H    9       -0.239206        0.532193       -0.169446
     H    9        0.532193       -0.149896       -0.026865
     H    9       -0.169446       -0.026865        0.389102

     C   10       -0.536711       -0.265055       -0.103615
     C   10       -0.265055        0.161037        0.171041
     C   10       -0.103615        0.171041        0.375673

     C   11        0.027180        0.071067       -0.199001
     C   11        0.071067       -0.016083        0.506485
     C   11       -0.199001        0.506485       -0.011098

     Cl  12       -0.158059       -0.250292        0.005728
     Cl  12       -0.250292       -0.000409        0.004037
     Cl  12        0.005728        0.004037        0.158468

     H   13        0.367423       -0.327741       -0.004031
     H   13       -0.327741       -0.721241       -0.153873
     H   13       -0.004031       -0.153873        0.353818

     C   14        0.053370       -0.010444       -0.151122
     C   14       -0.010444       -0.105455       -0.331796
     C   14       -0.151122       -0.331796        0.052086

     H   15       -0.266048       -0.528827       -0.068675
     H   15       -0.528827       -0.073642        0.127406
     H   15       -0.068675        0.127406        0.339690

     C   16       -0.525135        0.263339       -0.046277
     C   16        0.263339        0.135934       -0.179516
     C   16       -0.046277       -0.179516        0.389201

     C   17        0.013508       -0.176746       -0.335777
     C   17       -0.176746        0.039524       -0.688815
     C   17       -0.335777       -0.688815       -0.053032

     Cl  18       -0.282689        0.303021       -0.000492
     Cl  18        0.303021        0.183212        0.053154
     Cl  18       -0.000492        0.053154        0.099477

     H   19        0.396948       -0.117237       -0.287875
     H   19       -0.117237        0.038450        0.187447
     H   19       -0.287875        0.187447       -0.435398

     C   20       -0.533975       -0.322496       -0.026772
     C   20       -0.322496        0.225028        0.070486
     C   20       -0.026772        0.070486        0.308947

     H   21       -0.430351       -0.274649       -0.215511
     H   21       -0.274649        0.046307        0.302340
     H   21       -0.215511        0.302340        0.384044

     C   22        0.188897       -0.041797       -0.194325
     C   22       -0.041797       -0.124264        0.565420
     C   22       -0.194325        0.565420       -0.064634

     C   23       -0.606179       -0.455773       -0.336903
     C   23       -0.455773        0.221147        0.086785
     C   23       -0.336903        0.086785        0.385031

     Cl  24       -0.012224       -0.005107        0.017158
     Cl  24       -0.005107        0.061717       -0.078311
     Cl  24        0.017158       -0.078311       -0.049492

     ----- ionic term -----
     Cl   1        0.104740       -0.221493       -0.025317
     Cl   1       -0.221493        0.057008        0.022957
     Cl   1       -0.025317        0.022957       -0.161748

     C    2        0.193454       -0.120553        0.145111
     C    2       -0.120553        0.299319        0.346010
     C    2        0.145111        0.346010       -0.492772

     C    3        0.179557       -0.121968        0.090741
     C    3       -0.121968        0.305792        0.345407
     C    3        0.090741        0.345407       -0.485348

     H    4        0.746443        0.472718        0.469217
     H    4        0.472718       -0.295535        0.209876
     H    4        0.469217        0.209876       -0.450907

     C    5        0.335402       -0.061612        0.144699
     C    5       -0.061612        0.125608        0.301518
     C    5        0.144699        0.301518       -0.461010

     H    6       -0.500447        0.244853        0.094140
     H    6        0.244853        0.717494        0.632005
     H    6        0.094140        0.632005       -0.217047

     H    7       -0.512811       -0.015621        0.011360
     H    7       -0.015621        0.676483       -0.711000
     H    7        0.011360       -0.711000       -0.163672

     C    8        0.310128        0.207863        0.214051
     C    8        0.207863        0.086501       -0.291322
     C    8        0.214051       -0.291322       -0.396629

     H    9        0.680808       -0.235950        0.653949
     H    9       -0.235950       -0.462250       -0.205110
     H    9        0.653949       -0.205110       -0.218558

     C   10        0.184809        0.273474        0.181813
     C   10        0.273474        0.133443       -0.350249
     C   10        0.181813       -0.350249       -0.318252

     C   11        0.253691        0.212367        0.215057
     C   11        0.212367        0.053949       -0.355974
     C   11        0.215057       -0.355974       -0.307640

     Cl  12        0.144440        0.192290       -0.001074
     Cl  12        0.192290        0.012070       -0.019701
     Cl  12       -0.001074       -0.019701       -0.156510

     H   13       -0.466765        0.194041        0.123049
     H   13        0.194041        0.622928        0.678684
     H   13        0.123049        0.678684       -0.156163

     C   14        0.339170       -0.147433        0.168907
     C   14       -0.147433        0.116439        0.291057
     C   14        0.168907        0.291057       -0.455609

     H   15        0.788633        0.261031        0.560471
     H   15        0.261031       -0.425192        0.194959
     H   15        0.560471        0.194959       -0.363441

     C   16        0.189349       -0.224465        0.137121
     C   16       -0.224465        0.266423        0.364492
     C   16        0.137121        0.364492       -0.455772

     C   17        0.271364       -0.046538        0.214216
     C   17       -0.046538        0.186286        0.339985
     C   17        0.214216        0.339985       -0.457650

     Cl  18        0.139047       -0.166454        0.024070
     Cl  18       -0.166454        0.016848       -0.006119
     Cl  18        0.024070       -0.006119       -0.155895

     H   19       -0.485429       -0.194723        0.173111
     H   19       -0.194723        0.411519       -0.787062
     H   19        0.173111       -0.787062        0.073910

     C   20        0.309842        0.204922        0.201223
     C   20        0.204922       -0.004805       -0.334973
     C   20        0.201223       -0.334973       -0.305038

     H   21        0.856743       -0.366284        0.363561
     H   21       -0.366284       -0.379791       -0.177529
     H   21        0.363561       -0.177529       -0.476952

     C   22        0.211677        0.232339        0.062129
     C   22        0.232339        0.176098       -0.414082
     C   22        0.062129       -0.414082       -0.387776

     C   23        0.259934        0.116977        0.195797
     C   23        0.116977        0.070664       -0.416002
     C   23        0.195797       -0.416002       -0.330598

     Cl  24        0.156633        0.212805       -0.030227
     Cl  24        0.212805       -0.020712       -0.022620
     Cl  24       -0.030227       -0.022620       -0.135921

     ----- GIPAW term -----
     Cl   1        0.207179       -0.315905        0.358439
     Cl   1       -0.315905        0.539961        0.774160
     Cl   1        0.358439        0.774160       -0.747140

     C    2       -0.157114       -0.026486       -0.040476
     C    2       -0.026486        0.216955        0.111314
     C    2       -0.040476        0.111314       -0.059841

     C    3       -0.062739       -0.096000       -0.067986
     C    3       -0.096000       -0.004932        0.124555
     C    3       -0.067986        0.124555        0.067671

     H    4       -0.000000        0.000000        0.000000
     H    4        0.000000        0.000000        0.000000
     H    4        0.000000        0.000000        0.000000

     C    5       -0.099444       -0.106603       -0.144149
     C    5       -0.106603        0.101076        0.166522
     C    5       -0.144149        0.166522       -0.001632

     H    6       -0.000000        0.000000        0.000000
     H    6        0.000000        0.000000        0.000000
     H    6        0.000000        0.000000        0.000000

     H    7       -0.000000        0.000000        0.000000
     H    7        0.000000        0.000000        0.000000
     H    7        0.000000        0.000000        0.000000

     C    8       -0.028245       -0.034058       -0.001585
     C    8       -0.034058        0.116081        0.067238
     C    8       -0.001585        0.067238       -0.087835

     H    9       -0.000000        0.000000        0.000000
     H    9        0.000000        0.000000        0.000000
     H    9        0.000000        0.000000        0.000000

     C   10       -0.152331       -0.030660       -0.018716
     C   10       -0.030660        0.182659        0.086424
     C   10       -0.018716        0.086424       -0.030328

     C   11       -0.031094        0.020098       -0.040166
     C   11        0.020098        0.084413        0.131578
     C   11       -0.040166        0.131578       -0.053319

     Cl  12       -1.067386        0.280840       -0.378641
     Cl  12        0.280840        0.886255        2.200509
     Cl  12       -0.378641        2.200509        0.181131

     H   13       -0.000000        0.000000        0.000000
     H   13        0.000000        0.000000        0.000000
     H   13        0.000000        0.000000        0.000000

     C   14       -0.042413        0.019579       -0.003626
     C   14        0.019579        0.156972       -0.053651
     C   14       -0.003626       -0.053651       -0.114560

     H   15       -0.000000        0.000000        0.000000
     H   15        0.000000        0.000000        0.000000
     H   15        0.000000        0.000000        0.000000

     C   16       -0.147448       -0.002374        0.004699
     C   16       -0.002374        0.171743       -0.090596
     C   16        0.004699       -0.090596       -0.024295

     C   17       -0.059993       -0.118524       -0.039745
     C   17       -0.118524        0.241285       -0.109605
     C   17       -0.039745       -0.109605       -0.181291

     Cl  18       -0.968179       -0.287862        0.012598
     Cl  18       -0.287862        2.756206        0.925730
     Cl  18        0.012598        0.925730       -1.788027

     H   19       -0.000000        0.000000        0.000000
     H   19        0.000000        0.000000        0.000000
     H   19        0.000000        0.000000        0.000000

     C   20       -0.088063        0.042060        0.040241
     C   20        0.042060        0.110218        0.044169
     C   20        0.040241        0.044169       -0.022154

     H   21       -0.000000        0.000000        0.000000
     H   21        0.000000        0.000000        0.000000
     H   21        0.000000        0.000000        0.000000

     C   22       -0.066118        0.026347       -0.016796
     C   22        0.026347        0.194451        0.043864
     C   22       -0.016796        0.043864       -0.128334

     C   23       -0.110363       -0.037182       -0.029865
     C   23       -0.037182        0.187865        0.017326
     C   23       -0.029865        0.017326       -0.077501

     Cl  24       -0.049896        1.977439       -0.097381
     Cl  24        1.977439        2.028945       -1.403543
     Cl  24       -0.097381       -1.403543       -1.979048

     ----- total EFG -----
     Cl   1        0.580723       -0.614378        0.289694
     Cl   1       -0.614378        0.226406        0.467127
     Cl   1        0.289694        0.467127       -0.807129

     C    2       -0.761308        0.333584       -0.240590
     C    2        0.333584        0.837576        0.420378
     C    2       -0.240590        0.420378       -0.076269

     C    3        0.226161       -0.328322       -0.141921
     C    3       -0.328322       -0.143587        0.009043
     C    3       -0.141921        0.009043       -0.082574

     H    4        0.160435        0.365091        0.646357
     H    4        0.365091        0.103027       -0.012024
     H    4        0.646357       -0.012024       -0.263462

     C    5       -0.464351        0.168829       -0.451770
     C    5        0.168829        0.449417        0.490838
     C    5       -0.451770        0.490838        0.014935

     H    6       -0.512923        0.068203        0.149681
     H    6        0.068203        0.333780        0.164046
     H    6        0.149681        0.164046        0.179143

     H    7       -0.067738        0.113839        0.007771
     H    7        0.113839       -0.121782       -0.669922
     H    7        0.007771       -0.669922        0.189520

     C    8        0.331970        0.168030        0.112649
     C    8        0.168030        0.068653        0.047376
     C    8        0.112649        0.047376       -0.400624

     H    9        0.441602        0.296243        0.484503
     H    9        0.296243       -0.612146       -0.231975
     H    9        0.484503       -0.231975        0.170544

     C   10       -0.504233       -0.022241        0.059482
     C   10       -0.022241        0.477139       -0.092784
     C   10        0.059482       -0.092784        0.027094

     C   11        0.249777        0.303532       -0.024110
     C   11        0.303532        0.122280        0.282089
     C   11       -0.024110        0.282089       -0.372057

     Cl  12       -1.081005        0.222838       -0.373988
     Cl  12        0.222838        0.897916        2.184845
     Cl  12       -0.373988        2.184845        0.183089

     H   13       -0.099342       -0.133700        0.119018
     H   13       -0.133700       -0.098313        0.524811
     H   13        0.119018        0.524811        0.197655

     C   14        0.350127       -0.138299        0.014160
     C   14       -0.138299        0.167956       -0.094389
     C   14        0.014160       -0.094389       -0.518083

     H   15        0.522585       -0.267796        0.491796
     H   15       -0.267796       -0.498834        0.322365
     H   15        0.491796        0.322365       -0.023751

     C   16       -0.483234        0.036499        0.095544
     C   16        0.036499        0.574100        0.094379
     C   16        0.095544        0.094379       -0.090866

     C   17        0.224878       -0.341808       -0.161306
     C   17       -0.341808        0.467095       -0.458435
     C   17       -0.161306       -0.458435       -0.691973

     Cl  18       -1.111821       -0.151296        0.036177
     Cl  18       -0.151296        2.956266        0.972765
     Cl  18        0.036177        0.972765       -1.844445

     H   19       -0.088481       -0.311960       -0.114764
     H   19       -0.311960        0.449969       -0.599614
     H   19       -0.114764       -0.599614       -0.361488

     C   20       -0.312196       -0.075514        0.214692
     C   20       -0.075514        0.330441       -0.220318
     C   20        0.214692       -0.220318       -0.018245

     H   21        0.426392       -0.640933        0.148049
     H   21       -0.640933       -0.333484        0.124811
     H   21        0.148049        0.124811       -0.092908

     C   22        0.334457        0.216890       -0.148992
     C   22        0.216890        0.246285        0.195202
     C   22       -0.148992        0.195202       -0.580743

     C   23       -0.456608       -0.375978       -0.170971
     C   23       -0.375978        0.479676       -0.311891
     C   23       -0.170971       -0.311891       -0.023068

     Cl  24        0.094512        2.185137       -0.110450
     Cl  24        2.185137        2.069949       -1.504474
     Cl  24       -0.110450       -1.504474       -2.164462

     ----- total EFG (symmetrized) -----
     Cl   1        0.580723       -0.614378        0.289694
     Cl   1       -0.614378        0.226406        0.467127
     Cl   1        0.289694        0.467127       -0.807129

     C    2       -0.761308        0.333584       -0.240590
     C    2        0.333584        0.837576        0.420378
     C    2       -0.240590        0.420378       -0.076269

     C    3        0.226161       -0.328322       -0.141921
     C    3       -0.328322       -0.143587        0.009043
     C    3       -0.141921        0.009043       -0.082574

     H    4        0.160435        0.365091        0.646357
     H    4        0.365091        0.103027       -0.012024
     H    4        0.646357       -0.012024       -0.263462

     C    5       -0.464351        0.168829       -0.451770
     C    5        0.168829        0.449417        0.490838
     C    5       -0.451770        0.490838        0.014935

     H    6       -0.512923        0.068203        0.149681
     H    6        0.068203        0.333780        0.164046
     H    6        0.149681        0.164046        0.179143

     H    7       -0.067738        0.113839        0.007771
     H    7        0.113839       -0.121782       -0.669922
     H    7        0.007771       -0.669922        0.189520

     C    8        0.331970        0.168030        0.112649
     C    8        0.168030        0.068653        0.047376
     C    8        0.112649        0.047376       -0.400624

     H    9        0.441602        0.296243        0.484503
     H    9        0.296243       -0.612146       -0.231975
     H    9        0.484503       -0.231975        0.170544

     C   10       -0.504233       -0.022241        0.059482
     C   10       -0.022241        0.477139       -0.092784
     C   10        0.059482       -0.092784        0.027094

     C   11        0.249777        0.303532       -0.024110
     C   11        0.303532        0.122280        0.282089
     C   11       -0.024110        0.282089       -0.372057

     Cl  12       -1.081005        0.222838       -0.373988
     Cl  12        0.222838        0.897916        2.184845
     Cl  12       -0.373988        2.184845        0.183089

     H   13       -0.099342       -0.133700        0.119018
     H   13       -0.133700       -0.098313        0.524811
     H   13        0.119018        0.524811        0.197655

     C   14        0.350127       -0.138299        0.014160
     C   14       -0.138299        0.167956       -0.094389
     C   14        0.014160       -0.094389       -0.518083

     H   15        0.522585       -0.267796        0.491796
     H   15       -0.267796       -0.498834        0.322365
     H   15        0.491796        0.322365       -0.023751

     C   16       -0.483234        0.036499        0.095544
     C   16        0.036499        0.574100        0.094379
     C   16        0.095544        0.094379       -0.090866

     C   17        0.224878       -0.341808       -0.161306
     C   17       -0.341808        0.467095       -0.458435
     C   17       -0.161306       -0.458435       -0.691973

     Cl  18       -1.111821       -0.151296        0.036177
     Cl  18       -0.151296        2.956266        0.972765
     Cl  18        0.036177        0.972765       -1.844445

     H   19       -0.088481       -0.311960       -0.114764
     H   19       -0.311960        0.449969       -0.599614
     H   19       -0.114764       -0.599614       -0.361488

     C   20       -0.312196       -0.075514        0.214692
     C   20       -0.075514        0.330441       -0.220318
     C   20        0.214692       -0.220318       -0.018245

     H   21        0.426392       -0.640933        0.148049
     H   21       -0.640933       -0.333484        0.124811
     H   21        0.148049        0.124811       -0.092908

     C   22        0.334457        0.216890       -0.148992
     C   22        0.216890        0.246285        0.195202
     C   22       -0.148992        0.195202       -0.580743

     C   23       -0.456608       -0.375978       -0.170971
     C   23       -0.375978        0.479676       -0.311891
     C   23       -0.170971       -0.311891       -0.023068

     Cl  24        0.094512        2.185137       -0.110450
     Cl  24        2.185137        2.069949       -1.504474
     Cl  24       -0.110450       -1.504474       -2.164462


     NQR/NMR SPECTROSCOPIC PARAMETERS:
     Cl   1    Vxx=    0.0953    axis=(  0.535773  0.667274  0.517391)
     Cl   1    Vyy=    1.0445    axis=( -0.790803  0.611311  0.030497)
     Cl   1    Vzz=   -1.1398    axis=( -0.295936 -0.425494  0.855206)
     Cl   1  Q=        -8.1650 1e-30 m^2  Cq=        21.8662 MHz  eta= 0.83277

     C    2    Vxx=   -0.0770    axis=( -0.425705 -0.245100  0.871035)
     C    2    Vyy=   -0.9539    axis=( -0.895430  0.252733 -0.366511)
     C    2    Vzz=    1.0309    axis=( -0.130308 -0.935977 -0.327059)
     C    2  Q=         1.0000 1e-30 m^2  Cq=         2.4222 MHz  eta= 0.85067

     C    3    Vxx=   -0.0969    axis=(  0.073403 -0.333983  0.939717)
     C    3    Vyy=   -0.3519    axis=( -0.523796 -0.814745 -0.248653)
     C    3    Vzz=    0.4488    axis=(  0.848675 -0.473968 -0.234743)
     C    3  Q=         1.0000 1e-30 m^2  Cq=         1.0544 MHz  eta= 0.56828

     H    4    Vxx=    0.0298    axis=( -0.189592  0.870825 -0.453563)
     H    4    Vyy=    0.7619    axis=(  0.770617  0.418231  0.480866)
     H    4    Vzz=   -0.7917    axis=(  0.608444 -0.258355 -0.750365)
     H    4  Q=         1.0000 1e-30 m^2  Cq=        -1.8602 MHz  eta= 0.92471

     C    5    Vxx=    0.0863    axis=( -0.635816 -0.499642  0.588299)
     C    5    Vyy=    0.7795    axis=(  0.100381 -0.809258 -0.578813)
     C    5    Vzz=   -0.8659    axis=( -0.765285  0.308965 -0.564695)
     C    5  Q=         1.0000 1e-30 m^2  Cq=        -2.0344 MHz  eta= 0.80060

     H    6    Vxx=    0.0874    axis=( -0.135844  0.574935 -0.806843)
     H    6    Vyy=    0.4578    axis=(  0.143486  0.817223  0.558173)
     H    6    Vzz=   -0.5452    axis=( -0.980285  0.039946  0.193510)
     H    6  Q=         1.0000 1e-30 m^2  Cq=        -1.2811 MHz  eta= 0.67923

     H    7    Vxx=   -0.0583    axis=(  0.984479  0.070817  0.160579)
     H    7    Vyy=   -0.6687    axis=( -0.155259  0.778023  0.608749)
     H    7    Vzz=    0.7269    axis=( -0.081824 -0.624232  0.776942)
     H    7  Q=         1.0000 1e-30 m^2  Cq=         1.7080 MHz  eta= 0.83965

     C    8    Vxx=   -0.0130    axis=(  0.433597 -0.900967  0.015894)
     C    8    Vyy=   -0.4186    axis=(  0.137560  0.048749 -0.989293)
     C    8    Vzz=    0.4317    axis=(  0.890545  0.431141  0.145074)
     C    8  Q=         1.0000 1e-30 m^2  Cq=         1.0143 MHz  eta= 0.93955

     H    9    Vxx=    0.0114    axis=( -0.476022 -0.496236  0.726053)
     H    9    Vyy=    0.8162    axis=(  0.810210  0.073597  0.581500)
     H    9    Vzz=   -0.8277    axis=(  0.341997 -0.865062 -0.367022)
     H    9  Q=         1.0000 1e-30 m^2  Cq=        -1.9447 MHz  eta= 0.97236

     C   10    Vxx=    0.0143    axis=(  0.103168  0.200279  0.974292)
     C   10    Vyy=    0.4966    axis=( -0.033527  0.979662 -0.197832)
     C   10    Vzz=   -0.5110    axis=( -0.994099 -0.012255  0.107785)
     C   10  Q=         1.0000 1e-30 m^2  Cq=        -1.2005 MHz  eta= 0.94395

     C   11    Vxx=    0.0041    axis=( -0.665379  0.576160  0.474668)
     C   11    Vyy=    0.5272    axis=(  0.716898  0.670477  0.191096)
     C   11    Vzz=   -0.5314    axis=(  0.208152 -0.467440  0.859170)
     C   11  Q=         1.0000 1e-30 m^2  Cq=        -1.2485 MHz  eta= 0.98440

     Cl  12    Vxx=   -0.8568    axis=(  0.885004  0.314767 -0.343060)
     Cl  12    Vyy=   -1.8990    axis=( -0.465193  0.567658 -0.679235)
     Cl  12    Vzz=    2.7558    axis=(  0.019060 -0.760715 -0.648807)
     Cl  12  Q=        -8.1650 1e-30 m^2  Cq=       -52.8680 MHz  eta= 0.37819

     H   13    Vxx=   -0.0311    axis=(  0.933280 -0.298627  0.199525)
     H   13    Vyy=   -0.5641    axis=(  0.358515  0.741645 -0.566947)
     H   13    Vzz=    0.5952    axis=(  0.021329  0.600653  0.799225)
     H   13  Q=         1.0000 1e-30 m^2  Cq=         1.3986 MHz  eta= 0.89545

     C   14    Vxx=    0.1027    axis=(  0.489582  0.863639 -0.120151)
     C   14    Vyy=    0.4282    axis=(  0.871941 -0.485733  0.061500)
     C   14    Vzz=   -0.5309    axis=(  0.005247  0.134873  0.990849)
     C   14  Q=         1.0000 1e-30 m^2  Cq=        -1.2473 MHz  eta= 0.61312

     H   15    Vxx=    0.0157    axis=(  0.351151 -0.621486 -0.700320)
     H   15    Vyy=    0.8159    axis=( -0.870950  0.057758 -0.487964)
     H   15    Vzz=   -0.8316    axis=( -0.343712 -0.781293  0.521002)
     H   15  Q=         1.0000 1e-30 m^2  Cq=        -1.9540 MHz  eta= 0.96217

     C   16    Vxx=   -0.0841    axis=(  0.217114 -0.150346  0.964499)
     C   16    Vyy=   -0.5055    axis=( -0.975041  0.013592  0.221606)
     C   16    Vzz=    0.5895    axis=(  0.046427  0.988540  0.143643)
     C   16  Q=         1.0000 1e-30 m^2  Cq=         1.3852 MHz  eta= 0.71479

     C   17    Vxx=    0.1442    axis=(  0.850101  0.375093 -0.369639)
     C   17    Vyy=    0.7712    axis=(  0.471234 -0.855156  0.215979)
     C   17    Vzz=   -0.9154    axis=(  0.235087  0.357791  0.903726)
     C   17  Q=         1.0000 1e-30 m^2  Cq=        -2.1509 MHz  eta= 0.68496

     Cl  18    Vxx=   -1.1120    axis=(  0.997017  0.019204  0.074752)
     Cl  18    Vyy=   -2.0386    axis=(  0.069672  0.192731 -0.978775)
     Cl  18    Vzz=    3.1506    axis=( -0.033204  0.981064  0.190818)
     Cl  18  Q=        -8.1650 1e-30 m^2  Cq=       -60.4425 MHz  eta= 0.29409

     H   19    Vxx=   -0.0510    axis=(  0.902267  0.049136 -0.428369)
     H   19    Vyy=   -0.7736    axis=(  0.354000  0.482785  0.801001)
     H   19    Vzz=    0.8246    axis=(  0.246168 -0.874360  0.418207)
     H   19  Q=         1.0000 1e-30 m^2  Cq=         1.9375 MHz  eta= 0.87634

     C   20    Vxx=   -0.0449    axis=(  0.441487  0.518655  0.732179)
     C   20    Vyy=   -0.4274    axis=(  0.871743 -0.054689 -0.486902)
     C   20    Vzz=    0.4722    axis=(  0.212492 -0.853233  0.476279)
     C   20  Q=         1.0000 1e-30 m^2  Cq=         1.1096 MHz  eta= 0.81002

     H   21    Vxx=   -0.0475    axis=(  0.066198  0.270780  0.960362)
     H   21    Vyy=   -0.7492    axis=(  0.486977  0.831296 -0.267957)
     H   21    Vzz=    0.7967    axis=( -0.870902  0.485413 -0.076834)
     H   21  Q=         1.0000 1e-30 m^2  Cq=         1.8719 MHz  eta= 0.88073

     C   22    Vxx=    0.1513    axis=( -0.605519  0.729626  0.317794)
     C   22    Vyy=    0.5118    axis=(  0.771310  0.636402  0.008520)
     C   22    Vzz=   -0.6631    axis=(  0.196029 -0.250277  0.948121)
     C   22  Q=         1.0000 1e-30 m^2  Cq=        -1.5580 MHz  eta= 0.54361

     C   23    Vxx=    0.0028    axis=( -0.474275  0.188527  0.859954)
     C   23    Vyy=    0.6967    axis=(  0.246681 -0.909215  0.335374)
     C   23    Vzz=   -0.6996    axis=(  0.845110  0.371194  0.384712)
     C   23  Q=         1.0000 1e-30 m^2  Cq=        -1.6437 MHz  eta= 0.99186

     Cl  24    Vxx=   -0.9836    axis=(  0.824326 -0.385750  0.414347)
     Cl  24    Vyy=   -2.7967    axis=( -0.261187  0.390213  0.882902)
     Cl  24    Vzz=    3.7803    axis=( -0.502263 -0.836021  0.220909)
     Cl  24  Q=        -8.1650 1e-30 m^2  Cq=       -72.5226 MHz  eta= 0.47964

     Initialization:
     gipaw_setup  :      9.06s CPU     10.79s WALL (       1 calls)

     Linear response

     Apply operators

     Induced current

     Other routines
     efg          :      9.15s CPU     11.08s WALL (       1 calls)

     General routines
     calbec       :      3.25s CPU      3.89s WALL (      16 calls)
     fft          :      1.50s CPU      2.18s WALL (      15 calls)
     ffts         :      0.04s CPU      0.05s WALL (       2 calls)
     fftw         :      3.09s CPU      3.82s WALL (     672 calls)
     davcio       :      0.02s CPU      0.33s WALL (      32 calls)

     Parallel routines
     fft_scatter  :      2.10s CPU      3.23s WALL (     689 calls)

     Plugins

     GIPAW        :     60.06s CPU     70.16s WALL (       1 calls)
