
     Program QE v.6.0 (svn rev. 13079) starts on 17Jan2017 at 21:17:25 

     This program is part of the open-source Quantum ESPRESSO suite
     for quantum simulation of materials; please cite
         "P. Giannozzi et al., J. Phys.:Condens. Matter 21 395502 (2009);
          URL http://www.quantum-espresso.org", 
     in publications or presentations arising from this work. More details at
     http://www.quantum-espresso.org/quote

     Parallel version (MPI), running on     8 processors
     R & G space division:  proc/nbgrp/npool/nimage =       8

     ***** This is GIPAW svn revision unknown      *****

     Parallelizing q-star over 1 images

     Reading data from directory:
     /users/majewski/paradichlorobenzene/pbe/9_constraint/scratch/pbe.ecut100.np8.dt60.pcl2phi-129368.save
     Message from routine read_xml_file:
     file /users/majewski/paradichlorobenzene/pbe/9_constraint/scratch/pbe.ecut100.np8.dt60.pcl2phi-129368.save not guaranteed to be safe for post-processing

   Info: using nr1, nr2, nr3 values from input

   Info: using nr1, nr2, nr3 values from input

     IMPORTANT: XC functional enforced from input :
     Exchange-correlation      =  SLA  PW   PBX  PBC ( 1  4  3  4 0 0)
     Any further DFT definition will be discarded
     Please, verify this is what you really want

               file C.pbe-n-kjpaw_psl.1.0.0.UPF: wavefunction(s)  2S 2P renormalized
               file Cl.pbe-n-kjpaw_psl.1.0.0.UPF: wavefunction(s)  3S 3P renormalized
               file H.pbe-kjpaw_psl.1.0.0.UPF: wavefunction(s)  1S renormalized

     Parallelization info
     --------------------
     sticks:   dense  smooth     PW     G-vecs:    dense   smooth      PW
     Min        3057    1223    332               144436    36536    5170
     Max        3059    1225    333               144437    36537    5171
     Sum       24467    9791   2657              1155489   292295   41363


     Subspace diagonalization in iterative solution of the eigenvalue problem:
     a serial algorithm will be used

     GIPAW projectors -----------------------------------------------
     atom=  C    l=0  rc=    1.2000  rs=    0.8000
     atom=  C    l=0  rc=    1.2000  rs=    0.8000
     atom=  C    l=1  rc=    1.4000  rs=    0.9333
     atom=  C    l=1  rc=    1.4000  rs=    0.9333
     projs nearly linearly dependent: l=1  n1,n2= 1, 2  s=  0.99951561

     atom=  Cl   l=0  rc=    1.6000  rs=    1.0667
     atom=  Cl   l=0  rc=    1.6000  rs=    1.0667
     atom=  Cl   l=1  rc=    1.6000  rs=    1.0667
     atom=  Cl   l=1  rc=    1.6000  rs=    1.0667
     atom=  Cl   l=2  rc=    1.6000  rs=    1.0667
     atom=  Cl   l=2  rc=    1.6000  rs=    1.0667
     projs nearly linearly dependent: l=2  n1,n2= 1, 2  s=  0.99993509

     atom=  H    l=0  rc=    1.0000  rs=    0.6667
     atom=  H    l=0  rc=    1.0000  rs=    0.6667
     projs nearly linearly dependent: l=0  n1,n2= 1, 2  s=  0.99968852
     -----------------------------------------------------------------

     GIPAW integrals: -------------------------------------------
     Atom  i/j   nmr_para   nmr_dia   epr_rmc  epr_para   epr_dia
       C   1 1   0.83E+03  0.17E-01  0.93E+01  0.24E+08  0.24E+03
       C   2 1   0.86E+03 -0.61E-01  0.94E+01  0.25E+08  0.25E+03
       C   2 2   0.90E+03 -0.15E+00  0.97E+01  0.26E+08  0.26E+03
       C   3 3   0.33E+01  0.34E+00  0.18E+01  0.55E+03  0.21E+02
       C   4 3   0.35E+01  0.37E+00  0.20E+01  0.59E+03  0.22E+02
       C   4 4   0.38E+01  0.39E+00  0.22E+01  0.63E+03  0.24E+02
       Cl  1 1   0.14E+04 -0.47E+00  0.84E+01  0.32E+09  0.42E+03
       Cl  2 1   0.21E+04 -0.37E+00  0.12E+02  0.49E+09  0.65E+03
       Cl  2 2   0.33E+04 -0.16E+00  0.21E+02  0.76E+09  0.10E+04
       Cl  3 3   0.21E+02  0.79E-01  0.89E+01  0.23E+05  0.13E+03
       Cl  4 3   0.24E+02  0.67E-01  0.99E+01  0.27E+05  0.15E+03
       Cl  4 4   0.28E+02  0.44E-01  0.11E+02  0.32E+05  0.18E+03
       Cl  5 5   0.77E+00  0.19E+00  0.18E+01  0.12E+03  0.22E+02
       Cl  6 5   0.80E+00  0.19E+00  0.19E+01  0.12E+03  0.23E+02
       Cl  6 6   0.83E+00  0.20E+00  0.19E+01  0.12E+03  0.23E+02
       H   1 1   0.39E+02  0.19E+00  0.29E+00  0.78E+05  0.13E+02
       H   2 1   0.41E+02  0.21E+00  0.32E+00  0.82E+05  0.14E+02
       H   2 2   0.43E+02  0.22E+00  0.36E+00  0.86E+05  0.15E+02
     ------------------------------------------------------------

     alpha_pv=     33.9749 eV

     Number of occupied bands for each k-point:
     k-point:     1    nbnd_occ=  42
     k-point:     2    nbnd_occ=  42
     k-point:     3    nbnd_occ=  42
     k-point:     4    nbnd_occ=  42
     k-point:     5    nbnd_occ=  42
     k-point:     6    nbnd_occ=  42
     k-point:     7    nbnd_occ=  42
     k-point:     8    nbnd_occ=  42
     k-point:     9    nbnd_occ=  42
     k-point:    10    nbnd_occ=  42
     k-point:    11    nbnd_occ=  42
     k-point:    12    nbnd_occ=  42
     k-point:    13    nbnd_occ=  42
     k-point:    14    nbnd_occ=  42
     k-point:    15    nbnd_occ=  42
     k-point:    16    nbnd_occ=  42


     q-space interpolation up to   110.00 Rydberg

     GIPAW job: efg                                                                             


     ELECTRIC FIELD GRADIENTS TENSORS IN Hartree/bohrradius^2:

     ----- bare term -----
     Cl   1       -0.176797        0.279070       -0.011705
     Cl   1        0.279070       -0.019046       -0.003012
     Cl   1       -0.011705       -0.003012        0.195843

     C    2        0.110862       -0.052646       -0.209248
     C    2       -0.052646       -0.329150       -0.492971
     C    2       -0.209248       -0.492971        0.218287

     C    3       -0.438876        0.442121       -0.323216
     C    3        0.442121        0.139143       -0.045736
     C    3       -0.323216       -0.045736        0.299733

     H    4        0.073276       -0.028555       -0.225538
     H    4       -0.028555        0.197523       -0.496232
     H    4       -0.225538       -0.496232       -0.270798

     C    5       -0.075417       -0.325208       -0.451777
     C    5       -0.325208       -0.069074       -0.483503
     C    5       -0.451777       -0.483503        0.144491

     H    6        0.152316        0.273004        0.238438
     H    6        0.273004       -0.224996       -0.514973
     H    6        0.238438       -0.514973        0.072680

     H    7        0.397943        0.040025       -0.031441
     H    7        0.040025       -0.395810        0.535355
     H    7       -0.031441        0.535355       -0.002133

     C    8       -0.584983       -0.352197       -0.408844
     C    8       -0.352197        0.234782        0.324153
     C    8       -0.408844        0.324153        0.350201

     H    9        0.052429        0.035476       -0.466525
     H    9        0.035476        0.178884       -0.249329
     H    9       -0.466525       -0.249329       -0.231313

     C   10       -0.013477       -0.349741       -0.167667
     C   10       -0.349741       -0.117099        0.642926
     C   10       -0.167667        0.642926        0.130577

     C   11       -0.220152       -0.246824       -0.538277
     C   11       -0.246824        0.096157        0.388217
     C   11       -0.538277        0.388217        0.123994

     Cl  12        0.015855        0.000647        0.017939
     Cl  12        0.000647       -0.049042       -0.100140
     Cl  12        0.017939       -0.100140        0.033187

     H   13        0.048057       -0.065643        0.348875
     H   13       -0.065643        0.060025       -0.380978
     H   13        0.348875       -0.380978       -0.108082

     C   14       -0.657907        0.319430       -0.340731
     C   14        0.319430        0.375273       -0.063806
     C   14       -0.340731       -0.063806        0.282635

     H   15        0.155421       -0.075877       -0.293458
     H   15       -0.075877        0.370306        0.186651
     H   15       -0.293458        0.186651       -0.525727

     C   16        0.124227        0.184032       -0.087546
     C   16        0.184032       -0.100013       -0.448823
     C   16       -0.087546       -0.448823       -0.024214

     C   17       -0.525908        0.336378       -0.232846
     C   17        0.336378        0.155236       -0.326489
     C   17       -0.232846       -0.326489        0.370672

     Cl  18        0.091242       -0.023859        0.106312
     Cl  18       -0.023859       -0.059744        0.055560
     Cl  18        0.106312        0.055560       -0.031498

     H   19        0.443361        0.257798        0.045707
     H   19        0.257798       -0.755314       -0.071116
     H   19        0.045707       -0.071116        0.311953

     C   20       -0.212134       -0.207161       -0.256774
     C   20       -0.207161       -0.046907        0.493012
     C   20       -0.256774        0.493012        0.259041

     H   21       -0.198635        0.427548       -0.386435
     H   21        0.427548       -0.096294        0.264265
     H   21       -0.386435        0.264265        0.294929

     C   22       -0.435025       -0.374785       -0.311884
     C   22       -0.374785        0.115765        0.385296
     C   22       -0.311884        0.385296        0.319260

     C   23       -0.027039       -0.168029       -0.218296
     C   23       -0.168029       -0.149625        0.550602
     C   23       -0.218296        0.550602        0.176664

     Cl  24       -0.165724       -0.127546        0.019930
     Cl  24       -0.127546        0.006951       -0.141024
     Cl  24        0.019930       -0.141024        0.158773

     ----- ionic term -----
     Cl   1        0.125042       -0.201738        0.052313
     Cl   1       -0.201738        0.005416       -0.025664
     Cl   1        0.052313       -0.025664       -0.130457

     C    2        0.028952       -0.304071        0.298910
     C    2       -0.304071        0.058823        0.400974
     C    2        0.298910        0.400974       -0.087775

     C    3        0.095072       -0.289199        0.213400
     C    3       -0.289199        0.094122        0.401861
     C    3        0.213400        0.401861       -0.189194

     H    4        0.401701        0.313235        0.775267
     H    4        0.313235       -0.412845        0.314906
     H    4        0.775267        0.314906        0.011144

     C    5        0.196182       -0.180655        0.370149
     C    5       -0.180655       -0.054252        0.314361
     C    5        0.370149        0.314361       -0.141930

     H    6       -0.531708        0.018416        0.022351
     H    6        0.018416        0.606422        0.749091
     H    6        0.022351        0.749091       -0.074715

     H    7       -0.513575       -0.123545        0.072174
     H    7       -0.123545        0.673957       -0.669779
     H    7        0.072174       -0.669779       -0.160381

     C    8        0.204205        0.169228        0.304939
     C    8        0.169228        0.117352       -0.274838
     C    8        0.304939       -0.274838       -0.321556

     H    9        0.424523       -0.172099        0.811824
     H    9       -0.172099       -0.452219       -0.218847
     H    9        0.811824       -0.218847        0.027696

     C   10        0.046796        0.219552        0.271868
     C   10        0.219552        0.240146       -0.380392
     C   10        0.271868       -0.380392       -0.286942

     C   11        0.170169        0.074371        0.390299
     C   11        0.074371        0.156773       -0.415856
     C   11        0.390299       -0.415856       -0.326941

     Cl  12        0.117295        0.206834        0.050637
     Cl  12        0.206834        0.025107        0.021305
     Cl  12        0.050637        0.021305       -0.142402

     H   13       -0.475245       -0.254327       -0.122176
     H   13       -0.254327        0.546475        0.705981
     H   13       -0.122176        0.705981       -0.071229

     C   14        0.176545       -0.339929        0.298581
     C   14       -0.339929       -0.048364        0.257919
     C   14        0.298581        0.257919       -0.128182

     H   15        0.196836        0.261277        0.767547
     H   15        0.261277       -0.444938        0.341399
     H   15        0.767547        0.341399        0.248102

     C   16        0.080917       -0.341381        0.199643
     C   16       -0.341381        0.007881        0.395388
     C   16        0.199643        0.395388       -0.088799

     C   17        0.211045       -0.253167        0.312829
     C   17       -0.253167       -0.127583        0.439192
     C   17        0.312829        0.439192       -0.083462

     Cl  18        0.220375       -0.230959        0.026842
     Cl  18       -0.230959       -0.081839       -0.014013
     Cl  18        0.026842       -0.014013       -0.138536

     H   19       -0.505131       -0.096401        0.060233
     H   19       -0.096401        0.806480       -0.589231
     H   19        0.060233       -0.589231       -0.301349

     C   20        0.309456        0.128750        0.351583
     C   20        0.128750        0.079219       -0.285750
     C   20        0.351583       -0.285750       -0.388675

     H   21        0.416058       -0.330825        0.729174
     H   21       -0.330825       -0.409384       -0.309400
     H   21        0.729174       -0.309400       -0.006674

     C   22        0.112305        0.200543        0.237010
     C   22        0.200543        0.249131       -0.350209
     C   22        0.237010       -0.350209       -0.361436

     C   23        0.170588        0.183036        0.318513
     C   23        0.183036        0.204387       -0.326431
     C   23        0.318513       -0.326431       -0.374975

     Cl  24        0.122066        0.222469        0.036362
     Cl  24        0.222469        0.048279        0.024879
     Cl  24        0.036362        0.024879       -0.170346

     ----- GIPAW term -----
     Cl   1       -1.191758       -0.686936       -0.217902
     Cl   1       -0.686936       -0.164672        1.989902
     Cl   1       -0.217902        1.989902        1.356430

     C    2       -0.075985       -0.071578       -0.006064
     C    2       -0.071578        0.098895        0.159903
     C    2       -0.006064        0.159903       -0.022909

     C    3       -0.027043       -0.063251       -0.112912
     C    3       -0.063251        0.040769        0.092689
     C    3       -0.112912        0.092689       -0.013726

     H    4       -0.000000        0.000000        0.000000
     H    4        0.000000        0.000000        0.000000
     H    4        0.000000        0.000000        0.000000

     C    5        0.047535       -0.173643       -0.117975
     C    5       -0.173643       -0.009120        0.006340
     C    5       -0.117975        0.006340       -0.038414

     H    6       -0.000000        0.000000        0.000000
     H    6        0.000000        0.000000        0.000000
     H    6        0.000000        0.000000        0.000000

     H    7       -0.000000        0.000000        0.000000
     H    7        0.000000        0.000000        0.000000
     H    7        0.000000        0.000000        0.000000

     C    8       -0.127731       -0.126014       -0.079064
     C    8       -0.126014        0.134985        0.087601
     C    8       -0.079064        0.087601       -0.007253

     H    9       -0.000000        0.000000        0.000000
     H    9        0.000000        0.000000        0.000000
     H    9        0.000000        0.000000        0.000000

     C   10       -0.083698       -0.132260       -0.058482
     C   10       -0.132260        0.155100        0.190427
     C   10       -0.058482        0.190427       -0.071402

     C   11        0.025225       -0.109469       -0.158233
     C   11       -0.109469        0.098055        0.142452
     C   11       -0.158233        0.142452       -0.123280

     Cl  12       -0.043653        0.048286       -1.076755
     Cl  12        0.048286        0.553946        1.734260
     Cl  12       -1.076755        1.734260       -0.510292

     H   13       -0.000000        0.000000        0.000000
     H   13        0.000000        0.000000        0.000000
     H   13        0.000000        0.000000        0.000000

     C   14       -0.114224        0.092869       -0.036379
     C   14        0.092869        0.166302       -0.020597
     C   14       -0.036379       -0.020597       -0.052078

     H   15       -0.000000        0.000000        0.000000
     H   15        0.000000        0.000000        0.000000
     H   15        0.000000        0.000000        0.000000

     C   16       -0.053870        0.051062       -0.028472
     C   16        0.051062        0.101533       -0.125089
     C   16       -0.028472       -0.125089       -0.047663

     C   17       -0.096361       -0.151030       -0.001188
     C   17       -0.151030        0.209134       -0.092397
     C   17       -0.001188       -0.092397       -0.112773

     Cl  18        2.304889       -1.928152        1.331366
     Cl  18       -1.928152       -0.812115        0.323401
     Cl  18        1.331366        0.323401       -1.492774

     H   19       -0.000000        0.000000        0.000000
     H   19        0.000000        0.000000        0.000000
     H   19        0.000000        0.000000        0.000000

     C   20       -0.085931       -0.114211       -0.075481
     C   20       -0.114211        0.106926        0.231027
     C   20       -0.075481        0.231027       -0.020995

     H   21       -0.000000        0.000000        0.000000
     H   21        0.000000        0.000000        0.000000
     H   21        0.000000        0.000000        0.000000

     C   22       -0.133966       -0.163525       -0.121756
     C   22       -0.163525        0.162494        0.145823
     C   22       -0.121756        0.145823       -0.028528

     C   23        0.052864        0.009348       -0.012606
     C   23        0.009348        0.071991        0.043045
     C   23       -0.012606        0.043045       -0.124855

     Cl  24        0.148405        1.480957        0.224890
     Cl  24        1.480957        0.199948       -1.295765
     Cl  24        0.224890       -1.295765       -0.348353

     ----- total EFG -----
     Cl   1       -1.243514       -0.609604       -0.177294
     Cl   1       -0.609604       -0.178302        1.961226
     Cl   1       -0.177294        1.961226        1.421816

     C    2        0.063829       -0.428295        0.083598
     C    2       -0.428295       -0.171432        0.067906
     C    2        0.083598        0.067906        0.107603

     C    3       -0.370847        0.089671       -0.222729
     C    3        0.089671        0.274034        0.448814
     C    3       -0.222729        0.448814        0.096813

     H    4        0.474976        0.284680        0.549729
     H    4        0.284680       -0.215322       -0.181326
     H    4        0.549729       -0.181326       -0.259654

     C    5        0.168300       -0.679506       -0.199603
     C    5       -0.679506       -0.132447       -0.162802
     C    5       -0.199603       -0.162802       -0.035853

     H    6       -0.379391        0.291420        0.260790
     H    6        0.291420        0.381426        0.234118
     H    6        0.260790        0.234118       -0.002035

     H    7       -0.115632       -0.083520        0.040732
     H    7       -0.083520        0.278147       -0.134423
     H    7        0.040732       -0.134423       -0.162515

     C    8       -0.508510       -0.308984       -0.182969
     C    8       -0.308984        0.487118        0.136916
     C    8       -0.182969        0.136916        0.021391

     H    9        0.476952       -0.136623        0.345299
     H    9       -0.136623       -0.273335       -0.468176
     H    9        0.345299       -0.468176       -0.203617

     C   10       -0.050380       -0.262449        0.045719
     C   10       -0.262449        0.278147        0.452961
     C   10        0.045719        0.452961       -0.227767

     C   11       -0.024757       -0.281922       -0.306210
     C   11       -0.281922        0.350985        0.114814
     C   11       -0.306210        0.114814       -0.326227

     Cl  12        0.089496        0.255768       -1.008179
     Cl  12        0.255768        0.530011        1.655425
     Cl  12       -1.008179        1.655425       -0.619507

     H   13       -0.427188       -0.319970        0.226699
     H   13       -0.319970        0.606500        0.325003
     H   13        0.226699        0.325003       -0.179311

     C   14       -0.595586        0.072370       -0.078530
     C   14        0.072370        0.493211        0.173516
     C   14       -0.078530        0.173516        0.102375

     H   15        0.352257        0.185400        0.474088
     H   15        0.185400       -0.074631        0.528050
     H   15        0.474088        0.528050       -0.277626

     C   16        0.151274       -0.106287        0.083625
     C   16       -0.106287        0.009402       -0.178523
     C   16        0.083625       -0.178523       -0.160676

     C   17       -0.411223       -0.067818        0.078795
     C   17       -0.067818        0.236787        0.020306
     C   17        0.078795        0.020306        0.174436

     Cl  18        2.616506       -2.182969        1.464520
     Cl  18       -2.182969       -0.953698        0.364948
     Cl  18        1.464520        0.364948       -1.662808

     H   19       -0.061770        0.161398        0.105940
     H   19        0.161398        0.051166       -0.660347
     H   19        0.105940       -0.660347        0.010604

     C   20        0.011391       -0.192621        0.019328
     C   20       -0.192621        0.139238        0.438289
     C   20        0.019328        0.438289       -0.150629

     H   21        0.217423        0.096723        0.342739
     H   21        0.096723       -0.505678       -0.045135
     H   21        0.342739       -0.045135        0.288255

     C   22       -0.456686       -0.337768       -0.196630
     C   22       -0.337768        0.527390        0.180910
     C   22       -0.196630        0.180910       -0.070704

     C   23        0.196413        0.024355        0.087611
     C   23        0.024355        0.126753        0.267216
     C   23        0.087611        0.267216       -0.323167

     Cl  24        0.104747        1.575880        0.281182
     Cl  24        1.575880        0.255179       -1.411909
     Cl  24        0.281182       -1.411909       -0.359926

     ----- total EFG (symmetrized) -----
     Cl   1       -1.243514       -0.609604       -0.177294
     Cl   1       -0.609604       -0.178302        1.961226
     Cl   1       -0.177294        1.961226        1.421816

     C    2        0.063829       -0.428295        0.083598
     C    2       -0.428295       -0.171432        0.067906
     C    2        0.083598        0.067906        0.107603

     C    3       -0.370847        0.089671       -0.222729
     C    3        0.089671        0.274034        0.448814
     C    3       -0.222729        0.448814        0.096813

     H    4        0.474976        0.284680        0.549729
     H    4        0.284680       -0.215322       -0.181326
     H    4        0.549729       -0.181326       -0.259654

     C    5        0.168300       -0.679506       -0.199603
     C    5       -0.679506       -0.132447       -0.162802
     C    5       -0.199603       -0.162802       -0.035853

     H    6       -0.379391        0.291420        0.260790
     H    6        0.291420        0.381426        0.234118
     H    6        0.260790        0.234118       -0.002035

     H    7       -0.115632       -0.083520        0.040732
     H    7       -0.083520        0.278147       -0.134423
     H    7        0.040732       -0.134423       -0.162515

     C    8       -0.508510       -0.308984       -0.182969
     C    8       -0.308984        0.487118        0.136916
     C    8       -0.182969        0.136916        0.021391

     H    9        0.476952       -0.136623        0.345299
     H    9       -0.136623       -0.273335       -0.468176
     H    9        0.345299       -0.468176       -0.203617

     C   10       -0.050380       -0.262449        0.045719
     C   10       -0.262449        0.278147        0.452961
     C   10        0.045719        0.452961       -0.227767

     C   11       -0.024757       -0.281922       -0.306210
     C   11       -0.281922        0.350985        0.114814
     C   11       -0.306210        0.114814       -0.326227

     Cl  12        0.089496        0.255768       -1.008179
     Cl  12        0.255768        0.530011        1.655425
     Cl  12       -1.008179        1.655425       -0.619507

     H   13       -0.427188       -0.319970        0.226699
     H   13       -0.319970        0.606500        0.325003
     H   13        0.226699        0.325003       -0.179311

     C   14       -0.595586        0.072370       -0.078530
     C   14        0.072370        0.493211        0.173516
     C   14       -0.078530        0.173516        0.102375

     H   15        0.352257        0.185400        0.474088
     H   15        0.185400       -0.074631        0.528050
     H   15        0.474088        0.528050       -0.277626

     C   16        0.151274       -0.106287        0.083625
     C   16       -0.106287        0.009402       -0.178523
     C   16        0.083625       -0.178523       -0.160676

     C   17       -0.411223       -0.067818        0.078795
     C   17       -0.067818        0.236787        0.020306
     C   17        0.078795        0.020306        0.174436

     Cl  18        2.616506       -2.182969        1.464520
     Cl  18       -2.182969       -0.953698        0.364948
     Cl  18        1.464520        0.364948       -1.662808

     H   19       -0.061770        0.161398        0.105940
     H   19        0.161398        0.051166       -0.660347
     H   19        0.105940       -0.660347        0.010604

     C   20        0.011391       -0.192621        0.019328
     C   20       -0.192621        0.139238        0.438289
     C   20        0.019328        0.438289       -0.150629

     H   21        0.217423        0.096723        0.342739
     H   21        0.096723       -0.505678       -0.045135
     H   21        0.342739       -0.045135        0.288255

     C   22       -0.456686       -0.337768       -0.196630
     C   22       -0.337768        0.527390        0.180910
     C   22       -0.196630        0.180910       -0.070704

     C   23        0.196413        0.024355        0.087611
     C   23        0.024355        0.126753        0.267216
     C   23        0.087611        0.267216       -0.323167

     Cl  24        0.104747        1.575880        0.281182
     Cl  24        1.575880        0.255179       -1.411909
     Cl  24        0.281182       -1.411909       -0.359926


     NQR/NMR SPECTROSCOPIC PARAMETERS:
     Cl   1    Vxx=   -0.9839    axis=(  0.778956 -0.456694  0.429718)
     Cl   1    Vyy=   -1.8153    axis=( -0.615338 -0.688665  0.383536)
     Cl   1    Vzz=    2.7992    axis=( -0.120773  0.563179  0.817461)
     Cl   1  Q=        -8.1650 1e-30 m^2  Cq=       -53.7007 MHz  eta= 0.29700

     C    2    Vxx=    0.1229    axis=(  0.026496  0.187987  0.981814)
     C    2    Vyy=    0.3927    axis=( -0.798384  0.595019 -0.092382)
     C    2    Vzz=   -0.5156    axis=( -0.601565 -0.781417  0.165852)
     C    2  Q=         1.0000 1e-30 m^2  Cq=        -1.2114 MHz  eta= 0.52339

     C    3    Vxx=   -0.0900    axis=( -0.621225 -0.543291  0.564725)
     C    3    Vyy=   -0.5584    axis=( -0.780058  0.359981 -0.511784)
     C    3    Vzz=    0.6483    axis=(  0.074757 -0.758452 -0.647427)
     C    3  Q=         1.0000 1e-30 m^2  Cq=         1.5233 MHz  eta= 0.72250

     H    4    Vxx=   -0.0694    axis=(  0.094508  0.842722 -0.529989)
     H    4    Vyy=   -0.7283    axis=( -0.454319  0.510211  0.730259)
     H    4    Vzz=    0.7977    axis=(  0.885812  0.171769  0.431083)
     H    4  Q=         1.0000 1e-30 m^2  Cq=         1.8743 MHz  eta= 0.82610

     C    5    Vxx=    0.0473    axis=( -0.145621 -0.302615  0.941923)
     C    5    Vyy=    0.7179    axis=( -0.786004  0.613581  0.075612)
     C    5    Vzz=   -0.7653    axis=( -0.600827 -0.729344 -0.327207)
     C    5  Q=         1.0000 1e-30 m^2  Cq=        -1.7980 MHz  eta= 0.87636

     H    6    Vxx=   -0.0897    axis=(  0.202697 -0.533421  0.821204)
     H    6    Vyy=   -0.5437    axis=(  0.913877 -0.198209 -0.354320)
     H    6    Vzz=    0.6334    axis=(  0.351771  0.822299  0.447304)
     H    6  Q=         1.0000 1e-30 m^2  Cq=         1.4883 MHz  eta= 0.71667

     H    7    Vxx=   -0.1304    axis=(  0.954094  0.249541  0.165632)
     H    7    Vyy=   -0.2041    axis=( -0.223612  0.225582  0.948214)
     H    7    Vzz=    0.3345    axis=(  0.199255 -0.941723  0.271027)
     H    7  Q=         1.0000 1e-30 m^2  Cq=         0.7860 MHz  eta= 0.22031

     C    8    Vxx=   -0.0034    axis=( -0.128743 -0.340987  0.931210)
     C    8    Vyy=   -0.6274    axis=( -0.947169 -0.235883 -0.217324)
     C    8    Vzz=    0.6309    axis=(  0.293761 -0.909993 -0.292604)
     C    8  Q=         1.0000 1e-30 m^2  Cq=         1.4823 MHz  eta= 0.98907

     H    9    Vxx=   -0.0049    axis=(  0.559964  0.637607 -0.529053)
     H    9    Vyy=   -0.7248    axis=( -0.124118  0.695906  0.707326)
     H    9    Vzz=    0.7297    axis=(  0.819167 -0.330412  0.468821)
     H    9  Q=         1.0000 1e-30 m^2  Cq=         1.7145 MHz  eta= 0.98670

     C   10    Vxx=   -0.0524    axis=(  0.887871  0.085453  0.452088)
     C   10    Vyy=   -0.5569    axis=(  0.344096  0.528952 -0.775763)
     C   10    Vzz=    0.6093    axis=( -0.305424  0.844339  0.440237)
     C   10  Q=         1.0000 1e-30 m^2  Cq=         1.4315 MHz  eta= 0.82812

     C   11    Vxx=   -0.0536    axis=(  0.649274  0.589001 -0.481167)
     C   11    Vyy=   -0.5204    axis=( -0.552599 -0.069352 -0.830557)
     C   11    Vzz=    0.5740    axis=( -0.522568  0.805151  0.280453)
     C   11  Q=         1.0000 1e-30 m^2  Cq=         1.3486 MHz  eta= 0.81329

     Cl  12    Vxx=    0.4074    axis=(  0.884873  0.434145 -0.168873)
     Cl  12    Vyy=    1.8048    axis=(  0.249749 -0.748154 -0.614728)
     Cl  12    Vzz=   -2.2122    axis=( -0.393225  0.501780 -0.770449)
     Cl  12  Q=        -8.1650 1e-30 m^2  Cq=        42.4402 MHz  eta= 0.63169

     H   13    Vxx=   -0.0578    axis=(  0.587122 -0.109602  0.802044)
     H   13    Vyy=   -0.7115    axis=( -0.784523 -0.321253  0.530396)
     H   13    Vzz=    0.7693    axis=( -0.199527  0.940630  0.274600)
     H   13  Q=         1.0000 1e-30 m^2  Cq=         1.8074 MHz  eta= 0.84979

     C   14    Vxx=    0.0516    axis=( -0.150667 -0.340014  0.928272)
     C   14    Vyy=    0.5605    axis=(  0.034940  0.936573  0.348726)
     C   14    Vzz=   -0.6121    axis=( -0.987967  0.084976 -0.129230)
     C   14  Q=         1.0000 1e-30 m^2  Cq=        -1.4381 MHz  eta= 0.83151

     H   15    Vxx=   -0.0441    axis=(  0.653888 -0.706626 -0.270390)
     H   15    Vyy=   -0.7779    axis=(  0.249266  0.538628 -0.804827)
     H   15    Vzz=    0.8220    axis=(  0.714351  0.458868  0.528340)
     H   15  Q=         1.0000 1e-30 m^2  Cq=         1.9313 MHz  eta= 0.89261

     C   16    Vxx=    0.0017    axis=(  0.666559  0.647773 -0.368904)
     C   16    Vyy=    0.2722    axis=( -0.744544  0.554084 -0.372351)
     C   16    Vzz=   -0.2739    axis=( -0.036795  0.522859  0.851624)
     C   16  Q=         1.0000 1e-30 m^2  Cq=        -0.6435 MHz  eta= 0.98758

     C   17    Vxx=    0.1828    axis=(  0.149356 -0.178247  0.972585)
     C   17    Vyy=    0.2462    axis=(  0.078009 -0.978427 -0.191297)
     C   17    Vzz=   -0.4290    axis=(  0.985701  0.104442 -0.132229)
     C   17  Q=         1.0000 1e-30 m^2  Cq=        -1.0079 MHz  eta= 0.14767

     Cl  18    Vxx=   -1.0144    axis=(  0.136817  0.698680  0.702230)
     Cl  18    Vyy=   -2.8887    axis=(  0.419375  0.601381 -0.680048)
     Cl  18    Vzz=    3.9031    axis=(  0.897444 -0.387540  0.210730)
     Cl  18  Q=        -8.1650 1e-30 m^2  Cq=       -74.8782 MHz  eta= 0.48022

     H   19    Vxx=   -0.0073    axis=(  0.955531  0.160006  0.247707)
     H   19    Vyy=   -0.6867    axis=( -0.289196  0.672737  0.681022)
     H   19    Vzz=    0.6940    axis=( -0.057674 -0.722374  0.689094)
     H   19  Q=         1.0000 1e-30 m^2  Cq=         1.6306 MHz  eta= 0.97902

     C   20    Vxx=    0.0006    axis=(  0.921930  0.089401  0.376898)
     C   20    Vyy=    0.5004    axis=(  0.293126 -0.797090 -0.527944)
     C   20    Vzz=   -0.5010    axis=(  0.253223  0.597206 -0.761067)
     C   20  Q=         1.0000 1e-30 m^2  Cq=        -1.1771 MHz  eta= 0.99755

     H   21    Vxx=   -0.0680    axis=( -0.716119 -0.226349  0.660258)
     H   21    Vyy=   -0.5303    axis=(  0.186314 -0.973623 -0.131699)
     H   21    Vzz=    0.5983    axis=(  0.672652  0.028703  0.739402)
     H   21  Q=         1.0000 1e-30 m^2  Cq=         1.4058 MHz  eta= 0.77266

     C   22    Vxx=   -0.1039    axis=( -0.171917 -0.355303  0.918806)
     C   22    Vyy=   -0.5986    axis=( -0.934125 -0.237376 -0.266576)
     C   22    Vzz=    0.7025    axis=(  0.312818 -0.904109 -0.291088)
     C   22  Q=         1.0000 1e-30 m^2  Cq=         1.6506 MHz  eta= 0.70428

     C   23    Vxx=    0.1641    axis=(  0.823708 -0.546393 -0.151526)
     C   23    Vyy=    0.2908    axis=(  0.556946  0.729520  0.397004)
     C   23    Vzz=   -0.4549    axis=( -0.106380 -0.411407  0.905222)
     C   23  Q=         1.0000 1e-30 m^2  Cq=        -1.0689 MHz  eta= 0.27835

     Cl  24    Vxx=    0.1284    axis=(  0.667775 -0.121029  0.734458)
     Cl  24    Vyy=    2.0914    axis=( -0.544340 -0.752398  0.370932)
     Cl  24    Vzz=   -2.2197    axis=(  0.507712 -0.647494 -0.568314)
     Cl  24  Q=        -8.1650 1e-30 m^2  Cq=        42.5847 MHz  eta= 0.88432

     Initialization:
     gipaw_setup  :      9.11s CPU     10.86s WALL (       1 calls)

     Linear response

     Apply operators

     Induced current

     Other routines
     efg          :      9.21s CPU     11.71s WALL (       1 calls)

     General routines
     calbec       :      3.29s CPU      4.38s WALL (      16 calls)
     fft          :      1.52s CPU      2.19s WALL (      15 calls)
     ffts         :      0.03s CPU      0.04s WALL (       2 calls)
     fftw         :      3.14s CPU      3.85s WALL (     672 calls)
     davcio       :      0.02s CPU      0.31s WALL (      32 calls)

     Parallel routines
     fft_scatter  :      2.12s CPU      3.30s WALL (     689 calls)

     Plugins

     GIPAW        :     60.47s CPU     71.99s WALL (       1 calls)
