
     Program QE v.6.0 (svn rev. 13079) starts on  9Jan2017 at 12:24:18 

     This program is part of the open-source Quantum ESPRESSO suite
     for quantum simulation of materials; please cite
         "P. Giannozzi et al., J. Phys.:Condens. Matter 21 395502 (2009);
          URL http://www.quantum-espresso.org", 
     in publications or presentations arising from this work. More details at
     http://www.quantum-espresso.org/quote

     Parallel version (MPI), running on     8 processors
     R & G space division:  proc/nbgrp/npool/nimage =       8

     ***** This is GIPAW svn revision unknown      *****

     Parallelizing q-star over 1 images

     Reading data from directory:
     /users/majewski/paradichlorobenzene/pbe/9_constraint/scratch/pbe.ecut100.np8.dt60.pcl2phi-129368.save
     Message from routine read_xml_file:
     file /users/majewski/paradichlorobenzene/pbe/9_constraint/scratch/pbe.ecut100.np8.dt60.pcl2phi-129368.save not guaranteed to be safe for post-processing

   Info: using nr1, nr2, nr3 values from input

   Info: using nr1, nr2, nr3 values from input

     IMPORTANT: XC functional enforced from input :
     Exchange-correlation      =  SLA  PW   PBX  PBC ( 1  4  3  4 0 0)
     Any further DFT definition will be discarded
     Please, verify this is what you really want

               file C.pbe-n-kjpaw_psl.1.0.0.UPF: wavefunction(s)  2S 2P renormalized
               file Cl.pbe-n-kjpaw_psl.1.0.0.UPF: wavefunction(s)  3S 3P renormalized
               file H.pbe-kjpaw_psl.1.0.0.UPF: wavefunction(s)  1S renormalized

     Parallelization info
     --------------------
     sticks:   dense  smooth     PW     G-vecs:    dense   smooth      PW
     Min        3057    1223    332               144436    36536    5170
     Max        3059    1225    333               144437    36537    5171
     Sum       24467    9791   2657              1155489   292295   41363


     Subspace diagonalization in iterative solution of the eigenvalue problem:
     a serial algorithm will be used

     GIPAW projectors -----------------------------------------------
     atom=  C    l=0  rc=    1.2000  rs=    0.8000
     atom=  C    l=0  rc=    1.2000  rs=    0.8000
     atom=  C    l=1  rc=    1.4000  rs=    0.9333
     atom=  C    l=1  rc=    1.4000  rs=    0.9333
     projs nearly linearly dependent: l=1  n1,n2= 1, 2  s=  0.99951561

     atom=  Cl   l=0  rc=    1.6000  rs=    1.0667
     atom=  Cl   l=0  rc=    1.6000  rs=    1.0667
     atom=  Cl   l=1  rc=    1.6000  rs=    1.0667
     atom=  Cl   l=1  rc=    1.6000  rs=    1.0667
     atom=  Cl   l=2  rc=    1.6000  rs=    1.0667
     atom=  Cl   l=2  rc=    1.6000  rs=    1.0667
     projs nearly linearly dependent: l=2  n1,n2= 1, 2  s=  0.99993509

     atom=  H    l=0  rc=    1.0000  rs=    0.6667
     atom=  H    l=0  rc=    1.0000  rs=    0.6667
     projs nearly linearly dependent: l=0  n1,n2= 1, 2  s=  0.99968852
     -----------------------------------------------------------------

     GIPAW integrals: -------------------------------------------
     Atom  i/j   nmr_para   nmr_dia   epr_rmc  epr_para   epr_dia
       C   1 1   0.83E+03  0.17E-01  0.93E+01  0.24E+08  0.24E+03
       C   2 1   0.86E+03 -0.61E-01  0.94E+01  0.25E+08  0.25E+03
       C   2 2   0.90E+03 -0.15E+00  0.97E+01  0.26E+08  0.26E+03
       C   3 3   0.33E+01  0.34E+00  0.18E+01  0.55E+03  0.21E+02
       C   4 3   0.35E+01  0.37E+00  0.20E+01  0.59E+03  0.22E+02
       C   4 4   0.38E+01  0.39E+00  0.22E+01  0.63E+03  0.24E+02
       Cl  1 1   0.14E+04 -0.47E+00  0.84E+01  0.32E+09  0.42E+03
       Cl  2 1   0.21E+04 -0.37E+00  0.12E+02  0.49E+09  0.65E+03
       Cl  2 2   0.33E+04 -0.16E+00  0.21E+02  0.76E+09  0.10E+04
       Cl  3 3   0.21E+02  0.79E-01  0.89E+01  0.23E+05  0.13E+03
       Cl  4 3   0.24E+02  0.67E-01  0.99E+01  0.27E+05  0.15E+03
       Cl  4 4   0.28E+02  0.44E-01  0.11E+02  0.32E+05  0.18E+03
       Cl  5 5   0.77E+00  0.19E+00  0.18E+01  0.12E+03  0.22E+02
       Cl  6 5   0.80E+00  0.19E+00  0.19E+01  0.12E+03  0.23E+02
       Cl  6 6   0.83E+00  0.20E+00  0.19E+01  0.12E+03  0.23E+02
       H   1 1   0.39E+02  0.19E+00  0.29E+00  0.78E+05  0.13E+02
       H   2 1   0.41E+02  0.21E+00  0.32E+00  0.82E+05  0.14E+02
       H   2 2   0.43E+02  0.22E+00  0.36E+00  0.86E+05  0.15E+02
     ------------------------------------------------------------

     alpha_pv=     33.9601 eV

     Number of occupied bands for each k-point:
     k-point:     1    nbnd_occ=  42
     k-point:     2    nbnd_occ=  42
     k-point:     3    nbnd_occ=  42
     k-point:     4    nbnd_occ=  42
     k-point:     5    nbnd_occ=  42
     k-point:     6    nbnd_occ=  42
     k-point:     7    nbnd_occ=  42
     k-point:     8    nbnd_occ=  42
     k-point:     9    nbnd_occ=  42
     k-point:    10    nbnd_occ=  42
     k-point:    11    nbnd_occ=  42
     k-point:    12    nbnd_occ=  42
     k-point:    13    nbnd_occ=  42
     k-point:    14    nbnd_occ=  42
     k-point:    15    nbnd_occ=  42
     k-point:    16    nbnd_occ=  42


     q-space interpolation up to   110.00 Rydberg

     GIPAW job: efg                                                                             


     ELECTRIC FIELD GRADIENTS TENSORS IN Hartree/bohrradius^2:

     ----- bare term -----
     Cl   1       -0.068908        0.023869        0.004590
     Cl   1        0.023869       -0.043203       -0.020391
     Cl   1        0.004590       -0.020391        0.112112

     C    2       -0.155267        0.180554       -0.236371
     C    2        0.180554       -0.045080       -0.598951
     C    2       -0.236371       -0.598951        0.200347

     C    3       -0.215619        0.134333       -0.178991
     C    3        0.134333       -0.002512       -0.195008
     C    3       -0.178991       -0.195008        0.218131

     H    4       -0.556707       -0.463103        0.090493
     H    4       -0.463103        0.258035        0.039325
     H    4        0.090493        0.039325        0.298672

     C    5       -0.038036        0.396366       -0.132947
     C    5        0.396366       -0.204275       -0.395412
     C    5       -0.132947       -0.395412        0.242311

     H    6        0.388489       -0.316733        0.000894
     H    6       -0.316733       -0.742895       -0.181343
     H    6        0.000894       -0.181343        0.354406

     H    7        0.406792        0.006225       -0.192453
     H    7        0.006225       -0.292909        0.451744
     H    7       -0.192453        0.451744       -0.113882

     C    8       -0.629164       -0.335142       -0.215762
     C    8       -0.335142        0.244251        0.363424
     C    8       -0.215762        0.363424        0.384914

     H    9        0.007995        0.026017       -0.526438
     H    9        0.026017        0.322922       -0.171192
     H    9       -0.526438       -0.171192       -0.330917

     C   10       -0.044522       -0.061635       -0.195154
     C   10       -0.061635       -0.058507        0.590483
     C   10       -0.195154        0.590483        0.103030

     C   11       -0.371255       -0.312346       -0.180540
     C   11       -0.312346       -0.071905        0.477180
     C   11       -0.180540        0.477180        0.443160

     Cl  12       -0.011658       -0.005779       -0.090171
     Cl  12       -0.005779       -0.017870        0.051440
     Cl  12       -0.090171        0.051440        0.029528

     H   13        0.465162       -0.029510       -0.042449
     H   13       -0.029510       -0.313704       -0.453653
     H   13       -0.042449       -0.453653       -0.151457

     C   14       -0.605452        0.344438       -0.213320
     C   14        0.344438        0.285469       -0.351930
     C   14       -0.213320       -0.351930        0.319983

     H   15       -0.364024        0.148941       -0.412928
     H   15        0.148941        0.023414       -0.242476
     H   15       -0.412928       -0.242476        0.340609

     C   16        0.040117        0.303977       -0.099191
     C   16        0.303977       -0.141217       -0.578072
     C   16       -0.099191       -0.578072        0.101100

     C   17       -0.443006        0.320342       -0.434608
     C   17        0.320342        0.263195       -0.199664
     C   17       -0.434608       -0.199664        0.179810

     Cl  18       -0.084149        0.109413        0.065005
     Cl  18        0.109413       -0.032501        0.076635
     Cl  18        0.065005        0.076635        0.116650

     H   19        0.256152       -0.188728        0.157830
     H   19       -0.188728       -0.342065        0.557878
     H   19        0.157830        0.557878        0.085913

     C   20       -0.131700        0.201255       -0.472232
     C   20        0.201255       -0.074087        0.477765
     C   20       -0.472232        0.477765        0.205787

     H   21       -0.087143        0.160156       -0.356962
     H   21        0.160156        0.473251        0.035301
     H   21       -0.356962        0.035301       -0.386109

     C   22       -0.162288       -0.413774       -0.305855
     C   22       -0.413774       -0.233789        0.204533
     C   22       -0.305855        0.204533        0.396077

     C   23        0.078402        0.308583       -0.556454
     C   23        0.308583       -0.209416        0.570167
     C   23       -0.556454        0.570167        0.131014

     Cl  24       -0.178819       -0.206184       -0.066850
     Cl  24       -0.206184       -0.077255       -0.010624
     Cl  24       -0.066850       -0.010624        0.256074

     ----- ionic term -----
     Cl   1        0.067299       -0.194997        0.016718
     Cl   1       -0.194997        0.090606       -0.011090
     Cl   1        0.016718       -0.011090       -0.157905

     C    2        0.169592       -0.176801        0.248585
     C    2       -0.176801        0.192880        0.310963
     C    2        0.248585        0.310963       -0.362472

     C    3        0.232348       -0.197069        0.135007
     C    3       -0.197069        0.135920        0.354936
     C    3        0.135007        0.354936       -0.368268

     H    4        0.720181        0.239571        0.609649
     H    4        0.239571       -0.480367        0.180856
     H    4        0.609649        0.180856       -0.239814

     C    5        0.367726       -0.155028        0.147475
     C    5       -0.155028        0.025621        0.329616
     C    5        0.147475        0.329616       -0.393347

     H    6       -0.492344        0.016220       -0.008510
     H    6        0.016220        0.630714        0.717162
     H    6       -0.008510        0.717162       -0.138370

     H    7       -0.525696       -0.111239        0.085682
     H    7       -0.111239        0.644252       -0.709593
     H    7        0.085682       -0.709593       -0.118557

     C    8        0.175285        0.213028        0.403349
     C    8        0.213028        0.032862       -0.266165
     C    8        0.403349       -0.266165       -0.208147

     H    9        0.473042       -0.322753        0.716052
     H    9       -0.322753       -0.391375       -0.289838
     H    9        0.716052       -0.289838       -0.081667

     C   10        0.039813        0.267094        0.239818
     C   10        0.267094        0.198360       -0.400859
     C   10        0.239818       -0.400859       -0.238173

     C   11        0.044012        0.233747        0.301755
     C   11        0.233747        0.124232       -0.418633
     C   11        0.301755       -0.418633       -0.168244

     Cl  12        0.120710        0.202745        0.018700
     Cl  12        0.202745        0.012549        0.009215
     Cl  12        0.018700        0.009215       -0.133259

     H   13       -0.523845        0.098697        0.070152
     H   13        0.098697        0.757257        0.659717
     H   13        0.070152        0.659717       -0.233411

     C   14        0.262868       -0.215960        0.148671
     C   14       -0.215960        0.094562        0.315459
     C   14        0.148671        0.315459       -0.357430

     H   15        0.737821        0.283605        0.609907
     H   15        0.283605       -0.456953        0.220258
     H   15        0.609907        0.220258       -0.280868

     C   16        0.135445       -0.200516        0.106193
     C   16       -0.200516        0.186381        0.480045
     C   16        0.106193        0.480045       -0.321826

     C   17        0.228545       -0.103738        0.155594
     C   17       -0.103738        0.111657        0.495354
     C   17        0.155594        0.495354       -0.340202

     Cl  18        0.131737       -0.216272       -0.049854
     Cl  18       -0.216272       -0.003018        0.042544
     Cl  18       -0.049854        0.042544       -0.128719

     H   19       -0.524511       -0.007002        0.015478
     H   19       -0.007002        0.570740       -0.737975
     H   19        0.015478       -0.737975       -0.046229

     C   20        0.171739        0.284851        0.306822
     C   20        0.284851        0.060326       -0.280683
     C   20        0.306822       -0.280683       -0.232066

     H   21        0.487497       -0.059056        0.787923
     H   21       -0.059056       -0.489540       -0.140579
     H   21        0.787923       -0.140579        0.002043

     C   22        0.112061        0.355808        0.251681
     C   22        0.355808        0.170519       -0.325585
     C   22        0.251681       -0.325585       -0.282581

     C   23        0.127642        0.205869        0.424881
     C   23        0.205869        0.050675       -0.336873
     C   23        0.424881       -0.336873       -0.178316

     Cl  24        0.131549        0.195562        0.069967
     Cl  24        0.195562        0.006895        0.033348
     Cl  24        0.069967        0.033348       -0.138444

     ----- GIPAW term -----
     Cl   1        0.954771       -2.187684       -0.002223
     Cl   1       -2.187684       -0.247464       -0.157999
     Cl   1       -0.002223       -0.157999       -0.707307

     C    2       -0.023366        0.051043       -0.132942
     C    2        0.051043        0.017686       -0.213709
     C    2       -0.132942       -0.213709        0.005680

     C    3       -0.026844        0.086092       -0.095753
     C    3        0.086092        0.037037       -0.081087
     C    3       -0.095753       -0.081087       -0.010193

     H    4       -0.000000        0.000000        0.000000
     H    4        0.000000        0.000000        0.000000
     H    4        0.000000        0.000000        0.000000

     C    5        0.039689        0.212169       -0.059952
     C    5        0.212169        0.039133       -0.139751
     C    5       -0.059952       -0.139751       -0.078821

     H    6       -0.000000        0.000000        0.000000
     H    6        0.000000        0.000000        0.000000
     H    6        0.000000        0.000000        0.000000

     H    7       -0.000000        0.000000        0.000000
     H    7        0.000000        0.000000        0.000000
     H    7        0.000000        0.000000        0.000000

     C    8       -0.181644        0.007426        0.009300
     C    8        0.007426        0.184616        0.151787
     C    8        0.009300        0.151787       -0.002972

     H    9       -0.000000        0.000000        0.000000
     H    9        0.000000        0.000000        0.000000
     H    9        0.000000        0.000000        0.000000

     C   10       -0.123611        0.021620       -0.024603
     C   10        0.021620        0.110113        0.224125
     C   10       -0.024603        0.224125        0.013498

     C   11       -0.100520        0.097475        0.033837
     C   11        0.097475        0.068839        0.220466
     C   11        0.033837        0.220466        0.031681

     Cl  12       -0.221680        1.920280       -0.074175
     Cl  12        1.920280        1.010565        2.021514
     Cl  12       -0.074175        2.021514       -0.788884

     H   13       -0.000000        0.000000        0.000000
     H   13        0.000000        0.000000        0.000000
     H   13        0.000000        0.000000        0.000000

     C   14       -0.192301        0.057175       -0.025296
     C   14        0.057175        0.169677       -0.197778
     C   14       -0.025296       -0.197778        0.022625

     H   15       -0.000000        0.000000        0.000000
     H   15        0.000000        0.000000        0.000000
     H   15        0.000000        0.000000        0.000000

     C   16       -0.100923        0.099502        0.010358
     C   16        0.099502        0.235677       -0.005429
     C   16        0.010358       -0.005429       -0.134754

     C   17       -0.024862        0.123368       -0.023493
     C   17        0.123368        0.187767        0.052154
     C   17       -0.023493        0.052154       -0.162905

     Cl  18       -0.029712       -0.508858        1.439322
     Cl  18       -0.508858       -0.583075        1.720632
     Cl  18        1.439322        1.720632        0.612787

     H   19       -0.000000        0.000000        0.000000
     H   19        0.000000        0.000000        0.000000
     H   19        0.000000        0.000000        0.000000

     C   20        0.060332        0.187187       -0.117222
     C   20        0.187187       -0.002294        0.061648
     C   20       -0.117222        0.061648       -0.058039

     H   21       -0.000000        0.000000        0.000000
     H   21        0.000000        0.000000        0.000000
     H   21        0.000000        0.000000        0.000000

     C   22        0.103754        0.058224       -0.161853
     C   22        0.058224       -0.090569       -0.055008
     C   22       -0.161853       -0.055008       -0.013185

     C   23        0.172832        0.244778       -0.169798
     C   23        0.244778       -0.069345        0.043947
     C   23       -0.169798        0.043947       -0.103487

     Cl  24       -0.668201        1.015989       -1.382160
     Cl  24        1.015989       -1.452584       -0.351615
     Cl  24       -1.382160       -0.351615        2.120785

     ----- total EFG -----
     Cl   1        0.953162       -2.358812        0.019085
     Cl   1       -2.358812       -0.200061       -0.189480
     Cl   1        0.019085       -0.189480       -0.753101

     C    2       -0.009041        0.054796       -0.120728
     C    2        0.054796        0.165486       -0.501697
     C    2       -0.120728       -0.501697       -0.156445

     C    3       -0.010115        0.023355       -0.139736
     C    3        0.023355        0.170445        0.078841
     C    3       -0.139736        0.078841       -0.160330

     H    4        0.163474       -0.223531        0.700142
     H    4       -0.223531       -0.222331        0.220181
     H    4        0.700142        0.220181        0.058858

     C    5        0.369379        0.453507       -0.045424
     C    5        0.453507       -0.139522       -0.205547
     C    5       -0.045424       -0.205547       -0.229858

     H    6       -0.103855       -0.300512       -0.007616
     H    6       -0.300512       -0.112181        0.535819
     H    6       -0.007616        0.535819        0.216036

     H    7       -0.118904       -0.105014       -0.106771
     H    7       -0.105014        0.351343       -0.257848
     H    7       -0.106771       -0.257848       -0.232439

     C    8       -0.635523       -0.114687        0.196887
     C    8       -0.114687        0.461729        0.249046
     C    8        0.196887        0.249046        0.173794

     H    9        0.481037       -0.296735        0.189614
     H    9       -0.296735       -0.068453       -0.461030
     H    9        0.189614       -0.461030       -0.412584

     C   10       -0.128320        0.227079        0.020062
     C   10        0.227079        0.249966        0.413749
     C   10        0.020062        0.413749       -0.121646

     C   11       -0.427762        0.018876        0.155052
     C   11        0.018876        0.121166        0.279013
     C   11        0.155052        0.279013        0.306596

     Cl  12       -0.112629        2.117245       -0.145647
     Cl  12        2.117245        1.005244        2.082169
     Cl  12       -0.145647        2.082169       -0.892615

     H   13       -0.058684        0.069187        0.027703
     H   13        0.069187        0.443553        0.206064
     H   13        0.027703        0.206064       -0.384869

     C   14       -0.534886        0.185653       -0.089946
     C   14        0.185653        0.549708       -0.234250
     C   14       -0.089946       -0.234250       -0.014822

     H   15        0.373797        0.432546        0.196980
     H   15        0.432546       -0.433539       -0.022218
     H   15        0.196980       -0.022218        0.059742

     C   16        0.074638        0.202963        0.017360
     C   16        0.202963        0.280842       -0.103456
     C   16        0.017360       -0.103456       -0.355480

     C   17       -0.239322        0.339972       -0.302506
     C   17        0.339972        0.562619        0.347844
     C   17       -0.302506        0.347844       -0.323297

     Cl  18        0.017876       -0.615717        1.454473
     Cl  18       -0.615717       -0.618594        1.839811
     Cl  18        1.454473        1.839811        0.600718

     H   19       -0.268359       -0.195729        0.173308
     H   19       -0.195729        0.228675       -0.180097
     H   19        0.173308       -0.180097        0.039684

     C   20        0.100372        0.673294       -0.282632
     C   20        0.673294       -0.016055        0.258729
     C   20       -0.282632        0.258729       -0.084317

     H   21        0.400355        0.101100        0.430961
     H   21        0.101100       -0.016289       -0.105278
     H   21        0.430961       -0.105278       -0.384066

     C   22        0.053528        0.000258       -0.216028
     C   22        0.000258       -0.153839       -0.176060
     C   22       -0.216028       -0.176060        0.100311

     C   23        0.378875        0.759230       -0.301371
     C   23        0.759230       -0.228086        0.277241
     C   23       -0.301371        0.277241       -0.150789

     Cl  24       -0.715472        1.005366       -1.379044
     Cl  24        1.005366       -1.522943       -0.328891
     Cl  24       -1.379044       -0.328891        2.238415

     ----- total EFG (symmetrized) -----
     Cl   1        0.953162       -2.358812        0.019085
     Cl   1       -2.358812       -0.200061       -0.189480
     Cl   1        0.019085       -0.189480       -0.753101

     C    2       -0.009041        0.054796       -0.120728
     C    2        0.054796        0.165486       -0.501697
     C    2       -0.120728       -0.501697       -0.156445

     C    3       -0.010115        0.023355       -0.139736
     C    3        0.023355        0.170445        0.078841
     C    3       -0.139736        0.078841       -0.160330

     H    4        0.163474       -0.223531        0.700142
     H    4       -0.223531       -0.222331        0.220181
     H    4        0.700142        0.220181        0.058858

     C    5        0.369379        0.453507       -0.045424
     C    5        0.453507       -0.139522       -0.205547
     C    5       -0.045424       -0.205547       -0.229858

     H    6       -0.103855       -0.300512       -0.007616
     H    6       -0.300512       -0.112181        0.535819
     H    6       -0.007616        0.535819        0.216036

     H    7       -0.118904       -0.105014       -0.106771
     H    7       -0.105014        0.351343       -0.257848
     H    7       -0.106771       -0.257848       -0.232439

     C    8       -0.635523       -0.114687        0.196887
     C    8       -0.114687        0.461729        0.249046
     C    8        0.196887        0.249046        0.173794

     H    9        0.481037       -0.296735        0.189614
     H    9       -0.296735       -0.068453       -0.461030
     H    9        0.189614       -0.461030       -0.412584

     C   10       -0.128320        0.227079        0.020062
     C   10        0.227079        0.249966        0.413749
     C   10        0.020062        0.413749       -0.121646

     C   11       -0.427762        0.018876        0.155052
     C   11        0.018876        0.121166        0.279013
     C   11        0.155052        0.279013        0.306596

     Cl  12       -0.112629        2.117245       -0.145647
     Cl  12        2.117245        1.005244        2.082169
     Cl  12       -0.145647        2.082169       -0.892615

     H   13       -0.058684        0.069187        0.027703
     H   13        0.069187        0.443553        0.206064
     H   13        0.027703        0.206064       -0.384869

     C   14       -0.534886        0.185653       -0.089946
     C   14        0.185653        0.549708       -0.234250
     C   14       -0.089946       -0.234250       -0.014822

     H   15        0.373797        0.432546        0.196980
     H   15        0.432546       -0.433539       -0.022218
     H   15        0.196980       -0.022218        0.059742

     C   16        0.074638        0.202963        0.017360
     C   16        0.202963        0.280842       -0.103456
     C   16        0.017360       -0.103456       -0.355480

     C   17       -0.239322        0.339972       -0.302506
     C   17        0.339972        0.562619        0.347844
     C   17       -0.302506        0.347844       -0.323297

     Cl  18        0.017876       -0.615717        1.454473
     Cl  18       -0.615717       -0.618594        1.839811
     Cl  18        1.454473        1.839811        0.600718

     H   19       -0.268359       -0.195729        0.173308
     H   19       -0.195729        0.228675       -0.180097
     H   19        0.173308       -0.180097        0.039684

     C   20        0.100372        0.673294       -0.282632
     C   20        0.673294       -0.016055        0.258729
     C   20       -0.282632        0.258729       -0.084317

     H   21        0.400355        0.101100        0.430961
     H   21        0.101100       -0.016289       -0.105278
     H   21        0.430961       -0.105278       -0.384066

     C   22        0.053528        0.000258       -0.216028
     C   22        0.000258       -0.153839       -0.176060
     C   22       -0.216028       -0.176060        0.100311

     C   23        0.378875        0.759230       -0.301371
     C   23        0.759230       -0.228086        0.277241
     C   23       -0.301371        0.277241       -0.150789

     Cl  24       -0.715472        1.005366       -1.379044
     Cl  24        1.005366       -1.522943       -0.328891
     Cl  24       -1.379044       -0.328891        2.238415


     NQR/NMR SPECTROSCOPIC PARAMETERS:
     Cl   1    Vxx=   -0.7436    axis=(  0.093477  0.059200 -0.993860)
     Cl   1    Vyy=   -2.0661    axis=(  0.611882  0.784049  0.104252)
     Cl   1    Vzz=    2.8097    axis=(  0.785406 -0.617870  0.037067)
     Cl   1  Q=        -8.1650 1e-30 m^2  Cq=       -53.9029 MHz  eta= 0.47069

     C    2    Vxx=   -0.0245    axis=(  0.971156 -0.237907  0.016000)
     C    2    Vyy=   -0.5307    axis=(  0.127103  0.573284  0.809439)
     C    2    Vzz=    0.5552    axis=( -0.201744 -0.784058  0.586987)
     C    2  Q=         1.0000 1e-30 m^2  Cq=         1.3045 MHz  eta= 0.91191

     C    3    Vxx=    0.0700    axis=( -0.867248 -0.166567  0.469187)
     C    3    Vyy=    0.1887    axis=( -0.055643  0.968899  0.241120)
     C    3    Vzz=   -0.2587    axis=(  0.494757 -0.183004  0.849544)
     C    3  Q=         1.0000 1e-30 m^2  Cq=        -0.6078 MHz  eta= 0.45906

     H    4    Vxx=   -0.0432    axis=( -0.327391  0.867845  0.373711)
     H    4    Vyy=   -0.7703    axis=(  0.593665  0.496621 -0.633189)
     H    4    Vzz=    0.8135    axis=( -0.735103  0.014559 -0.677799)
     H    4  Q=         1.0000 1e-30 m^2  Cq=         1.9113 MHz  eta= 0.89381

     C    5    Vxx=   -0.1588    axis=( -0.395627  0.376896 -0.837513)
     C    5    Vyy=   -0.4998    axis=( -0.373115  0.767309  0.521557)
     C    5    Vzz=    0.6586    axis=(  0.839205  0.518831 -0.162943)
     C    5  Q=         1.0000 1e-30 m^2  Cq=         1.5474 MHz  eta= 0.51770

     H    6    Vxx=   -0.0372    axis=(  0.865795 -0.203690  0.457066)
     H    6    Vyy=   -0.6229    axis=(  0.433658  0.761173 -0.482241)
     H    6    Vzz=    0.6600    axis=( -0.249679  0.615732  0.747352)
     H    6  Q=         1.0000 1e-30 m^2  Cq=         1.5508 MHz  eta= 0.88735

     H    7    Vxx=   -0.0573    axis=(  0.888525 -0.058797 -0.455046)
     H    7    Vyy=   -0.3983    axis=(  0.445674  0.346372  0.825470)
     H    7    Vzz=    0.4556    axis=(  0.109080 -0.936253  0.333964)
     H    7  Q=         1.0000 1e-30 m^2  Cq=         1.0704 MHz  eta= 0.74855

     C    8    Vxx=    0.1006    axis=(  0.295681 -0.476941  0.827708)
     C    8    Vyy=    0.6054    axis=( -0.000817  0.866323  0.499484)
     C    8    Vzz=   -0.7060    axis=( -0.955286 -0.148364  0.255765)
     C    8  Q=         1.0000 1e-30 m^2  Cq=        -1.6589 MHz  eta= 0.71497

     H    9    Vxx=   -0.0037    axis=(  0.587210  0.658699 -0.470426)
     H    9    Vyy=   -0.7328    axis=(  0.012357  0.573816  0.818891)
     H    9    Vzz=    0.7365    axis=(  0.809341 -0.486674  0.328811)
     H    9  Q=         1.0000 1e-30 m^2  Cq=         1.7305 MHz  eta= 0.98988

     C   10    Vxx=   -0.1436    axis=(  0.883646 -0.018047 -0.467808)
     C   10    Vyy=   -0.4328    axis=( -0.375820  0.568505 -0.731821)
     C   10    Vzz=    0.5763    axis=( -0.279158 -0.822482 -0.495574)
     C   10  Q=         1.0000 1e-30 m^2  Cq=         1.3542 MHz  eta= 0.50175

     C   11    Vxx=   -0.0657    axis=( -0.187497  0.821921 -0.537857)
     C   11    Vyy=   -0.4619    axis=( -0.971790 -0.075461  0.223451)
     C   11    Vzz=    0.5277    axis=(  0.143072  0.564581  0.812883)
     C   11  Q=         1.0000 1e-30 m^2  Cq=         1.2398 MHz  eta= 0.75089

     Cl  12    Vxx=   -0.3410    axis=( -0.734975  0.125135  0.666448)
     Cl  12    Vyy=   -2.9379    axis=( -0.480626  0.597171 -0.642173)
     Cl  12    Vzz=    3.2789    axis=(  0.478341  0.792293  0.378763)
     Cl  12  Q=        -8.1650 1e-30 m^2  Cq=       -62.9043 MHz  eta= 0.79198

     H   13    Vxx=   -0.0680    axis=(  0.991001 -0.133857 -0.000407)
     H   13    Vyy=   -0.4336    axis=( -0.030171 -0.226330  0.973583)
     H   13    Vzz=    0.5017    axis=( -0.130413 -0.964809 -0.228332)
     H   13  Q=         1.0000 1e-30 m^2  Cq=         1.1787 MHz  eta= 0.72875

     C   14    Vxx=   -0.0984    axis=( -0.043649  0.350618  0.935501)
     C   14    Vyy=   -0.5708    axis=(  0.984813 -0.142405  0.099322)
     C   14    Vzz=    0.6692    axis=(  0.168045  0.925628 -0.339077)
     C   14  Q=         1.0000 1e-30 m^2  Cq=         1.5724 MHz  eta= 0.70587

     H   15    Vxx=    0.0204    axis=( -0.216596 -0.252518  0.943038)
     H   15    Vyy=    0.6156    axis=( -0.884414 -0.358286 -0.299069)
     H   15    Vzz=   -0.6361    axis=(  0.413398 -0.898814 -0.145727)
     H   15  Q=         1.0000 1e-30 m^2  Cq=        -1.4945 MHz  eta= 0.93570

     C   16    Vxx=   -0.0357    axis=(  0.853131 -0.481031  0.201934)
     C   16    Vyy=   -0.3779    axis=(  0.122929 -0.190816 -0.973898)
     C   16    Vzz=    0.4136    axis=(  0.507008  0.855686 -0.103658)
     C   16  Q=         1.0000 1e-30 m^2  Cq=         0.9719 MHz  eta= 0.82742

     C   17    Vxx=    0.0233    axis=(  0.737814 -0.030173 -0.674330)
     C   17    Vyy=    0.7413    axis=( -0.252967 -0.938553 -0.234787)
     C   17    Vzz=   -0.7645    axis=( -0.625810  0.343813 -0.700110)
     C   17  Q=         1.0000 1e-30 m^2  Cq=        -1.7963 MHz  eta= 0.93917

     Cl  18    Vxx=    0.3733    axis=(  0.786724 -0.613602 -0.067516)
     Cl  18    Vyy=    2.2927    axis=( -0.402353 -0.426754 -0.809934)
     Cl  18    Vzz=   -2.6659    axis=(  0.468164  0.664359 -0.582622)
     Cl  18  Q=        -8.1650 1e-30 m^2  Cq=        51.1447 MHz  eta= 0.71996

     H   19    Vxx=   -0.0632    axis=(  0.125663  0.580589  0.804441)
     H   19    Vyy=   -0.3693    axis=( -0.929707 -0.214047  0.299715)
     H   19    Vzz=    0.4325    axis=(  0.346199 -0.785558  0.512880)
     H   19  Q=         1.0000 1e-30 m^2  Cq=         1.0162 MHz  eta= 0.70764

     C   20    Vxx=    0.1098    axis=( -0.272422  0.369161  0.888542)
     C   20    Vyy=    0.7196    axis=( -0.745152 -0.665172  0.047898)
     C   20    Vzz=   -0.8294    axis=(  0.608715 -0.649050  0.456289)
     C   20  Q=         1.0000 1e-30 m^2  Cq=        -1.9487 MHz  eta= 0.73516

     H   21    Vxx=    0.0115    axis=(  0.015367  0.970283 -0.241486)
     H   21    Vyy=    0.5950    axis=( -0.915344 -0.083541 -0.393912)
     H   21    Vzz=   -0.6066    axis=( -0.402380  0.227096  0.886858)
     H   21  Q=         1.0000 1e-30 m^2  Cq=        -1.4252 MHz  eta= 0.96204

     C   22    Vxx=   -0.0505    axis=(  0.726236 -0.592340  0.348875)
     C   22    Vyy=   -0.2815    axis=(  0.353652  0.757110  0.549285)
     C   22    Vzz=    0.3319    axis=( -0.589501 -0.275530  0.759323)
     C   22  Q=         1.0000 1e-30 m^2  Cq=         0.7799 MHz  eta= 0.69594

     C   23    Vxx=    0.0415    axis=( -0.171797  0.428462  0.887077)
     C   23    Vyy=    0.9023    axis=( -0.837090 -0.538242  0.097858)
     C   23    Vzz=   -0.9438    axis=(  0.519391 -0.725752  0.451130)
     C   23  Q=         1.0000 1e-30 m^2  Cq=        -2.2175 MHz  eta= 0.91209

     Cl  24    Vxx=   -0.6194    axis=(  0.681617  0.613048  0.399463)
     Cl  24    Vyy=   -2.2698    axis=(  0.618662 -0.774361  0.132754)
     Cl  24    Vzz=    2.8892    axis=( -0.390713 -0.156645  0.907086)
     Cl  24  Q=        -8.1650 1e-30 m^2  Cq=       -55.4281 MHz  eta= 0.57121

     Initialization:
     gipaw_setup  :      9.23s CPU     10.93s WALL (       1 calls)

     Linear response

     Apply operators

     Induced current

     Other routines
     efg          :      9.02s CPU     11.28s WALL (       1 calls)

     General routines
     calbec       :      3.03s CPU      3.84s WALL (      16 calls)
     fft          :      1.48s CPU      2.02s WALL (      15 calls)
     ffts         :      0.06s CPU      0.10s WALL (       2 calls)
     fftw         :      3.24s CPU      4.00s WALL (     672 calls)
     davcio       :      0.03s CPU      0.33s WALL (      32 calls)

     Parallel routines
     fft_scatter  :      2.13s CPU      3.30s WALL (     689 calls)

     Plugins

     GIPAW        :     60.32s CPU     70.70s WALL (       1 calls)
