
     Program QE v.6.0 (svn rev. 13079) starts on 20Jan2017 at  0:41:22 

     This program is part of the open-source Quantum ESPRESSO suite
     for quantum simulation of materials; please cite
         "P. Giannozzi et al., J. Phys.:Condens. Matter 21 395502 (2009);
          URL http://www.quantum-espresso.org", 
     in publications or presentations arising from this work. More details at
     http://www.quantum-espresso.org/quote

     Parallel version (MPI), running on     8 processors
     R & G space division:  proc/nbgrp/npool/nimage =       8

     ***** This is GIPAW svn revision unknown      *****

     Parallelizing q-star over 1 images

     Reading data from directory:
     /users/majewski/paradichlorobenzene/pbe/9_constraint/scratch/pbe.ecut100.np8.dt60.pcl2phi-129368.save
     Message from routine read_xml_file:
     file /users/majewski/paradichlorobenzene/pbe/9_constraint/scratch/pbe.ecut100.np8.dt60.pcl2phi-129368.save not guaranteed to be safe for post-processing

   Info: using nr1, nr2, nr3 values from input

   Info: using nr1, nr2, nr3 values from input

     IMPORTANT: XC functional enforced from input :
     Exchange-correlation      =  SLA  PW   PBX  PBC ( 1  4  3  4 0 0)
     Any further DFT definition will be discarded
     Please, verify this is what you really want

               file C.pbe-n-kjpaw_psl.1.0.0.UPF: wavefunction(s)  2S 2P renormalized
               file Cl.pbe-n-kjpaw_psl.1.0.0.UPF: wavefunction(s)  3S 3P renormalized
               file H.pbe-kjpaw_psl.1.0.0.UPF: wavefunction(s)  1S renormalized

     Parallelization info
     --------------------
     sticks:   dense  smooth     PW     G-vecs:    dense   smooth      PW
     Min        3057    1223    332               144436    36536    5170
     Max        3059    1225    333               144437    36537    5171
     Sum       24467    9791   2657              1155489   292295   41363


     Subspace diagonalization in iterative solution of the eigenvalue problem:
     a serial algorithm will be used

     GIPAW projectors -----------------------------------------------
     atom=  C    l=0  rc=    1.2000  rs=    0.8000
     atom=  C    l=0  rc=    1.2000  rs=    0.8000
     atom=  C    l=1  rc=    1.4000  rs=    0.9333
     atom=  C    l=1  rc=    1.4000  rs=    0.9333
     projs nearly linearly dependent: l=1  n1,n2= 1, 2  s=  0.99951561

     atom=  Cl   l=0  rc=    1.6000  rs=    1.0667
     atom=  Cl   l=0  rc=    1.6000  rs=    1.0667
     atom=  Cl   l=1  rc=    1.6000  rs=    1.0667
     atom=  Cl   l=1  rc=    1.6000  rs=    1.0667
     atom=  Cl   l=2  rc=    1.6000  rs=    1.0667
     atom=  Cl   l=2  rc=    1.6000  rs=    1.0667
     projs nearly linearly dependent: l=2  n1,n2= 1, 2  s=  0.99993509

     atom=  H    l=0  rc=    1.0000  rs=    0.6667
     atom=  H    l=0  rc=    1.0000  rs=    0.6667
     projs nearly linearly dependent: l=0  n1,n2= 1, 2  s=  0.99968852
     -----------------------------------------------------------------

     GIPAW integrals: -------------------------------------------
     Atom  i/j   nmr_para   nmr_dia   epr_rmc  epr_para   epr_dia
       C   1 1   0.83E+03  0.17E-01  0.93E+01  0.24E+08  0.24E+03
       C   2 1   0.86E+03 -0.61E-01  0.94E+01  0.25E+08  0.25E+03
       C   2 2   0.90E+03 -0.15E+00  0.97E+01  0.26E+08  0.26E+03
       C   3 3   0.33E+01  0.34E+00  0.18E+01  0.55E+03  0.21E+02
       C   4 3   0.35E+01  0.37E+00  0.20E+01  0.59E+03  0.22E+02
       C   4 4   0.38E+01  0.39E+00  0.22E+01  0.63E+03  0.24E+02
       Cl  1 1   0.14E+04 -0.47E+00  0.84E+01  0.32E+09  0.42E+03
       Cl  2 1   0.21E+04 -0.37E+00  0.12E+02  0.49E+09  0.65E+03
       Cl  2 2   0.33E+04 -0.16E+00  0.21E+02  0.76E+09  0.10E+04
       Cl  3 3   0.21E+02  0.79E-01  0.89E+01  0.23E+05  0.13E+03
       Cl  4 3   0.24E+02  0.67E-01  0.99E+01  0.27E+05  0.15E+03
       Cl  4 4   0.28E+02  0.44E-01  0.11E+02  0.32E+05  0.18E+03
       Cl  5 5   0.77E+00  0.19E+00  0.18E+01  0.12E+03  0.22E+02
       Cl  6 5   0.80E+00  0.19E+00  0.19E+01  0.12E+03  0.23E+02
       Cl  6 6   0.83E+00  0.20E+00  0.19E+01  0.12E+03  0.23E+02
       H   1 1   0.39E+02  0.19E+00  0.29E+00  0.78E+05  0.13E+02
       H   2 1   0.41E+02  0.21E+00  0.32E+00  0.82E+05  0.14E+02
       H   2 2   0.43E+02  0.22E+00  0.36E+00  0.86E+05  0.15E+02
     ------------------------------------------------------------

     alpha_pv=     34.0096 eV

     Number of occupied bands for each k-point:
     k-point:     1    nbnd_occ=  42
     k-point:     2    nbnd_occ=  42
     k-point:     3    nbnd_occ=  42
     k-point:     4    nbnd_occ=  42
     k-point:     5    nbnd_occ=  42
     k-point:     6    nbnd_occ=  42
     k-point:     7    nbnd_occ=  42
     k-point:     8    nbnd_occ=  42
     k-point:     9    nbnd_occ=  42
     k-point:    10    nbnd_occ=  42
     k-point:    11    nbnd_occ=  42
     k-point:    12    nbnd_occ=  42
     k-point:    13    nbnd_occ=  42
     k-point:    14    nbnd_occ=  42
     k-point:    15    nbnd_occ=  42
     k-point:    16    nbnd_occ=  42


     q-space interpolation up to   110.00 Rydberg

     GIPAW job: efg                                                                             


     ELECTRIC FIELD GRADIENTS TENSORS IN Hartree/bohrradius^2:

     ----- bare term -----
     Cl   1        0.114862        0.041716        0.018334
     Cl   1        0.041716       -0.149667       -0.033840
     Cl   1        0.018334       -0.033840        0.034805

     C    2       -0.689419        0.427069       -0.375771
     C    2        0.427069        0.368825       -0.131722
     C    2       -0.375771       -0.131722        0.320594

     C    3        0.236600        0.076814       -0.119748
     C    3        0.076814       -0.129322       -0.433263
     C    3       -0.119748       -0.433263       -0.107277

     H    4        0.164046        0.010655       -0.353626
     H    4        0.010655        0.167172        0.267771
     H    4       -0.353626        0.267771       -0.331218

     C    5       -0.403177        0.295202        0.004388
     C    5        0.295202        0.202253       -0.088962
     C    5        0.004388       -0.088962        0.200924

     H    6        0.461554        0.009072        0.049595
     H    6        0.009072        0.142425       -0.081802
     H    6        0.049595       -0.081802       -0.603978

     H    7        0.308477        0.324871        0.076001
     H    7        0.324871       -0.615522       -0.114194
     H    7        0.076001       -0.114194        0.307045

     C    8        0.001498       -0.140355       -0.077973
     C    8       -0.140355       -0.098648        0.369378
     C    8       -0.077973        0.369378        0.097150

     H    9       -0.270712        0.462546        0.075722
     H    9        0.462546       -0.024568       -0.153431
     H    9        0.075722       -0.153431        0.295281

     C   10       -0.353716       -0.132503       -0.005599
     C   10       -0.132503        0.006705       -0.006398
     C   10       -0.005599       -0.006398        0.347012

     C   11        0.135909        0.051638       -0.242483
     C   11        0.051638       -0.054496        0.573956
     C   11       -0.242483        0.573956       -0.081413

     Cl  12       -0.001702       -0.238190        0.048425
     Cl  12       -0.238190       -0.103506       -0.258310
     Cl  12        0.048425       -0.258310        0.105208

     H   13        0.469219       -0.072284       -0.067001
     H   13       -0.072284       -0.199049       -0.629873
     H   13       -0.067001       -0.629873       -0.270170

     C   14       -0.161326       -0.006228       -0.314370
     C   14       -0.006228       -0.116154       -0.356540
     C   14       -0.314370       -0.356540        0.277480

     H   15       -0.058541       -0.124051       -0.335504
     H   15       -0.124051        0.430255       -0.344170
     H   15       -0.335504       -0.344170       -0.371713

     C   16       -0.395742        0.355837       -0.337983
     C   16        0.355837       -0.054566       -0.187834
     C   16       -0.337983       -0.187834        0.450308

     C   17       -0.075767       -0.270821       -0.360283
     C   17       -0.270821        0.011826       -0.731185
     C   17       -0.360283       -0.731185        0.063941

     Cl  18       -0.255620        0.304380       -0.000310
     Cl  18        0.304380        0.099967       -0.065581
     Cl  18       -0.000310       -0.065581        0.155653

     H   19        0.435116        0.041398       -0.060292
     H   19        0.041398       -0.568239        0.655587
     H   19       -0.060292        0.655587        0.133123

     C   20       -0.893410       -0.344903       -0.404431
     C   20       -0.344903        0.455887        0.032279
     C   20       -0.404431        0.032279        0.437523

     H   21       -0.503768        0.266034        0.179926
     H   21        0.266034        0.402521        0.099093
     H   21        0.179926        0.099093        0.101248

     C   22        0.150917       -0.062647       -0.082231
     C   22       -0.062647       -0.548028        0.396030
     C   22       -0.082231        0.396030        0.397111

     C   23       -0.826539       -0.390521       -0.321448
     C   23       -0.390521        0.285673        0.004401
     C   23       -0.321448        0.004401        0.540866

     Cl  24        0.044047       -0.034181        0.096292
     Cl  24       -0.034181       -0.035401        0.086274
     Cl  24        0.096292        0.086274       -0.008646

     ----- ionic term -----
     Cl   1        0.111916       -0.216213       -0.005073
     Cl   1       -0.216213        0.023294        0.010964
     Cl   1       -0.005073        0.010964       -0.135210

     C    2        0.120401       -0.225366        0.281222
     C    2       -0.225366       -0.009154        0.427447
     C    2        0.281222        0.427447       -0.111246

     C    3        0.014319       -0.299270        0.172108
     C    3       -0.299270        0.068011        0.434560
     C    3        0.172108        0.434560       -0.082330

     H    4        0.261317        0.129279        0.777941
     H    4        0.129279       -0.486590        0.200245
     H    4        0.777941        0.200245        0.225273

     C    5        0.158437       -0.281363        0.226892
     C    5       -0.281363       -0.056848        0.322275
     C    5        0.226892        0.322275       -0.101589

     H    6       -0.550395        0.002283       -0.004821
     H    6        0.002283        0.260796        0.820710
     H    6       -0.004821        0.820710        0.289599

     H    7       -0.501141       -0.226108        0.044584
     H    7       -0.226108        0.971971       -0.415237
     H    7        0.044584       -0.415237       -0.470830

     C    8        0.382100        0.120556        0.051325
     C    8        0.120556        0.154128       -0.265833
     C    8        0.051325       -0.265833       -0.536228

     H    9        0.879560       -0.356298        0.427939
     H    9       -0.356298       -0.408134       -0.188808
     H    9        0.427939       -0.188808       -0.471426

     C   10        0.244386        0.177733        0.053703
     C   10        0.177733        0.231379       -0.414577
     C   10        0.053703       -0.414577       -0.475765

     C   11        0.251865        0.025080        0.137632
     C   11        0.025080        0.189394       -0.440384
     C   11        0.137632       -0.440384       -0.441258

     Cl  12        0.133365        0.173433       -0.035532
     Cl  12        0.173433        0.003680       -0.037377
     Cl  12       -0.035532       -0.037377       -0.137044

     H   13       -0.515960        0.098584        0.115637
     H   13        0.098584        0.450517        0.786533
     H   13        0.115637        0.786533        0.065443

     C   14        0.229080       -0.258870        0.317190
     C   14       -0.258870       -0.014320        0.305354
     C   14        0.317190        0.305354       -0.214760

     H   15        0.440471        0.182255        0.749503
     H   15        0.182255       -0.507461        0.228215
     H   15        0.749503        0.228215        0.066990

     C   16        0.078758       -0.336851        0.183201
     C   16       -0.336851        0.084511        0.405728
     C   16        0.183201        0.405728       -0.163270

     C   17        0.195792       -0.269095        0.253831
     C   17       -0.269095       -0.070693        0.391264
     C   17        0.253831        0.391264       -0.125100

     Cl  18        0.184814       -0.199013       -0.002806
     Cl  18       -0.199013       -0.036157        0.015533
     Cl  18       -0.002806        0.015533       -0.148656

     H   19       -0.507200        0.015418       -0.023539
     H   19        0.015418        0.657250       -0.714569
     H   19       -0.023539       -0.714569       -0.150050

     C   20        0.378913        0.137470        0.046154
     C   20        0.137470        0.041533       -0.373506
     C   20        0.046154       -0.373506       -0.420446

     H   21        0.720802       -0.545847        0.408783
     H   21       -0.545847       -0.253043       -0.239470
     H   21        0.408783       -0.239470       -0.467759

     C   22        0.223046        0.136529        0.000702
     C   22        0.136529        0.221882       -0.426931
     C   22        0.000702       -0.426931       -0.444928

     C   23        0.272125        0.080279        0.089766
     C   23        0.080279        0.182106       -0.359424
     C   23        0.089766       -0.359424       -0.454231

     Cl  24        0.144654        0.212655       -0.011201
     Cl  24        0.212655       -0.006143       -0.010104
     Cl  24       -0.011201       -0.010104       -0.138510

     ----- GIPAW term -----
     Cl   1       -0.090741       -0.476138        0.287997
     Cl   1       -0.476138        1.958993        1.172429
     Cl   1        0.287997        1.172429       -1.868252

     C    2       -0.170114        0.025635       -0.040746
     C    2        0.025635        0.305000        0.037169
     C    2       -0.040746        0.037169       -0.134886

     C    3       -0.034403        0.003646       -0.009234
     C    3        0.003646        0.119223       -0.059773
     C    3       -0.009234       -0.059773       -0.084820

     H    4       -0.000000        0.000000        0.000000
     H    4        0.000000        0.000000        0.000000
     H    4        0.000000        0.000000        0.000000

     C    5       -0.080014       -0.014285        0.036172
     C    5       -0.014285        0.081002       -0.069394
     C    5        0.036172       -0.069394       -0.000988

     H    6       -0.000000        0.000000        0.000000
     H    6        0.000000        0.000000        0.000000
     H    6        0.000000        0.000000        0.000000

     H    7       -0.000000        0.000000        0.000000
     H    7        0.000000        0.000000        0.000000
     H    7        0.000000        0.000000        0.000000

     C    8       -0.048118       -0.094493        0.005439
     C    8       -0.094493        0.171306        0.071764
     C    8        0.005439        0.071764       -0.123188

     H    9       -0.000000        0.000000        0.000000
     H    9        0.000000        0.000000        0.000000
     H    9        0.000000        0.000000        0.000000

     C   10       -0.060683       -0.006400       -0.003090
     C   10       -0.006400        0.061976        0.021716
     C   10       -0.003090        0.021716       -0.001293

     C   11       -0.026527        0.018092       -0.032028
     C   11        0.018092        0.158633        0.072702
     C   11       -0.032028        0.072702       -0.132106

     Cl  12       -0.731187       -0.016004       -0.322807
     Cl  12       -0.016004        0.512958        1.401006
     Cl  12       -0.322807        1.401006        0.218229

     H   13       -0.000000        0.000000        0.000000
     H   13        0.000000        0.000000        0.000000
     H   13        0.000000        0.000000        0.000000

     C   14       -0.096011       -0.066196       -0.072112
     C   14       -0.066196        0.087698        0.076461
     C   14       -0.072112        0.076461        0.008313

     H   15       -0.000000        0.000000        0.000000
     H   15        0.000000        0.000000        0.000000
     H   15        0.000000        0.000000        0.000000

     C   16       -0.068487       -0.056084       -0.146918
     C   16       -0.056084        0.025142        0.080823
     C   16       -0.146918        0.080823        0.043344

     C   17       -0.016969       -0.219198       -0.033467
     C   17       -0.219198        0.155147       -0.184594
     C   17       -0.033467       -0.184594       -0.138179

     Cl  18       -1.163188       -0.091908       -0.260959
     Cl  18       -0.091908        2.605266       -1.387462
     Cl  18       -0.260959       -1.387462       -1.442078

     H   19       -0.000000        0.000000        0.000000
     H   19        0.000000        0.000000        0.000000
     H   19        0.000000        0.000000        0.000000

     C   20       -0.219010        0.054269       -0.063592
     C   20        0.054269        0.278023       -0.123739
     C   20       -0.063592       -0.123739       -0.059014

     H   21       -0.000000        0.000000        0.000000
     H   21        0.000000        0.000000        0.000000
     H   21        0.000000        0.000000        0.000000

     C   22       -0.073007        0.034687       -0.023509
     C   22        0.034687       -0.048068       -0.147092
     C   22       -0.023509       -0.147092        0.121076

     C   23       -0.175160       -0.002071       -0.017620
     C   23       -0.002071        0.102766       -0.188057
     C   23       -0.017620       -0.188057        0.072394

     Cl  24       -0.415693        1.526023       -0.130887
     Cl  24        1.526023       -0.239726       -1.671282
     Cl  24       -0.130887       -1.671282        0.655419

     ----- total EFG -----
     Cl   1        0.136037       -0.650635        0.301258
     Cl   1       -0.650635        1.832620        1.149553
     Cl   1        0.301258        1.149553       -1.968656

     C    2       -0.739132        0.227339       -0.135295
     C    2        0.227339        0.664670        0.332894
     C    2       -0.135295        0.332894        0.074462

     C    3        0.216516       -0.218810        0.043127
     C    3       -0.218810        0.057911       -0.058475
     C    3        0.043127       -0.058475       -0.274427

     H    4        0.425362        0.139934        0.424314
     H    4        0.139934       -0.319418        0.468016
     H    4        0.424314        0.468016       -0.105945

     C    5       -0.324754       -0.000447        0.267452
     C    5       -0.000447        0.226406        0.163920
     C    5        0.267452        0.163920        0.098348

     H    6       -0.088841        0.011355        0.044774
     H    6        0.011355        0.403221        0.738908
     H    6        0.044774        0.738908       -0.314380

     H    7       -0.192664        0.098764        0.120586
     H    7        0.098764        0.356449       -0.529431
     H    7        0.120586       -0.529431       -0.163785

     C    8        0.335480       -0.114292       -0.021209
     C    8       -0.114292        0.226786        0.175309
     C    8       -0.021209        0.175309       -0.562266

     H    9        0.608847        0.106247        0.503661
     H    9        0.106247       -0.432702       -0.342240
     H    9        0.503661       -0.342240       -0.176145

     C   10       -0.170013        0.038830        0.045015
     C   10        0.038830        0.300060       -0.399259
     C   10        0.045015       -0.399259       -0.130046

     C   11        0.361247        0.094810       -0.136879
     C   11        0.094810        0.293531        0.206274
     C   11       -0.136879        0.206274       -0.654778

     Cl  12       -0.599525       -0.080761       -0.309914
     Cl  12       -0.080761        0.413132        1.105318
     Cl  12       -0.309914        1.105318        0.186393

     H   13       -0.046741        0.026300        0.048636
     H   13        0.026300        0.251468        0.156661
     H   13        0.048636        0.156661       -0.204727

     C   14       -0.028256       -0.331294       -0.069293
     C   14       -0.331294       -0.042777        0.025275
     C   14       -0.069293        0.025275        0.071033

     H   15        0.381930        0.058204        0.413999
     H   15        0.058204       -0.077207       -0.115955
     H   15        0.413999       -0.115955       -0.304723

     C   16       -0.385470       -0.037097       -0.301700
     C   16       -0.037097        0.055088        0.298717
     C   16       -0.301700        0.298717        0.330382

     C   17        0.103057       -0.759114       -0.139919
     C   17       -0.759114        0.096280       -0.524515
     C   17       -0.139919       -0.524515       -0.199337

     Cl  18       -1.233994        0.013459       -0.264075
     Cl  18        0.013459        2.669076       -1.437509
     Cl  18       -0.264075       -1.437509       -1.435081

     H   19       -0.072084        0.056816       -0.083831
     H   19        0.056816        0.089011       -0.058981
     H   19       -0.083831       -0.058981       -0.016927

     C   20       -0.733507       -0.153163       -0.421869
     C   20       -0.153163        0.775444       -0.464966
     C   20       -0.421869       -0.464966       -0.041937

     H   21        0.217033       -0.279813        0.588709
     H   21       -0.279813        0.149478       -0.140378
     H   21        0.588709       -0.140378       -0.366512

     C   22        0.300955        0.108568       -0.105039
     C   22        0.108568       -0.374213       -0.177992
     C   22       -0.105039       -0.177992        0.073258

     C   23       -0.729574       -0.312313       -0.249301
     C   23       -0.312313        0.570544       -0.543080
     C   23       -0.249301       -0.543080        0.159029

     Cl  24       -0.226993        1.704497       -0.045796
     Cl  24        1.704497       -0.281270       -1.595111
     Cl  24       -0.045796       -1.595111        0.508263

     ----- total EFG (symmetrized) -----
     Cl   1        0.136037       -0.650635        0.301258
     Cl   1       -0.650635        1.832620        1.149553
     Cl   1        0.301258        1.149553       -1.968656

     C    2       -0.739132        0.227339       -0.135295
     C    2        0.227339        0.664670        0.332894
     C    2       -0.135295        0.332894        0.074462

     C    3        0.216516       -0.218810        0.043127
     C    3       -0.218810        0.057911       -0.058475
     C    3        0.043127       -0.058475       -0.274427

     H    4        0.425362        0.139934        0.424314
     H    4        0.139934       -0.319418        0.468016
     H    4        0.424314        0.468016       -0.105945

     C    5       -0.324754       -0.000447        0.267452
     C    5       -0.000447        0.226406        0.163920
     C    5        0.267452        0.163920        0.098348

     H    6       -0.088841        0.011355        0.044774
     H    6        0.011355        0.403221        0.738908
     H    6        0.044774        0.738908       -0.314380

     H    7       -0.192664        0.098764        0.120586
     H    7        0.098764        0.356449       -0.529431
     H    7        0.120586       -0.529431       -0.163785

     C    8        0.335480       -0.114292       -0.021209
     C    8       -0.114292        0.226786        0.175309
     C    8       -0.021209        0.175309       -0.562266

     H    9        0.608847        0.106247        0.503661
     H    9        0.106247       -0.432702       -0.342240
     H    9        0.503661       -0.342240       -0.176145

     C   10       -0.170013        0.038830        0.045015
     C   10        0.038830        0.300060       -0.399259
     C   10        0.045015       -0.399259       -0.130046

     C   11        0.361247        0.094810       -0.136879
     C   11        0.094810        0.293531        0.206274
     C   11       -0.136879        0.206274       -0.654778

     Cl  12       -0.599525       -0.080761       -0.309914
     Cl  12       -0.080761        0.413132        1.105318
     Cl  12       -0.309914        1.105318        0.186393

     H   13       -0.046741        0.026300        0.048636
     H   13        0.026300        0.251468        0.156661
     H   13        0.048636        0.156661       -0.204727

     C   14       -0.028256       -0.331294       -0.069293
     C   14       -0.331294       -0.042777        0.025275
     C   14       -0.069293        0.025275        0.071033

     H   15        0.381930        0.058204        0.413999
     H   15        0.058204       -0.077207       -0.115955
     H   15        0.413999       -0.115955       -0.304723

     C   16       -0.385470       -0.037097       -0.301700
     C   16       -0.037097        0.055088        0.298717
     C   16       -0.301700        0.298717        0.330382

     C   17        0.103057       -0.759114       -0.139919
     C   17       -0.759114        0.096280       -0.524515
     C   17       -0.139919       -0.524515       -0.199337

     Cl  18       -1.233994        0.013459       -0.264075
     Cl  18        0.013459        2.669076       -1.437509
     Cl  18       -0.264075       -1.437509       -1.435081

     H   19       -0.072084        0.056816       -0.083831
     H   19        0.056816        0.089011       -0.058981
     H   19       -0.083831       -0.058981       -0.016927

     C   20       -0.733507       -0.153163       -0.421869
     C   20       -0.153163        0.775444       -0.464966
     C   20       -0.421869       -0.464966       -0.041937

     H   21        0.217033       -0.279813        0.588709
     H   21       -0.279813        0.149478       -0.140378
     H   21        0.588709       -0.140378       -0.366512

     C   22        0.300955        0.108568       -0.105039
     C   22        0.108568       -0.374213       -0.177992
     C   22       -0.105039       -0.177992        0.073258

     C   23       -0.729574       -0.312313       -0.249301
     C   23       -0.312313        0.570544       -0.543080
     C   23       -0.249301       -0.543080        0.159029

     Cl  24       -0.226993        1.704497       -0.045796
     Cl  24        1.704497       -0.281270       -1.595111
     Cl  24       -0.045796       -1.595111        0.508263


     NQR/NMR SPECTROSCOPIC PARAMETERS:
     Cl   1    Vxx=    0.0833    axis=(  0.950044  0.191272  0.246641)
     Cl   1    Vyy=    2.2943    axis=( -0.250220  0.939097  0.235554)
     Cl   1    Vzz=   -2.3776    axis=( -0.186565 -0.285501  0.940044)
     Cl   1  Q=        -8.1650 1e-30 m^2  Cq=        45.6126 MHz  eta= 0.92997

     C    2    Vxx=   -0.0130    axis=( -0.275831 -0.347656  0.896132)
     C    2    Vyy=   -0.8166    axis=( -0.956036  0.195792 -0.218311)
     C    2    Vzz=    0.8296    axis=( -0.099559 -0.916952 -0.386377)
     C    2  Q=         1.0000 1e-30 m^2  Cq=         1.9493 MHz  eta= 0.96856

     C    3    Vxx=   -0.0927    axis=(  0.584498  0.802539 -0.119552)
     C    3    Vyy=   -0.2845    axis=(  0.015743 -0.158530 -0.987229)
     C    3    Vzz=    0.3772    axis=( -0.811242  0.575151 -0.105295)
     C    3  Q=         1.0000 1e-30 m^2  Cq=         0.8864 MHz  eta= 0.50833

     H    4    Vxx=   -0.0648    axis=(  0.614031 -0.601618 -0.510903)
     H    4    Vyy=   -0.7177    axis=(  0.158442  0.728079 -0.666931)
     H    4    Vzz=    0.7825    axis=(  0.773216  0.328568  0.542385)
     H    4  Q=         1.0000 1e-30 m^2  Cq=         1.8385 MHz  eta= 0.83439

     C    5    Vxx=    0.0845    axis=(  0.394282 -0.694236  0.602145)
     C    5    Vyy=    0.3776    axis=( -0.249674 -0.711501 -0.656832)
     C    5    Vzz=   -0.4621    axis=(  0.884423  0.108637 -0.453865)
     C    5  Q=         1.0000 1e-30 m^2  Cq=        -1.0857 MHz  eta= 0.63431

     H    6    Vxx=   -0.0885    axis=(  0.998317 -0.054165  0.020706)
     H    6    Vyy=   -0.7785    axis=(  0.046288  0.529291 -0.847177)
     H    6    Vzz=    0.8670    axis=(  0.034928  0.846710  0.530907)
     H    6  Q=         1.0000 1e-30 m^2  Cq=         2.0371 MHz  eta= 0.79578

     H    7    Vxx=   -0.1278    axis=(  0.920870  0.186491  0.342372)
     H    7    Vyy=   -0.5589    axis=( -0.389168  0.492331  0.778562)
     H    7    Vzz=    0.6867    axis=( -0.023366 -0.850195  0.525949)
     H    7  Q=         1.0000 1e-30 m^2  Cq=         1.6134 MHz  eta= 0.62769

     C    8    Vxx=    0.1782    axis=( -0.594103 -0.786398 -0.169177)
     C    8    Vyy=    0.4213    axis=( -0.804383  0.581656  0.121017)
     C    8    Vzz=   -0.5995    axis=( -0.003235 -0.207979  0.978128)
     C    8  Q=         1.0000 1e-30 m^2  Cq=        -1.4085 MHz  eta= 0.40563

     H    9    Vxx=   -0.0748    axis=( -0.350121 -0.699620  0.622854)
     H    9    Vyy=   -0.7826    axis=(  0.286142 -0.713041 -0.640075)
     H    9    Vzz=    0.8574    axis=(  0.891930 -0.045879  0.449841)
     H    9  Q=         1.0000 1e-30 m^2  Cq=         2.0146 MHz  eta= 0.82542

     C   10    Vxx=   -0.1542    axis=( -0.964544 -0.122859 -0.233581)
     C   10    Vyy=   -0.3845    axis=( -0.263520  0.497119  0.826698)
     C   10    Vzz=    0.5386    axis=( -0.014550 -0.858940  0.511869)
     C   10  Q=         1.0000 1e-30 m^2  Cq=         1.2656 MHz  eta= 0.42758

     C   11    Vxx=    0.2914    axis=( -0.567781  0.783364  0.252914)
     C   11    Vyy=    0.4281    axis=(  0.811021  0.584950  0.008910)
     C   11    Vzz=   -0.7195    axis=(  0.140963 -0.210178  0.967448)
     C   11  Q=         1.0000 1e-30 m^2  Cq=        -1.6906 MHz  eta= 0.19000

     Cl  12    Vxx=   -0.5274    axis=(  0.844226  0.437070 -0.310244)
     Cl  12    Vyy=   -0.9187    axis=( -0.519840  0.526681 -0.672587)
     Cl  12    Vzz=    1.4461    axis=(  0.130568 -0.729093 -0.671845)
     Cl  12  Q=        -8.1650 1e-30 m^2  Cq=       -27.7432 MHz  eta= 0.27054

     H   13    Vxx=   -0.0441    axis=(  0.977143 -0.160694  0.139175)
     H   13    Vyy=   -0.2604    axis=(  0.180271  0.279366 -0.943110)
     H   13    Vzz=    0.3046    axis=(  0.112671  0.946642  0.301949)
     H   13  Q=         1.0000 1e-30 m^2  Cq=         0.7156 MHz  eta= 0.71016

     C   14    Vxx=    0.0545    axis=(  0.142824 -0.236688  0.961031)
     C   14    Vyy=    0.3145    axis=( -0.697062  0.665267  0.267440)
     C   14    Vzz=   -0.3690    axis=( -0.702642 -0.708095 -0.069970)
     C   14  Q=         1.0000 1e-30 m^2  Cq=        -0.8671 MHz  eta= 0.70457

     H   15    Vxx=   -0.0406    axis=(  0.110945  0.962257 -0.248502)
     H   15    Vyy=   -0.5359    axis=( -0.409939  0.272093  0.870583)
     H   15    Vzz=    0.5765    axis=(  0.905340  0.005284  0.424654)
     H   15  Q=         1.0000 1e-30 m^2  Cq=         1.3544 MHz  eta= 0.85931

     C   16    Vxx=   -0.0943    axis=( -0.300490 -0.867413  0.396612)
     C   16    Vyy=   -0.5054    axis=( -0.913656  0.142432 -0.380716)
     C   16    Vzz=    0.5998    axis=( -0.273748  0.476769  0.835317)
     C   16  Q=         1.0000 1e-30 m^2  Cq=         1.4092 MHz  eta= 0.68538

     C   17    Vxx=    0.0320    axis=( -0.568366 -0.200311  0.798020)
     C   17    Vyy=    0.9327    axis=(  0.626942 -0.733549  0.262392)
     C   17    Vzz=   -0.9647    axis=(  0.532826  0.649447  0.542507)
     C   17  Q=         1.0000 1e-30 m^2  Cq=        -2.2666 MHz  eta= 0.93371

     Cl  18    Vxx=   -1.1526    axis=(  0.947521 -0.115472 -0.298110)
     Cl  18    Vyy=   -1.9719    axis=(  0.318987  0.279574  0.905586)
     Cl  18    Vzz=    3.1244    axis=( -0.021225 -0.953155  0.301736)
     Cl  18  Q=        -8.1650 1e-30 m^2  Cq=       -59.9408 MHz  eta= 0.26224

     H   19    Vxx=   -0.0174    axis=(  0.418999 -0.600978 -0.680636)
     H   19    Vyy=   -0.1335    axis=(  0.824760 -0.061605  0.562117)
     H   19    Vzz=    0.1509    axis=(  0.379750  0.796888 -0.469851)
     H   19  Q=         1.0000 1e-30 m^2  Cq=         0.3545 MHz  eta= 0.76933

     C   20    Vxx=    0.0149    axis=(  0.512513 -0.370381 -0.774692)
     C   20    Vyy=    0.9866    axis=(  0.022033  0.907565 -0.419332)
     C   20    Vzz=   -1.0014    axis=(  0.858397  0.197845  0.473300)
     C   20  Q=         1.0000 1e-30 m^2  Cq=        -2.3529 MHz  eta= 0.97033

     H   21    Vxx=   -0.0128    axis=(  0.375780  0.885252  0.274079)
     H   21    Vyy=   -0.7328    axis=(  0.533920  0.034916 -0.844814)
     H   21    Vzz=    0.7455    axis=( -0.757443  0.463800 -0.459532)
     H   21  Q=         1.0000 1e-30 m^2  Cq=         1.7517 MHz  eta= 0.96577

     C   22    Vxx=    0.0620    axis=( -0.476745  0.227765 -0.849021)
     C   22    Vyy=    0.3808    axis=(  0.873912  0.226991 -0.429828)
     C   22    Vzz=   -0.4428    axis=( -0.094821  0.946889  0.307263)
     C   22  Q=         1.0000 1e-30 m^2  Cq=        -1.0405 MHz  eta= 0.71987

     C   23    Vxx=   -0.0150    axis=( -0.464284  0.456371  0.759056)
     C   23    Vyy=   -0.9391    axis=( -0.882608 -0.309800 -0.353593)
     C   23    Vzz=    0.9541    axis=(  0.073786 -0.834116  0.546632)
     C   23  Q=         1.0000 1e-30 m^2  Cq=         2.2417 MHz  eta= 0.96855

     Cl  24    Vxx=    0.1095    axis=(  0.693754  0.155855  0.703146)
     Cl  24    Vyy=    2.3195    axis=( -0.454348 -0.662807  0.595193)
     Cl  24    Vzz=   -2.4291    axis=(  0.558814 -0.732391 -0.389013)
     Cl  24  Q=        -8.1650 1e-30 m^2  Cq=        46.6001 MHz  eta= 0.90983

     Initialization:
     gipaw_setup  :      9.00s CPU     11.03s WALL (       1 calls)

     Linear response

     Apply operators

     Induced current

     Other routines
     efg          :      9.59s CPU     12.34s WALL (       1 calls)

     General routines
     calbec       :      3.49s CPU      4.70s WALL (      16 calls)
     fft          :      1.30s CPU      1.62s WALL (      15 calls)
     ffts         :      0.04s CPU      0.05s WALL (       2 calls)
     fftw         :      3.35s CPU      4.18s WALL (     672 calls)
     davcio       :      0.02s CPU      0.31s WALL (      32 calls)

     Parallel routines
     fft_scatter  :      2.12s CPU      3.13s WALL (     689 calls)

     Plugins

     GIPAW        :     61.31s CPU     72.72s WALL (       1 calls)
