
     Program QE v.6.0 (svn rev. 13079) starts on  3Jan2017 at 21:19: 7 

     This program is part of the open-source Quantum ESPRESSO suite
     for quantum simulation of materials; please cite
         "P. Giannozzi et al., J. Phys.:Condens. Matter 21 395502 (2009);
          URL http://www.quantum-espresso.org", 
     in publications or presentations arising from this work. More details at
     http://www.quantum-espresso.org/quote

     Parallel version (MPI), running on     8 processors
     R & G space division:  proc/nbgrp/npool/nimage =       8

     ***** This is GIPAW svn revision unknown      *****

     Parallelizing q-star over 1 images

     Reading data from directory:
     /users/majewski/paradichlorobenzene/pbe/9_constraint/scratch/pbe.ecut100.np8.dt60.pcl2phi-129368.save
     Message from routine read_xml_file:
     file /users/majewski/paradichlorobenzene/pbe/9_constraint/scratch/pbe.ecut100.np8.dt60.pcl2phi-129368.save not guaranteed to be safe for post-processing

   Info: using nr1, nr2, nr3 values from input

   Info: using nr1, nr2, nr3 values from input

     IMPORTANT: XC functional enforced from input :
     Exchange-correlation      =  SLA  PW   PBX  PBC ( 1  4  3  4 0 0)
     Any further DFT definition will be discarded
     Please, verify this is what you really want

               file C.pbe-n-kjpaw_psl.1.0.0.UPF: wavefunction(s)  2S 2P renormalized
               file Cl.pbe-n-kjpaw_psl.1.0.0.UPF: wavefunction(s)  3S 3P renormalized
               file H.pbe-kjpaw_psl.1.0.0.UPF: wavefunction(s)  1S renormalized

     Parallelization info
     --------------------
     sticks:   dense  smooth     PW     G-vecs:    dense   smooth      PW
     Min        3057    1223    332               144436    36536    5170
     Max        3059    1225    333               144437    36537    5171
     Sum       24467    9791   2657              1155489   292295   41363


     Subspace diagonalization in iterative solution of the eigenvalue problem:
     a serial algorithm will be used

     GIPAW projectors -----------------------------------------------
     atom=  C    l=0  rc=    1.2000  rs=    0.8000
     atom=  C    l=0  rc=    1.2000  rs=    0.8000
     atom=  C    l=1  rc=    1.4000  rs=    0.9333
     atom=  C    l=1  rc=    1.4000  rs=    0.9333
     projs nearly linearly dependent: l=1  n1,n2= 1, 2  s=  0.99951561

     atom=  Cl   l=0  rc=    1.6000  rs=    1.0667
     atom=  Cl   l=0  rc=    1.6000  rs=    1.0667
     atom=  Cl   l=1  rc=    1.6000  rs=    1.0667
     atom=  Cl   l=1  rc=    1.6000  rs=    1.0667
     atom=  Cl   l=2  rc=    1.6000  rs=    1.0667
     atom=  Cl   l=2  rc=    1.6000  rs=    1.0667
     projs nearly linearly dependent: l=2  n1,n2= 1, 2  s=  0.99993509

     atom=  H    l=0  rc=    1.0000  rs=    0.6667
     atom=  H    l=0  rc=    1.0000  rs=    0.6667
     projs nearly linearly dependent: l=0  n1,n2= 1, 2  s=  0.99968852
     -----------------------------------------------------------------

     GIPAW integrals: -------------------------------------------
     Atom  i/j   nmr_para   nmr_dia   epr_rmc  epr_para   epr_dia
       C   1 1   0.83E+03  0.17E-01  0.93E+01  0.24E+08  0.24E+03
       C   2 1   0.86E+03 -0.61E-01  0.94E+01  0.25E+08  0.25E+03
       C   2 2   0.90E+03 -0.15E+00  0.97E+01  0.26E+08  0.26E+03
       C   3 3   0.33E+01  0.34E+00  0.18E+01  0.55E+03  0.21E+02
       C   4 3   0.35E+01  0.37E+00  0.20E+01  0.59E+03  0.22E+02
       C   4 4   0.38E+01  0.39E+00  0.22E+01  0.63E+03  0.24E+02
       Cl  1 1   0.14E+04 -0.47E+00  0.84E+01  0.32E+09  0.42E+03
       Cl  2 1   0.21E+04 -0.37E+00  0.12E+02  0.49E+09  0.65E+03
       Cl  2 2   0.33E+04 -0.16E+00  0.21E+02  0.76E+09  0.10E+04
       Cl  3 3   0.21E+02  0.79E-01  0.89E+01  0.23E+05  0.13E+03
       Cl  4 3   0.24E+02  0.67E-01  0.99E+01  0.27E+05  0.15E+03
       Cl  4 4   0.28E+02  0.44E-01  0.11E+02  0.32E+05  0.18E+03
       Cl  5 5   0.77E+00  0.19E+00  0.18E+01  0.12E+03  0.22E+02
       Cl  6 5   0.80E+00  0.19E+00  0.19E+01  0.12E+03  0.23E+02
       Cl  6 6   0.83E+00  0.20E+00  0.19E+01  0.12E+03  0.23E+02
       H   1 1   0.39E+02  0.19E+00  0.29E+00  0.78E+05  0.13E+02
       H   2 1   0.41E+02  0.21E+00  0.32E+00  0.82E+05  0.14E+02
       H   2 2   0.43E+02  0.22E+00  0.36E+00  0.86E+05  0.15E+02
     ------------------------------------------------------------

     alpha_pv=     34.4064 eV

     Number of occupied bands for each k-point:
     k-point:     1    nbnd_occ=  42
     k-point:     2    nbnd_occ=  42
     k-point:     3    nbnd_occ=  42
     k-point:     4    nbnd_occ=  42
     k-point:     5    nbnd_occ=  42
     k-point:     6    nbnd_occ=  42
     k-point:     7    nbnd_occ=  42
     k-point:     8    nbnd_occ=  42
     k-point:     9    nbnd_occ=  42
     k-point:    10    nbnd_occ=  42
     k-point:    11    nbnd_occ=  42
     k-point:    12    nbnd_occ=  42
     k-point:    13    nbnd_occ=  42
     k-point:    14    nbnd_occ=  42
     k-point:    15    nbnd_occ=  42
     k-point:    16    nbnd_occ=  42


     q-space interpolation up to   110.00 Rydberg

     GIPAW job: efg                                                                             


     ELECTRIC FIELD GRADIENTS TENSORS IN Hartree/bohrradius^2:

     ----- bare term -----
     Cl   1       -0.012302        0.140974       -0.016667
     Cl   1        0.140974        0.116415        0.008284
     Cl   1       -0.016667        0.008284       -0.104113

     C    2       -0.771068        0.343837       -0.296460
     C    2        0.343837        0.278606       -0.060428
     C    2       -0.296460       -0.060428        0.492463

     C    3        0.155043        0.263715       -0.032244
     C    3        0.263715       -0.520202       -0.470426
     C    3       -0.032244       -0.470426        0.365159

     H    4       -0.484398       -0.185158       -0.543893
     H    4       -0.185158        0.264702       -0.320590
     H    4       -0.543893       -0.320590        0.219696

     C    5       -0.789068        0.290994       -0.415101
     C    5        0.290994        0.360976       -0.224040
     C    5       -0.415101       -0.224040        0.428092

     H    6        0.321368       -0.024381       -0.230554
     H    6       -0.024381       -0.504587       -0.538931
     H    6       -0.230554       -0.538931        0.183219

     H    7        0.350097        0.280133        0.083863
     H    7        0.280133       -0.610977       -0.215369
     H    7        0.083863       -0.215369        0.260880

     C    8       -0.002382        0.143737       -0.152776
     C    8        0.143737       -0.136599       -0.012021
     C    8       -0.152776       -0.012021        0.138981

     H    9       -0.250868        0.374441        0.178700
     H    9        0.374441        0.050930       -0.170056
     H    9        0.178700       -0.170056        0.199938

     C   10        0.063213       -0.077526        0.234432
     C   10       -0.077526       -0.075700       -0.195251
     C   10        0.234432       -0.195251        0.012487

     C   11        0.078138        0.164736       -0.179279
     C   11        0.164736       -0.026507        0.056342
     C   11       -0.179279        0.056342       -0.051631

     Cl  12        0.010552       -0.265710       -0.027818
     Cl  12       -0.265710        0.069975       -0.198501
     Cl  12       -0.027818       -0.198501       -0.080526

     H   13        0.386652        0.018875        0.110460
     H   13        0.018875       -0.022135       -0.481642
     H   13        0.110460       -0.481642       -0.364517

     C   14        0.185591        0.057956       -0.064140
     C   14        0.057956       -0.325779       -0.289815
     C   14       -0.064140       -0.289815        0.140187

     H   15        0.115196       -0.116262       -0.355192
     H   15       -0.116262        0.350831       -0.289750
     H   15       -0.355192       -0.289750       -0.466028

     C   16       -0.346036        0.297601       -0.215572
     C   16        0.297601        0.372227       -0.204029
     C   16       -0.215572       -0.204029       -0.026191

     C   17        0.336466        0.183037       -0.113011
     C   17        0.183037       -0.548959       -0.437542
     C   17       -0.113011       -0.437542        0.212493

     Cl  18       -0.148485        0.220237        0.002842
     Cl  18        0.220237       -0.015857        0.019894
     Cl  18        0.002842        0.019894        0.164342

     H   19        0.178973        0.048725       -0.150576
     H   19        0.048725       -0.397965        0.544788
     H   19       -0.150576        0.544788        0.218992

     C   20       -0.640833       -0.308765       -0.155792
     C   20       -0.308765        0.281140        0.283160
     C   20       -0.155792        0.283160        0.359693

     H   21       -0.637005        0.067267        0.098639
     H   21        0.067267        0.413784        0.234913
     H   21        0.098639        0.234913        0.223221

     C   22        0.030993        0.170732       -0.330872
     C   22        0.170732       -0.131789        0.586983
     C   22       -0.330872        0.586983        0.100796

     C   23       -0.447091       -0.387659       -0.197000
     C   23       -0.387659        0.054654        0.337229
     C   23       -0.197000        0.337229        0.392437

     Cl  24       -0.014403        0.136771       -0.002173
     Cl  24        0.136771        0.046307        0.106771
     Cl  24       -0.002173        0.106771       -0.031904

     ----- ionic term -----
     Cl   1        0.154094       -0.231968        0.074541
     Cl   1       -0.231968        0.014661       -0.038523
     Cl   1        0.074541       -0.038523       -0.168756

     C    2        0.124873       -0.216798        0.406160
     C    2       -0.216798        0.109404        0.353941
     C    2        0.406160        0.353941       -0.234277

     C    3        0.106509       -0.219670        0.259281
     C    3       -0.219670        0.190917        0.378104
     C    3        0.259281        0.378104       -0.297427

     H    4        0.416488        0.375745        0.702126
     H    4        0.375745       -0.324325        0.333437
     H    4        0.702126        0.333437       -0.092164

     C    5        0.300458       -0.222500        0.321918
     C    5       -0.222500        0.018084        0.269484
     C    5        0.321918        0.269484       -0.318541

     H    6       -0.494699        0.018605        0.025353
     H    6        0.018605        0.617069        0.722380
     H    6        0.025353        0.722380       -0.122370

     H    7       -0.480831       -0.273664        0.112772
     H    7       -0.273664        0.764064       -0.593350
     H    7        0.112772       -0.593350       -0.283233

     C    8        0.372826        0.040581        0.162808
     C    8        0.040581        0.086267       -0.308792
     C    8        0.162808       -0.308792       -0.459093

     H    9        0.887195       -0.349730        0.426442
     H    9       -0.349730       -0.399260       -0.168753
     H    9        0.426442       -0.168753       -0.487936

     C   10        0.244056        0.126823        0.084110
     C   10        0.126823        0.208239       -0.377749
     C   10        0.084110       -0.377749       -0.452295

     C   11        0.325037       -0.015843        0.149618
     C   11       -0.015843        0.193155       -0.365370
     C   11        0.149618       -0.365370       -0.518193

     Cl  12        0.125964        0.180206       -0.000723
     Cl  12        0.180206        0.031534       -0.012848
     Cl  12       -0.000723       -0.012848       -0.157498

     H   13       -0.536187       -0.071670       -0.025439
     H   13       -0.071670        0.471054        0.782652
     H   13       -0.025439        0.782652        0.065133

     C   14        0.232003       -0.268172        0.345273
     C   14       -0.268172       -0.021089        0.294657
     C   14        0.345273        0.294657       -0.210914

     H   15        0.478137        0.222516        0.830344
     H   15        0.222516       -0.532664        0.231618
     H   15        0.830344        0.231618        0.054526

     C   16        0.141951       -0.326795        0.233146
     C   16       -0.326795        0.096382        0.354779
     C   16        0.233146        0.354779       -0.238334

     C   17        0.203160       -0.258873        0.216544
     C   17       -0.258873        0.060778        0.416102
     C   17        0.216544        0.416102       -0.263938

     Cl  18        0.125583       -0.216359       -0.022532
     Cl  18       -0.216359        0.019930        0.012416
     Cl  18       -0.022532        0.012416       -0.145513

     H   19       -0.485828       -0.184919        0.072050
     H   19       -0.184919        0.829556       -0.567514
     H   19        0.072050       -0.567514       -0.343728

     C   20        0.427497        0.036512        0.106743
     C   20        0.036512        0.130460       -0.283911
     C   20        0.106743       -0.283911       -0.557957

     H   21        0.766780       -0.513865        0.326649
     H   21       -0.513865       -0.251957       -0.196530
     H   21        0.326649       -0.196530       -0.514823

     C   22        0.175546        0.130924        0.056642
     C   22        0.130924        0.367486       -0.373196
     C   22        0.056642       -0.373196       -0.543032

     C   23        0.290822        0.080198        0.185189
     C   23        0.080198        0.250466       -0.361542
     C   23        0.185189       -0.361542       -0.541288

     Cl  24        0.163740        0.236906        0.002753
     Cl  24        0.236906       -0.020767       -0.007557
     Cl  24        0.002753       -0.007557       -0.142973

     ----- GIPAW term -----
     Cl   1        0.613830        0.091427       -0.080769
     Cl   1        0.091427        2.117597        0.021650
     Cl   1       -0.080769        0.021650       -2.731427

     C    2       -0.124017        0.053896        0.051983
     C    2        0.053896        0.059143        0.151571
     C    2        0.051983        0.151571        0.064874

     C    3       -0.086905        0.050165        0.045595
     C    3        0.050165        0.035484        0.171857
     C    3        0.045595        0.171857        0.051421

     H    4       -0.000000        0.000000        0.000000
     H    4        0.000000        0.000000        0.000000
     H    4        0.000000        0.000000        0.000000

     C    5       -0.070341        0.044027        0.021436
     C    5        0.044027        0.030459        0.035089
     C    5        0.021436        0.035089        0.039882

     H    6       -0.000000        0.000000        0.000000
     H    6        0.000000        0.000000        0.000000
     H    6        0.000000        0.000000        0.000000

     H    7       -0.000000        0.000000        0.000000
     H    7        0.000000        0.000000        0.000000
     H    7        0.000000        0.000000        0.000000

     C    8        0.000256        0.017913        0.001919
     C    8        0.017913        0.000494        0.020236
     C    8        0.001919        0.020236       -0.000749

     H    9       -0.000000        0.000000        0.000000
     H    9        0.000000        0.000000        0.000000
     H    9        0.000000        0.000000        0.000000

     C   10        0.022806        0.010272        0.024326
     C   10        0.010272        0.005953       -0.039000
     C   10        0.024326       -0.039000       -0.028759

     C   11        0.027055        0.023739       -0.010167
     C   11        0.023739       -0.015558       -0.021040
     C   11       -0.010167       -0.021040       -0.011497

     Cl  12       -0.756296        0.413065        0.053928
     Cl  12        0.413065       -0.526889        1.143195
     Cl  12        0.053928        1.143195        1.283186

     H   13       -0.000000        0.000000        0.000000
     H   13        0.000000        0.000000        0.000000
     H   13        0.000000        0.000000        0.000000

     C   14       -0.021561       -0.010838        0.002207
     C   14       -0.010838       -0.030284        0.095418
     C   14        0.002207        0.095418        0.051845

     H   15       -0.000000        0.000000        0.000000
     H   15        0.000000        0.000000        0.000000
     H   15        0.000000        0.000000        0.000000

     C   16       -0.024016        0.013219        0.000572
     C   16        0.013219        0.040016       -0.009712
     C   16        0.000572       -0.009712       -0.015999

     C   17        0.001233        0.001190        0.015838
     C   17        0.001190       -0.007463        0.092654
     C   17        0.015838        0.092654        0.006230

     Cl  18       -0.968271       -0.412702        0.508194
     Cl  18       -0.412702        0.129854        2.144921
     Cl  18        0.508194        2.144921        0.838416

     H   19       -0.000000        0.000000        0.000000
     H   19        0.000000        0.000000        0.000000
     H   19        0.000000        0.000000        0.000000

     C   20       -0.144560        0.107241        0.038598
     C   20        0.107241        0.216199        0.094698
     C   20        0.038598        0.094698       -0.071639

     H   21       -0.000000        0.000000        0.000000
     H   21        0.000000        0.000000        0.000000
     H   21        0.000000        0.000000        0.000000

     C   22       -0.064109        0.194590       -0.087662
     C   22        0.194590        0.182943       -0.009093
     C   22       -0.087662       -0.009093       -0.118834

     C   23       -0.125265        0.044395        0.005983
     C   23        0.044395        0.134779        0.178424
     C   23        0.005983        0.178424       -0.009514

     Cl  24        0.859760        3.060314        0.315288
     Cl  24        3.060314        0.670508        1.193062
     Cl  24        0.315288        1.193062       -1.530267

     ----- total EFG -----
     Cl   1        0.755622        0.000433       -0.022895
     Cl   1        0.000433        2.248673       -0.008590
     Cl   1       -0.022895       -0.008590       -3.004296

     C    2       -0.770212        0.180935        0.161683
     C    2        0.180935        0.447153        0.445084
     C    2        0.161683        0.445084        0.323059

     C    3        0.174648        0.094210        0.272631
     C    3        0.094210       -0.293800        0.079536
     C    3        0.272631        0.079536        0.119153

     H    4       -0.067910        0.190587        0.158233
     H    4        0.190587       -0.059623        0.012846
     H    4        0.158233        0.012846        0.127532

     C    5       -0.558951        0.112520       -0.071747
     C    5        0.112520        0.409519        0.080533
     C    5       -0.071747        0.080533        0.149433

     H    6       -0.173331       -0.005776       -0.205201
     H    6       -0.005776        0.112482        0.183449
     H    6       -0.205201        0.183449        0.060849

     H    7       -0.130734        0.006469        0.196635
     H    7        0.006469        0.153086       -0.808718
     H    7        0.196635       -0.808718       -0.022352

     C    8        0.370700        0.202231        0.011952
     C    8        0.202231       -0.049839       -0.300577
     C    8        0.011952       -0.300577       -0.320861

     H    9        0.636327        0.024711        0.605142
     H    9        0.024711       -0.348329       -0.338809
     H    9        0.605142       -0.338809       -0.287998

     C   10        0.330075        0.059569        0.342868
     C   10        0.059569        0.138492       -0.612000
     C   10        0.342868       -0.612000       -0.468566

     C   11        0.430230        0.172632       -0.039827
     C   11        0.172632        0.151090       -0.330068
     C   11       -0.039827       -0.330068       -0.581320

     Cl  12       -0.619781        0.327561        0.025387
     Cl  12        0.327561       -0.425380        0.931846
     Cl  12        0.025387        0.931846        1.045161

     H   13       -0.149535       -0.052795        0.085021
     H   13       -0.052795        0.448919        0.301010
     H   13        0.085021        0.301010       -0.299384

     C   14        0.396033       -0.221054        0.283340
     C   14       -0.221054       -0.377152        0.100260
     C   14        0.283340        0.100260       -0.018881

     H   15        0.593334        0.106253        0.475152
     H   15        0.106253       -0.181832       -0.058131
     H   15        0.475152       -0.058131       -0.411501

     C   16       -0.228101       -0.015976        0.018147
     C   16       -0.015976        0.508625        0.141038
     C   16        0.018147        0.141038       -0.280524

     C   17        0.540859       -0.074646        0.119370
     C   17       -0.074646       -0.495644        0.071214
     C   17        0.119370        0.071214       -0.045214

     Cl  18       -0.991172       -0.408825        0.488503
     Cl  18       -0.408825        0.133927        2.177231
     Cl  18        0.488503        2.177231        0.857245

     H   19       -0.306855       -0.136195       -0.078526
     H   19       -0.136195        0.431592       -0.022726
     H   19       -0.078526       -0.022726       -0.124736

     C   20       -0.357896       -0.165011       -0.010451
     C   20       -0.165011        0.627799        0.093947
     C   20       -0.010451        0.093947       -0.269903

     H   21        0.129775       -0.446598        0.425288
     H   21       -0.446598        0.161828        0.038384
     H   21        0.425288        0.038384       -0.291603

     C   22        0.142430        0.496246       -0.361891
     C   22        0.496246        0.418640        0.204693
     C   22       -0.361891        0.204693       -0.561069

     C   23       -0.281533       -0.263066       -0.005828
     C   23       -0.263066        0.439898        0.154111
     C   23       -0.005828        0.154111       -0.158365

     Cl  24        1.009096        3.433990        0.315869
     Cl  24        3.433990        0.696047        1.292276
     Cl  24        0.315869        1.292276       -1.705144

     ----- total EFG (symmetrized) -----
     Cl   1        0.755622        0.000433       -0.022895
     Cl   1        0.000433        2.248673       -0.008590
     Cl   1       -0.022895       -0.008590       -3.004296

     C    2       -0.770212        0.180935        0.161683
     C    2        0.180935        0.447153        0.445084
     C    2        0.161683        0.445084        0.323059

     C    3        0.174648        0.094210        0.272631
     C    3        0.094210       -0.293800        0.079536
     C    3        0.272631        0.079536        0.119153

     H    4       -0.067910        0.190587        0.158233
     H    4        0.190587       -0.059623        0.012846
     H    4        0.158233        0.012846        0.127532

     C    5       -0.558951        0.112520       -0.071747
     C    5        0.112520        0.409519        0.080533
     C    5       -0.071747        0.080533        0.149433

     H    6       -0.173331       -0.005776       -0.205201
     H    6       -0.005776        0.112482        0.183449
     H    6       -0.205201        0.183449        0.060849

     H    7       -0.130734        0.006469        0.196635
     H    7        0.006469        0.153086       -0.808718
     H    7        0.196635       -0.808718       -0.022352

     C    8        0.370700        0.202231        0.011952
     C    8        0.202231       -0.049839       -0.300577
     C    8        0.011952       -0.300577       -0.320861

     H    9        0.636327        0.024711        0.605142
     H    9        0.024711       -0.348329       -0.338809
     H    9        0.605142       -0.338809       -0.287998

     C   10        0.330075        0.059569        0.342868
     C   10        0.059569        0.138492       -0.612000
     C   10        0.342868       -0.612000       -0.468566

     C   11        0.430230        0.172632       -0.039827
     C   11        0.172632        0.151090       -0.330068
     C   11       -0.039827       -0.330068       -0.581320

     Cl  12       -0.619781        0.327561        0.025387
     Cl  12        0.327561       -0.425380        0.931846
     Cl  12        0.025387        0.931846        1.045161

     H   13       -0.149535       -0.052795        0.085021
     H   13       -0.052795        0.448919        0.301010
     H   13        0.085021        0.301010       -0.299384

     C   14        0.396033       -0.221054        0.283340
     C   14       -0.221054       -0.377152        0.100260
     C   14        0.283340        0.100260       -0.018881

     H   15        0.593334        0.106253        0.475152
     H   15        0.106253       -0.181832       -0.058131
     H   15        0.475152       -0.058131       -0.411501

     C   16       -0.228101       -0.015976        0.018147
     C   16       -0.015976        0.508625        0.141038
     C   16        0.018147        0.141038       -0.280524

     C   17        0.540859       -0.074646        0.119370
     C   17       -0.074646       -0.495644        0.071214
     C   17        0.119370        0.071214       -0.045214

     Cl  18       -0.991172       -0.408825        0.488503
     Cl  18       -0.408825        0.133927        2.177231
     Cl  18        0.488503        2.177231        0.857245

     H   19       -0.306855       -0.136195       -0.078526
     H   19       -0.136195        0.431592       -0.022726
     H   19       -0.078526       -0.022726       -0.124736

     C   20       -0.357896       -0.165011       -0.010451
     C   20       -0.165011        0.627799        0.093947
     C   20       -0.010451        0.093947       -0.269903

     H   21        0.129775       -0.446598        0.425288
     H   21       -0.446598        0.161828        0.038384
     H   21        0.425288        0.038384       -0.291603

     C   22        0.142430        0.496246       -0.361891
     C   22        0.496246        0.418640        0.204693
     C   22       -0.361891        0.204693       -0.561069

     C   23       -0.281533       -0.263066       -0.005828
     C   23       -0.263066        0.439898        0.154111
     C   23       -0.005828        0.154111       -0.158365

     Cl  24        1.009096        3.433990        0.315869
     Cl  24        3.433990        0.696047        1.292276
     Cl  24        0.315869        1.292276       -1.705144


     NQR/NMR SPECTROSCOPIC PARAMETERS:
     Cl   1    Vxx=    0.7558    axis=(  0.999981 -0.000325 -0.006088)
     Cl   1    Vyy=    2.2487    axis=( -0.000315 -0.999999  0.001637)
     Cl   1    Vzz=   -3.0044    axis=(  0.006089  0.001635  0.999980)
     Cl   1  Q=        -8.1650 1e-30 m^2  Cq=        57.6388 MHz  eta= 0.49691

     C    2    Vxx=   -0.0643    axis=(  0.004128 -0.657314  0.753605)
     C    2    Vyy=   -0.8061    axis=( -0.989231  0.107571  0.099245)
     C    2    Vzz=    0.8704    axis=( -0.146301 -0.745900 -0.649792)
     C    2  Q=         1.0000 1e-30 m^2  Cq=         2.0450 MHz  eta= 0.85232

     C    3    Vxx=   -0.1271    axis=( -0.666646 -0.021261  0.745071)
     C    3    Vyy=   -0.3145    axis=( -0.137173  0.986020 -0.094598)
     C    3    Vzz=    0.4416    axis=( -0.732643 -0.165267 -0.660243)
     C    3  Q=         1.0000 1e-30 m^2  Cq=         1.0376 MHz  eta= 0.42457

     H    4    Vxx=    0.0251    axis=( -0.350846 -0.693607  0.629140)
     H    4    Vyy=    0.2581    axis=(  0.572407  0.372870  0.730286)
     H    4    Vzz=   -0.2832    axis=( -0.741119  0.616342  0.266206)
     H    4  Q=         1.0000 1e-30 m^2  Cq=        -0.6655 MHz  eta= 0.82256

     C    5    Vxx=    0.1402    axis=(  0.136066  0.231242 -0.963334)
     C    5    Vyy=    0.4405    axis=( -0.091117 -0.965335 -0.244592)
     C    5    Vzz=   -0.5808    axis=(  0.986501 -0.121057  0.110279)
     C    5  Q=         1.0000 1e-30 m^2  Cq=        -1.3646 MHz  eta= 0.51708

     H    6    Vxx=   -0.0035    axis=(  0.514508  0.732060 -0.446508)
     H    6    Vyy=   -0.3129    axis=(  0.802291 -0.227176  0.552015)
     H    6    Vzz=    0.3164    axis=(  0.302672 -0.642245 -0.704209)
     H    6  Q=         1.0000 1e-30 m^2  Cq=         0.7433 MHz  eta= 0.97807

     H    7    Vxx=   -0.1113    axis=( -0.965698 -0.244436 -0.087622)
     H    7    Vyy=   -0.7834    axis=( -0.228094  0.637264  0.736117)
     H    7    Vzz=    0.8947    axis=(  0.124095 -0.730853  0.671159)
     H    7  Q=         1.0000 1e-30 m^2  Cq=         2.1021 MHz  eta= 0.75129

     C    8    Vxx=    0.0639    axis=( -0.440110  0.700913 -0.561269)
     C    8    Vyy=    0.4678    axis=( -0.887366 -0.435152  0.152396)
     C    8    Vzz=   -0.5317    axis=( -0.137421  0.565122  0.813482)
     C    8  Q=         1.0000 1e-30 m^2  Cq=        -1.2493 MHz  eta= 0.75974

     H    9    Vxx=   -0.1415    axis=(  0.341086  0.813171 -0.471607)
     H    9    Vyy=   -0.8074    axis=( -0.325184  0.572786  0.752443)
     H    9    Vzz=    0.9489    axis=(  0.881995 -0.103288  0.459800)
     H    9  Q=         1.0000 1e-30 m^2  Cq=         2.2295 MHz  eta= 0.70183

     C   10    Vxx=    0.3290    axis=(  0.803543  0.586046 -0.104251)
     C   10    Vyy=    0.6025    axis=( -0.540218  0.644438 -0.541169)
     C   10    Vzz=   -0.9315    axis=( -0.249966  0.491171  0.834427)
     C   10  Q=         1.0000 1e-30 m^2  Cq=        -2.1887 MHz  eta= 0.29355

     C   11    Vxx=    0.1630    axis=( -0.547742  0.775291 -0.314487)
     C   11    Vyy=    0.5457    axis=(  0.836350  0.517419 -0.181098)
     C   11    Vzz=   -0.7087    axis=( -0.022318  0.362216  0.931827)
     C   11  Q=         1.0000 1e-30 m^2  Cq=        -1.6651 MHz  eta= 0.53994

     Cl  12    Vxx=   -0.4469    axis=( -0.832751 -0.463111  0.303405)
     Cl  12    Vyy=   -1.0631    axis=( -0.548009  0.767493 -0.332627)
     Cl  12    Vzz=    1.5100    axis=(  0.078818  0.443264  0.892919)
     Cl  12  Q=        -8.1650 1e-30 m^2  Cq=       -28.9684 MHz  eta= 0.40812

     H   13    Vxx=   -0.1171    axis=(  0.946639 -0.078005  0.312714)
     H   13    Vyy=   -0.4385    axis=(  0.320805  0.321291 -0.890986)
     H   13    Vzz=    0.5556    axis=( -0.030971  0.943762  0.329171)
     H   13  Q=         1.0000 1e-30 m^2  Cq=         1.3055 MHz  eta= 0.57851

     C   14    Vxx=   -0.0613    axis=( -0.290624  0.468269  0.834423)
     C   14    Vyy=   -0.5042    axis=(  0.330085  0.867595 -0.371918)
     C   14    Vzz=    0.5655    axis=( -0.898099  0.167342 -0.406713)
     C   14  Q=         1.0000 1e-30 m^2  Cq=         1.3288 MHz  eta= 0.78321

     H   15    Vxx=   -0.1680    axis=(  0.004140  0.974456 -0.224541)
     H   15    Vyy=   -0.6206    axis=( -0.372238  0.209908  0.904089)
     H   15    Vzz=    0.7886    axis=(  0.928128  0.079839  0.363598)
     H   15  Q=         1.0000 1e-30 m^2  Cq=         1.8529 MHz  eta= 0.57397

     C   16    Vxx=   -0.2231    axis=(  0.969606 -0.025728  0.243316)
     C   16    Vyy=   -0.3102    axis=(  0.244107  0.169241 -0.954866)
     C   16    Vzz=    0.5333    axis=( -0.016612  0.985239  0.170378)
     C   16  Q=         1.0000 1e-30 m^2  Cq=         1.2530 MHz  eta= 0.16321

     C   17    Vxx=   -0.0528    axis=( -0.171401  0.184510  0.967769)
     C   17    Vyy=   -0.5148    axis=(  0.088754  0.981204 -0.171352)
     C   17    Vzz=    0.5676    axis=( -0.981195  0.056523 -0.184555)
     C   17  Q=         1.0000 1e-30 m^2  Cq=         1.3337 MHz  eta= 0.81403

     Cl  18    Vxx=   -0.6303    axis=(  0.864476 -0.401028  0.303081)
     Cl  18    Vyy=   -2.0756    axis=(  0.501778  0.652447 -0.567919)
     Cl  18    Vzz=    2.7059    axis=(  0.030008  0.643032  0.765251)
     Cl  18  Q=        -8.1650 1e-30 m^2  Cq=       -51.9114 MHz  eta= 0.53416

     H   19    Vxx=   -0.0967    axis=( -0.325013 -0.043150  0.944725)
     H   19    Vyy=   -0.3594    axis=(  0.929521  0.169467  0.327523)
     H   19    Vzz=    0.4560    axis=( -0.174232  0.984591 -0.014970)
     H   19  Q=         1.0000 1e-30 m^2  Cq=         1.0715 MHz  eta= 0.57599

     C   20    Vxx=   -0.2792    axis=(  0.060723 -0.091899  0.993915)
     C   20    Vyy=   -0.3850    axis=( -0.985317 -0.164705  0.044969)
     C   20    Vzz=    0.6642    axis=(  0.159570 -0.982052 -0.100551)
     C   20  Q=         1.0000 1e-30 m^2  Cq=         1.5607 MHz  eta= 0.15924

     H   21    Vxx=   -0.0179    axis=( -0.337491 -0.705301 -0.623417)
     H   21    Vyy=   -0.6585    axis=( -0.591834 -0.356020  0.723175)
     H   21    Vzz=    0.6765    axis=( -0.732006  0.613025 -0.297268)
     H   21  Q=         1.0000 1e-30 m^2  Cq=         1.5895 MHz  eta= 0.94695

     C   22    Vxx=    0.0440    axis=( -0.633854  0.533842  0.559680)
     C   22    Vyy=    0.7983    axis=( -0.619014 -0.783988  0.046743)
     C   22    Vzz=   -0.8423    axis=(  0.463736 -0.316822  0.827389)
     C   22  Q=         1.0000 1e-30 m^2  Cq=        -1.9790 MHz  eta= 0.89546

     C   23    Vxx=   -0.1800    axis=(  0.267085 -0.124229  0.955632)
     C   23    Vyy=   -0.3765    axis=(  0.917567  0.335846 -0.212787)
     C   23    Vzz=    0.5565    axis=( -0.294511  0.933689  0.203688)
     C   23  Q=         1.0000 1e-30 m^2  Cq=         1.3075 MHz  eta= 0.35300

     Cl  24    Vxx=   -1.4654    axis=( -0.484414  0.272604  0.831282)
     Cl  24    Vyy=   -3.0298    axis=( -0.526685  0.667839 -0.525922)
     Cl  24    Vzz=    4.4952    axis=(  0.698531  0.692588  0.179934)
     Cl  24  Q=        -8.1650 1e-30 m^2  Cq=       -86.2388 MHz  eta= 0.34801

     Initialization:
     gipaw_setup  :      9.20s CPU     10.96s WALL (       1 calls)

     Linear response

     Apply operators

     Induced current

     Other routines
     efg          :      9.17s CPU     11.57s WALL (       1 calls)

     General routines
     calbec       :      3.18s CPU      4.28s WALL (      16 calls)
     fft          :      1.40s CPU      1.78s WALL (      15 calls)
     ffts         :      0.04s CPU      0.05s WALL (       2 calls)
     fftw         :      3.22s CPU      3.89s WALL (     672 calls)
     davcio       :      0.03s CPU      0.33s WALL (      32 calls)

     Parallel routines
     fft_scatter  :      2.02s CPU      2.93s WALL (     689 calls)

     Plugins

     GIPAW        :     60.42s CPU     71.85s WALL (       1 calls)
