
     Program QE v.6.0 (svn rev. 13079) starts on 23Jan2017 at 20:50:23 

     This program is part of the open-source Quantum ESPRESSO suite
     for quantum simulation of materials; please cite
         "P. Giannozzi et al., J. Phys.:Condens. Matter 21 395502 (2009);
          URL http://www.quantum-espresso.org", 
     in publications or presentations arising from this work. More details at
     http://www.quantum-espresso.org/quote

     Parallel version (MPI), running on     8 processors
     R & G space division:  proc/nbgrp/npool/nimage =       8

     ***** This is GIPAW svn revision unknown      *****

     Parallelizing q-star over 1 images

     Reading data from directory:
     /users/majewski/paradichlorobenzene/pbe/9_constraint/scratch/pbe.ecut100.np8.dt60.pcl2phi-129368.save
     Message from routine read_xml_file:
     file /users/majewski/paradichlorobenzene/pbe/9_constraint/scratch/pbe.ecut100.np8.dt60.pcl2phi-129368.save not guaranteed to be safe for post-processing

   Info: using nr1, nr2, nr3 values from input

   Info: using nr1, nr2, nr3 values from input

     IMPORTANT: XC functional enforced from input :
     Exchange-correlation      =  SLA  PW   PBX  PBC ( 1  4  3  4 0 0)
     Any further DFT definition will be discarded
     Please, verify this is what you really want

               file C.pbe-n-kjpaw_psl.1.0.0.UPF: wavefunction(s)  2S 2P renormalized
               file Cl.pbe-n-kjpaw_psl.1.0.0.UPF: wavefunction(s)  3S 3P renormalized
               file H.pbe-kjpaw_psl.1.0.0.UPF: wavefunction(s)  1S renormalized

     Parallelization info
     --------------------
     sticks:   dense  smooth     PW     G-vecs:    dense   smooth      PW
     Min        3057    1223    332               144436    36536    5170
     Max        3059    1225    333               144437    36537    5171
     Sum       24467    9791   2657              1155489   292295   41363


     Subspace diagonalization in iterative solution of the eigenvalue problem:
     a serial algorithm will be used

     GIPAW projectors -----------------------------------------------
     atom=  C    l=0  rc=    1.2000  rs=    0.8000
     atom=  C    l=0  rc=    1.2000  rs=    0.8000
     atom=  C    l=1  rc=    1.4000  rs=    0.9333
     atom=  C    l=1  rc=    1.4000  rs=    0.9333
     projs nearly linearly dependent: l=1  n1,n2= 1, 2  s=  0.99951561

     atom=  Cl   l=0  rc=    1.6000  rs=    1.0667
     atom=  Cl   l=0  rc=    1.6000  rs=    1.0667
     atom=  Cl   l=1  rc=    1.6000  rs=    1.0667
     atom=  Cl   l=1  rc=    1.6000  rs=    1.0667
     atom=  Cl   l=2  rc=    1.6000  rs=    1.0667
     atom=  Cl   l=2  rc=    1.6000  rs=    1.0667
     projs nearly linearly dependent: l=2  n1,n2= 1, 2  s=  0.99993509

     atom=  H    l=0  rc=    1.0000  rs=    0.6667
     atom=  H    l=0  rc=    1.0000  rs=    0.6667
     projs nearly linearly dependent: l=0  n1,n2= 1, 2  s=  0.99968852
     -----------------------------------------------------------------

     GIPAW integrals: -------------------------------------------
     Atom  i/j   nmr_para   nmr_dia   epr_rmc  epr_para   epr_dia
       C   1 1   0.83E+03  0.17E-01  0.93E+01  0.24E+08  0.24E+03
       C   2 1   0.86E+03 -0.61E-01  0.94E+01  0.25E+08  0.25E+03
       C   2 2   0.90E+03 -0.15E+00  0.97E+01  0.26E+08  0.26E+03
       C   3 3   0.33E+01  0.34E+00  0.18E+01  0.55E+03  0.21E+02
       C   4 3   0.35E+01  0.37E+00  0.20E+01  0.59E+03  0.22E+02
       C   4 4   0.38E+01  0.39E+00  0.22E+01  0.63E+03  0.24E+02
       Cl  1 1   0.14E+04 -0.47E+00  0.84E+01  0.32E+09  0.42E+03
       Cl  2 1   0.21E+04 -0.37E+00  0.12E+02  0.49E+09  0.65E+03
       Cl  2 2   0.33E+04 -0.16E+00  0.21E+02  0.76E+09  0.10E+04
       Cl  3 3   0.21E+02  0.79E-01  0.89E+01  0.23E+05  0.13E+03
       Cl  4 3   0.24E+02  0.67E-01  0.99E+01  0.27E+05  0.15E+03
       Cl  4 4   0.28E+02  0.44E-01  0.11E+02  0.32E+05  0.18E+03
       Cl  5 5   0.77E+00  0.19E+00  0.18E+01  0.12E+03  0.22E+02
       Cl  6 5   0.80E+00  0.19E+00  0.19E+01  0.12E+03  0.23E+02
       Cl  6 6   0.83E+00  0.20E+00  0.19E+01  0.12E+03  0.23E+02
       H   1 1   0.39E+02  0.19E+00  0.29E+00  0.78E+05  0.13E+02
       H   2 1   0.41E+02  0.21E+00  0.32E+00  0.82E+05  0.14E+02
       H   2 2   0.43E+02  0.22E+00  0.36E+00  0.86E+05  0.15E+02
     ------------------------------------------------------------

     alpha_pv=     34.2502 eV

     Number of occupied bands for each k-point:
     k-point:     1    nbnd_occ=  42
     k-point:     2    nbnd_occ=  42
     k-point:     3    nbnd_occ=  42
     k-point:     4    nbnd_occ=  42
     k-point:     5    nbnd_occ=  42
     k-point:     6    nbnd_occ=  42
     k-point:     7    nbnd_occ=  42
     k-point:     8    nbnd_occ=  42
     k-point:     9    nbnd_occ=  42
     k-point:    10    nbnd_occ=  42
     k-point:    11    nbnd_occ=  42
     k-point:    12    nbnd_occ=  42
     k-point:    13    nbnd_occ=  42
     k-point:    14    nbnd_occ=  42
     k-point:    15    nbnd_occ=  42
     k-point:    16    nbnd_occ=  42


     q-space interpolation up to   110.00 Rydberg

     GIPAW job: efg                                                                             


     ELECTRIC FIELD GRADIENTS TENSORS IN Hartree/bohrradius^2:

     ----- bare term -----
     Cl   1        0.056493        0.165087       -0.017296
     Cl   1        0.165087        0.076306       -0.001823
     Cl   1       -0.017296       -0.001823       -0.132799

     C    2       -0.030773        0.390290       -0.217719
     C    2        0.390290       -0.153447       -0.590659
     C    2       -0.217719       -0.590659        0.184220

     C    3       -0.104764        0.016062        0.006218
     C    3        0.016062       -0.068964       -0.084922
     C    3        0.006218       -0.084922        0.173728

     H    4       -0.418136       -0.399570        0.181584
     H    4       -0.399570        0.186337        0.095792
     H    4        0.181584        0.095792        0.231799

     C    5       -0.093733        0.098564       -0.028908
     C    5        0.098564       -0.151935        0.027026
     C    5       -0.028908        0.027026        0.245668

     H    6        0.242704       -0.388341        0.157915
     H    6       -0.388341       -0.523731        0.184393
     H    6        0.157915        0.184393        0.281027

     H    7        0.519350       -0.030118       -0.177640
     H    7       -0.030118       -0.059562        0.247322
     H    7       -0.177640        0.247322       -0.459787

     C    8       -0.535680       -0.320527       -0.056824
     C    8       -0.320527        0.161316        0.382088
     C    8       -0.056824        0.382088        0.374365

     H    9       -0.345183       -0.189434       -0.546799
     H    9       -0.189434        0.188128       -0.041523
     H    9       -0.546799       -0.041523        0.157055

     C   10        0.008213        0.231663       -0.293246
     C   10        0.231663       -0.083600        0.689846
     C   10       -0.293246        0.689846        0.075387

     C   11       -0.460226       -0.331144       -0.225536
     C   11       -0.331144        0.074027        0.284033
     C   11       -0.225536        0.284033        0.386200

     Cl  12        0.011198        0.155294        0.017624
     Cl  12        0.155294        0.022194        0.087436
     Cl  12        0.017624        0.087436       -0.033392

     H   13        0.497703       -0.006078       -0.131924
     H   13       -0.006078       -0.625153        0.034526
     H   13       -0.131924        0.034526        0.127451

     C   14       -0.579266       -0.027484       -0.259038
     C   14       -0.027484        0.013538       -0.270064
     C   14       -0.259038       -0.270064        0.565728

     H   15       -0.398341       -0.394054        0.154763
     H   15       -0.394054        0.292513        0.071558
     H   15        0.154763        0.071558        0.105828

     C   16       -0.063611        0.409420        0.110628
     C   16        0.409420       -0.585865       -0.483581
     C   16        0.110628       -0.483581        0.649476

     C   17       -0.150433        0.155484       -0.545877
     C   17        0.155484        0.029559       -0.440203
     C   17       -0.545877       -0.440203        0.120874

     Cl  18       -0.031684        0.177002        0.089576
     Cl  18        0.177002        0.032211        0.117088
     Cl  18        0.089576        0.117088       -0.000527

     H   19        0.260487       -0.165605        0.242294
     H   19       -0.165605       -0.197836        0.576507
     H   19        0.242294        0.576507       -0.062651

     C   20       -0.064338        0.295484       -0.519524
     C   20        0.295484       -0.090729        0.471945
     C   20       -0.519524        0.471945        0.155067

     H   21       -0.273547        0.178771       -0.457885
     H   21        0.178771        0.375862        0.252567
     H   21       -0.457885        0.252567       -0.102316

     C   22       -0.164958       -0.423841       -0.346645
     C   22       -0.423841       -0.229672        0.149508
     C   22       -0.346645        0.149508        0.394629

     C   23        0.060662        0.434874       -0.496047
     C   23        0.434874       -0.117003        0.652828
     C   23       -0.496047        0.652828        0.056341

     Cl  24       -0.072029       -0.300868       -0.158116
     Cl  24       -0.300868       -0.144924       -0.026391
     Cl  24       -0.158116       -0.026391        0.216954

     ----- ionic term -----
     Cl   1        0.144866       -0.194494        0.011826
     Cl   1       -0.194494        0.025943       -0.013140
     Cl   1        0.011826       -0.013140       -0.170809

     C    2        0.326532       -0.007126        0.183426
     C    2       -0.007126        0.266452        0.282436
     C    2        0.183426        0.282436       -0.592984

     C    3        0.253701       -0.216076        0.132308
     C    3       -0.216076        0.315582        0.277381
     C    3        0.132308        0.277381       -0.569284

     H    4        0.832842        0.359124        0.453008
     H    4        0.359124       -0.382715        0.189346
     H    4        0.453008        0.189346       -0.450127

     C    5        0.402074       -0.139401        0.154847
     C    5       -0.139401        0.177210        0.220749
     C    5        0.154847        0.220749       -0.579284

     H    6       -0.493045        0.175134        0.068205
     H    6        0.175134        0.895652        0.492293
     H    6        0.068205        0.492293       -0.402607

     H    7       -0.527224       -0.020058        0.036837
     H    7       -0.020058        0.420791       -0.786252
     H    7        0.036837       -0.786252        0.106432

     C    8        0.210102        0.206497        0.289723
     C    8        0.206497       -0.042906       -0.327836
     C    8        0.289723       -0.327836       -0.167196

     H    9        0.566957       -0.298030        0.652349
     H    9       -0.298030       -0.427173       -0.255663
     H    9        0.652349       -0.255663       -0.139784

     C   10        0.132322        0.234431        0.174102
     C   10        0.234431        0.120913       -0.408211
     C   10        0.174102       -0.408211       -0.253235

     C   11        0.204790        0.230998        0.328310
     C   11        0.230998        0.042402       -0.378076
     C   11        0.328310       -0.378076       -0.247192

     Cl  12        0.154303        0.249147        0.014257
     Cl  12        0.249147        0.014629        0.010211
     Cl  12        0.014257        0.010211       -0.168931

     H   13       -0.510901        0.178770        0.066422
     H   13        0.178770        0.878392        0.515388
     H   13        0.066422        0.515388       -0.367491

     C   14        0.393498       -0.009122        0.154846
     C   14       -0.009122        0.167870        0.243510
     C   14        0.154846        0.243510       -0.561368

     H   15        0.842522        0.475736        0.311492
     H   15        0.475736       -0.284222        0.140163
     H   15        0.311492        0.140163       -0.558300

     C   16        0.233322       -0.108203        0.081644
     C   16       -0.108203        0.333888        0.244127
     C   16        0.081644        0.244127       -0.567211

     C   17        0.273839       -0.050289        0.119106
     C   17       -0.050289        0.288308        0.276147
     C   17        0.119106        0.276147       -0.562146

     Cl  18        0.139712       -0.189213       -0.018849
     Cl  18       -0.189213        0.002030        0.018538
     Cl  18       -0.018849        0.018538       -0.141742

     H   19       -0.530207       -0.036947        0.040471
     H   19       -0.036947        0.497847       -0.778436
     H   19        0.040471       -0.778436        0.032360

     C   20        0.238068        0.227304        0.324964
     C   20        0.227304        0.011925       -0.288170
     C   20        0.324964       -0.288170       -0.249994

     H   21        0.700351       -0.218265        0.666838
     H   21       -0.218265       -0.474556       -0.195405
     H   21        0.666838       -0.195405       -0.225795

     C   22        0.137081        0.295699        0.210270
     C   22        0.295699        0.116397       -0.371808
     C   22        0.210270       -0.371808       -0.253478

     C   23        0.104920        0.231235        0.329635
     C   23        0.231235        0.062095       -0.408623
     C   23        0.329635       -0.408623       -0.167015

     Cl  24        0.117842        0.211571        0.035499
     Cl  24        0.211571        0.034719        0.010259
     Cl  24        0.035499        0.010259       -0.152561

     ----- GIPAW term -----
     Cl   1        2.066537       -0.094949       -0.156927
     Cl   1       -0.094949        0.576433       -0.029957
     Cl   1       -0.156927       -0.029957       -2.642970

     C    2        0.115528        0.122005       -0.120672
     C    2        0.122005       -0.004589       -0.156243
     C    2       -0.120672       -0.156243       -0.110938

     C    3       -0.015999        0.017786       -0.033627
     C    3        0.017786        0.003595       -0.029342
     C    3       -0.033627       -0.029342        0.012405

     H    4       -0.000000        0.000000        0.000000
     H    4        0.000000        0.000000        0.000000
     H    4        0.000000        0.000000        0.000000

     C    5        0.007511        0.025550       -0.030942
     C    5        0.025550       -0.025941       -0.018994
     C    5       -0.030942       -0.018994        0.018430

     H    6       -0.000000        0.000000        0.000000
     H    6        0.000000        0.000000        0.000000
     H    6        0.000000        0.000000        0.000000

     H    7       -0.000000        0.000000        0.000000
     H    7        0.000000        0.000000        0.000000
     H    7        0.000000        0.000000        0.000000

     C    8       -0.128620        0.083242        0.086806
     C    8        0.083242        0.135498        0.176336
     C    8        0.086806        0.176336       -0.006879

     H    9       -0.000000        0.000000        0.000000
     H    9        0.000000        0.000000        0.000000
     H    9        0.000000        0.000000        0.000000

     C   10       -0.039379        0.217433       -0.001639
     C   10        0.217433        0.132198        0.178153
     C   10       -0.001639        0.178153       -0.092818

     C   11       -0.013551        0.198466       -0.018989
     C   11        0.198466        0.136173        0.032433
     C   11       -0.018989        0.032433       -0.122622

     Cl  12        1.174502        3.227881        0.488943
     Cl  12        3.227881        0.380471        1.007155
     Cl  12        0.488943        1.007155       -1.554973

     H   13       -0.000000        0.000000        0.000000
     H   13        0.000000        0.000000        0.000000
     H   13        0.000000        0.000000        0.000000

     C   14       -0.095979       -0.029722        0.152129
     C   14       -0.029722       -0.120958       -0.035775
     C   14        0.152129       -0.035775        0.216937

     H   15       -0.000000        0.000000        0.000000
     H   15        0.000000        0.000000        0.000000
     H   15        0.000000        0.000000        0.000000

     C   16       -0.086189        0.046379        0.129604
     C   16        0.046379       -0.198749       -0.063716
     C   16        0.129604       -0.063716        0.284937

     C   17        0.098142        0.059211       -0.149750
     C   17        0.059211        0.046126       -0.110668
     C   17       -0.149750       -0.110668       -0.144269

     Cl  18        1.051157       -0.436598        0.904594
     Cl  18       -0.436598        0.514452        1.173801
     Cl  18        0.904594        1.173801       -1.565609

     H   19       -0.000000        0.000000        0.000000
     H   19        0.000000        0.000000        0.000000
     H   19        0.000000        0.000000        0.000000

     C   20        0.107165        0.229370       -0.149651
     C   20        0.229370       -0.027623        0.034973
     C   20       -0.149651        0.034973       -0.079543

     H   21       -0.000000        0.000000        0.000000
     H   21        0.000000        0.000000        0.000000
     H   21        0.000000        0.000000        0.000000

     C   22        0.098067        0.049152       -0.200571
     C   22        0.049152       -0.109139       -0.072672
     C   22       -0.200571       -0.072672        0.011072

     C   23        0.126553        0.313430       -0.088495
     C   23        0.313430        0.034900        0.066702
     C   23       -0.088495        0.066702       -0.161453

     Cl  24        1.906606        1.220153       -1.661467
     Cl  24        1.220153       -1.150275       -0.316234
     Cl  24       -1.661467       -0.316234       -0.756331

     ----- total EFG -----
     Cl   1        2.267896       -0.124356       -0.162397
     Cl   1       -0.124356        0.678682       -0.044920
     Cl   1       -0.162397       -0.044920       -2.946578

     C    2        0.411287        0.505168       -0.154965
     C    2        0.505168        0.108415       -0.464466
     C    2       -0.154965       -0.464466       -0.519703

     C    3        0.132938       -0.182228        0.104899
     C    3       -0.182228        0.250213        0.163117
     C    3        0.104899        0.163117       -0.383151

     H    4        0.414706       -0.040446        0.634592
     H    4       -0.040446       -0.196378        0.285138
     H    4        0.634592        0.285138       -0.218328

     C    5        0.315852       -0.015287        0.094997
     C    5       -0.015287       -0.000666        0.228781
     C    5        0.094997        0.228781       -0.315186

     H    6       -0.250341       -0.213207        0.226120
     H    6       -0.213207        0.371921        0.676686
     H    6        0.226120        0.676686       -0.121581

     H    7       -0.007874       -0.050176       -0.140803
     H    7       -0.050176        0.361229       -0.538929
     H    7       -0.140803       -0.538929       -0.353355

     C    8       -0.454198       -0.030787        0.319705
     C    8       -0.030787        0.253908        0.230587
     C    8        0.319705        0.230587        0.200290

     H    9        0.221774       -0.487464        0.105550
     H    9       -0.487464       -0.239045       -0.297186
     H    9        0.105550       -0.297186        0.017271

     C   10        0.101156        0.683527       -0.120783
     C   10        0.683527        0.169510        0.459788
     C   10       -0.120783        0.459788       -0.270666

     C   11       -0.268987        0.098321        0.083785
     C   11        0.098321        0.252602       -0.061610
     C   11        0.083785       -0.061610        0.016385

     Cl  12        1.340003        3.632322        0.520825
     Cl  12        3.632322        0.417294        1.104802
     Cl  12        0.520825        1.104802       -1.757297

     H   13       -0.013199        0.172692       -0.065501
     H   13        0.172692        0.253238        0.549914
     H   13       -0.065501        0.549914       -0.240040

     C   14       -0.281747       -0.066327        0.047937
     C   14       -0.066327        0.060450       -0.062330
     C   14        0.047937       -0.062330        0.221297

     H   15        0.444182        0.081682        0.466255
     H   15        0.081682        0.008291        0.211721
     H   15        0.466255        0.211721       -0.452473

     C   16        0.083522        0.347596        0.321877
     C   16        0.347596       -0.450725       -0.303170
     C   16        0.321877       -0.303170        0.367203

     C   17        0.221548        0.164407       -0.576521
     C   17        0.164407        0.363993       -0.274724
     C   17       -0.576521       -0.274724       -0.585541

     Cl  18        1.159184       -0.448810        0.975321
     Cl  18       -0.448810        0.548693        1.309427
     Cl  18        0.975321        1.309427       -1.707877

     H   19       -0.269720       -0.202551        0.282765
     H   19       -0.202551        0.300011       -0.201929
     H   19        0.282765       -0.201929       -0.030290

     C   20        0.280895        0.752159       -0.344210
     C   20        0.752159       -0.106426        0.218749
     C   20       -0.344210        0.218749       -0.174469

     H   21        0.426804       -0.039494        0.208953
     H   21       -0.039494       -0.098693        0.057162
     H   21        0.208953        0.057162       -0.328111

     C   22        0.070190       -0.078990       -0.336946
     C   22       -0.078990       -0.222414       -0.294972
     C   22       -0.336946       -0.294972        0.152223

     C   23        0.292135        0.979539       -0.254906
     C   23        0.979539       -0.020008        0.310906
     C   23       -0.254906        0.310906       -0.272127

     Cl  24        1.952419        1.130856       -1.784083
     Cl  24        1.130856       -1.260480       -0.332366
     Cl  24       -1.784083       -0.332366       -0.691938

     ----- total EFG (symmetrized) -----
     Cl   1        2.267896       -0.124356       -0.162397
     Cl   1       -0.124356        0.678682       -0.044920
     Cl   1       -0.162397       -0.044920       -2.946578

     C    2        0.411287        0.505168       -0.154965
     C    2        0.505168        0.108415       -0.464466
     C    2       -0.154965       -0.464466       -0.519703

     C    3        0.132938       -0.182228        0.104899
     C    3       -0.182228        0.250213        0.163117
     C    3        0.104899        0.163117       -0.383151

     H    4        0.414706       -0.040446        0.634592
     H    4       -0.040446       -0.196378        0.285138
     H    4        0.634592        0.285138       -0.218328

     C    5        0.315852       -0.015287        0.094997
     C    5       -0.015287       -0.000666        0.228781
     C    5        0.094997        0.228781       -0.315186

     H    6       -0.250341       -0.213207        0.226120
     H    6       -0.213207        0.371921        0.676686
     H    6        0.226120        0.676686       -0.121581

     H    7       -0.007874       -0.050176       -0.140803
     H    7       -0.050176        0.361229       -0.538929
     H    7       -0.140803       -0.538929       -0.353355

     C    8       -0.454198       -0.030787        0.319705
     C    8       -0.030787        0.253908        0.230587
     C    8        0.319705        0.230587        0.200290

     H    9        0.221774       -0.487464        0.105550
     H    9       -0.487464       -0.239045       -0.297186
     H    9        0.105550       -0.297186        0.017271

     C   10        0.101156        0.683527       -0.120783
     C   10        0.683527        0.169510        0.459788
     C   10       -0.120783        0.459788       -0.270666

     C   11       -0.268987        0.098321        0.083785
     C   11        0.098321        0.252602       -0.061610
     C   11        0.083785       -0.061610        0.016385

     Cl  12        1.340003        3.632322        0.520825
     Cl  12        3.632322        0.417294        1.104802
     Cl  12        0.520825        1.104802       -1.757297

     H   13       -0.013199        0.172692       -0.065501
     H   13        0.172692        0.253238        0.549914
     H   13       -0.065501        0.549914       -0.240040

     C   14       -0.281747       -0.066327        0.047937
     C   14       -0.066327        0.060450       -0.062330
     C   14        0.047937       -0.062330        0.221297

     H   15        0.444182        0.081682        0.466255
     H   15        0.081682        0.008291        0.211721
     H   15        0.466255        0.211721       -0.452473

     C   16        0.083522        0.347596        0.321877
     C   16        0.347596       -0.450725       -0.303170
     C   16        0.321877       -0.303170        0.367203

     C   17        0.221548        0.164407       -0.576521
     C   17        0.164407        0.363993       -0.274724
     C   17       -0.576521       -0.274724       -0.585541

     Cl  18        1.159184       -0.448810        0.975321
     Cl  18       -0.448810        0.548693        1.309427
     Cl  18        0.975321        1.309427       -1.707877

     H   19       -0.269720       -0.202551        0.282765
     H   19       -0.202551        0.300011       -0.201929
     H   19        0.282765       -0.201929       -0.030290

     C   20        0.280895        0.752159       -0.344210
     C   20        0.752159       -0.106426        0.218749
     C   20       -0.344210        0.218749       -0.174469

     H   21        0.426804       -0.039494        0.208953
     H   21       -0.039494       -0.098693        0.057162
     H   21        0.208953        0.057162       -0.328111

     C   22        0.070190       -0.078990       -0.336946
     C   22       -0.078990       -0.222414       -0.294972
     C   22       -0.336946       -0.294972        0.152223

     C   23        0.292135        0.979539       -0.254906
     C   23        0.979539       -0.020008        0.310906
     C   23       -0.254906        0.310906       -0.272127

     Cl  24        1.952419        1.130856       -1.784083
     Cl  24        1.130856       -1.260480       -0.332366
     Cl  24       -1.784083       -0.332366       -0.691938


     NQR/NMR SPECTROSCOPIC PARAMETERS:
     Cl   1    Vxx=    0.6699    axis=( -0.075981 -0.996984  0.015795)
     Cl   1    Vyy=    2.2824    axis=(  0.996614 -0.076432 -0.030296)
     Cl   1    Vzz=   -2.9523    axis=(  0.031412  0.013440  0.999416)
     Cl   1  Q=        -8.1650 1e-30 m^2  Cq=        56.6381 MHz  eta= 0.54617

     C    2    Vxx=   -0.1291    axis=(  0.678332 -0.592156  0.434991)
     C    2    Vyy=   -0.7769    axis=( -0.104572  0.508190  0.854873)
     C    2    Vzz=    0.9059    axis=( -0.727276 -0.625375  0.282799)
     C    2  Q=         1.0000 1e-30 m^2  Cq=         2.1286 MHz  eta= 0.71504

     C    3    Vxx=    0.0699    axis=(  0.798853  0.482812  0.358785)
     C    3    Vyy=    0.3901    axis=(  0.547432 -0.830736 -0.100976)
     C    3    Vzz=   -0.4600    axis=( -0.249303 -0.277075  0.927943)
     C    3  Q=         1.0000 1e-30 m^2  Cq=        -1.0809 MHz  eta= 0.69604

     H    4    Vxx=   -0.0803    axis=(  0.331148 -0.889442 -0.315014)
     H    4    Vyy=   -0.7408    axis=(  0.443756  0.441427 -0.779887)
     H    4    Vzz=    0.8211    axis=(  0.832720  0.118468  0.540873)
     H    4  Q=         1.0000 1e-30 m^2  Cq=         1.9293 MHz  eta= 0.80434

     C    5    Vxx=    0.1153    axis=( -0.140914  0.886790  0.440166)
     C    5    Vyy=    0.3312    axis=(  0.982841  0.071852  0.169887)
     C    5    Vzz=   -0.4465    axis=( -0.119027 -0.456553  0.881698)
     C    5  Q=         1.0000 1e-30 m^2  Cq=        -1.0490 MHz  eta= 0.48342

     H    6    Vxx=   -0.0718    axis=(  0.861375 -0.255568  0.438996)
     H    6    Vyy=   -0.7756    axis=(  0.506095  0.505943 -0.698491)
     H    6    Vzz=    0.8474    axis=( -0.043595  0.823837  0.565148)
     H    6  Q=         1.0000 1e-30 m^2  Cq=         1.9911 MHz  eta= 0.83044

     H    7    Vxx=    0.0241    axis=(  0.975710 -0.133018 -0.174056)
     H    7    Vyy=    0.6513    axis=(  0.034836  0.878645 -0.476203)
     H    7    Vzz=   -0.6754    axis=(  0.216277  0.458573  0.861937)
     H    7  Q=         1.0000 1e-30 m^2  Cq=        -1.5869 MHz  eta= 0.92868

     C    8    Vxx=    0.0981    axis=(  0.362797 -0.748879  0.554581)
     C    8    Vyy=    0.5028    axis=(  0.222624  0.647548  0.728780)
     C    8    Vzz=   -0.6009    axis=( -0.904885 -0.140936  0.401646)
     C    8  Q=         1.0000 1e-30 m^2  Cq=        -1.4119 MHz  eta= 0.67361

     H    9    Vxx=   -0.0222    axis=( -0.499074 -0.062594  0.864296)
     H    9    Vyy=   -0.6134    axis=(  0.447380  0.835577  0.318846)
     H    9    Vzz=    0.6356    axis=( -0.742143  0.545796 -0.389011)
     H    9  Q=         1.0000 1e-30 m^2  Cq=         1.4934 MHz  eta= 0.93029

     C   10    Vxx=   -0.0294    axis=(  0.589394 -0.248450 -0.768692)
     C   10    Vyy=   -0.8505    axis=( -0.517199  0.614911 -0.595307)
     C   10    Vzz=    0.8800    axis=( -0.620581 -0.748437 -0.233927)
     C   10  Q=         1.0000 1e-30 m^2  Cq=         2.0676 MHz  eta= 0.93307

     C   11    Vxx=    0.0347    axis=(  0.302664  0.130401  0.944135)
     C   11    Vyy=    0.2789    axis=(  0.146760  0.972405 -0.181353)
     C   11    Vzz=   -0.3137    axis=( -0.941730  0.193451  0.275174)
     C   11  Q=         1.0000 1e-30 m^2  Cq=        -0.7370 MHz  eta= 0.77852

     Cl  12    Vxx=   -1.7337    axis=(  0.393814 -0.204765 -0.896093)
     Cl  12    Vyy=   -3.0010    axis=(  0.556016 -0.723227  0.409621)
     Cl  12    Vzz=    4.7347    axis=(  0.731954  0.659556  0.170964)
     Cl  12  Q=        -8.1650 1e-30 m^2  Cq=       -90.8329 MHz  eta= 0.26765

     H   13    Vxx=    0.0040    axis=(  0.956002 -0.016100 -0.292920)
     H   13    Vyy=    0.6285    axis=(  0.172701  0.838021  0.517585)
     H   13    Vzz=   -0.6324    axis=(  0.237140 -0.545400  0.803930)
     H   13  Q=         1.0000 1e-30 m^2  Cq=        -1.4860 MHz  eta= 0.98747

     C   14    Vxx=    0.0455    axis=( -0.133650  0.922016  0.363351)
     C   14    Vyy=    0.2512    axis=(  0.126840 -0.347711  0.928983)
     C   14    Vzz=   -0.2967    axis=(  0.982878  0.170246 -0.070477)
     C   14  Q=         1.0000 1e-30 m^2  Cq=        -0.6971 MHz  eta= 0.69326

     H   15    Vxx=    0.0090    axis=(  0.307779 -0.943610 -0.121951)
     H   15    Vyy=    0.6810    axis=( -0.882600 -0.235277 -0.407016)
     H   15    Vzz=   -0.6900    axis=(  0.355372  0.232905 -0.905244)
     H   15  Q=         1.0000 1e-30 m^2  Cq=        -1.6212 MHz  eta= 0.97388

     C   16    Vxx=    0.1926    axis=(  0.735514  0.569987 -0.366244)
     C   16    Vyy=    0.5827    axis=( -0.496826  0.086231 -0.863555)
     C   16    Vzz=   -0.7753    axis=( -0.460634  0.817116  0.346608)
     C   16  Q=         1.0000 1e-30 m^2  Cq=        -1.8216 MHz  eta= 0.50310

     C   17    Vxx=    0.1756    axis=(  0.601663 -0.779485 -0.174372)
     C   17    Vyy=    0.7331    axis=(  0.670325  0.611461 -0.420452)
     C   17    Vzz=   -0.9088    axis=(  0.434358  0.136085  0.890401)
     C   17  Q=         1.0000 1e-30 m^2  Cq=        -2.1352 MHz  eta= 0.61346

     Cl  18    Vxx=    1.1489    axis=(  0.004657  0.908442  0.417985)
     Cl  18    Vyy=    1.4647    axis=(  0.961802 -0.118476  0.246779)
     Cl  18    Vzz=   -2.6136    axis=( -0.273706 -0.400870  0.874293)
     Cl  18  Q=        -8.1650 1e-30 m^2  Cq=        50.1404 MHz  eta= 0.12085

     H   19    Vxx=   -0.0576    axis=(  0.364353  0.605790  0.707295)
     H   19    Vyy=   -0.4622    axis=(  0.852005  0.089765 -0.515781)
     H   19    Vzz=    0.5198    axis=(  0.375945 -0.790545  0.483430)
     H   19  Q=         1.0000 1e-30 m^2  Cq=         1.2214 MHz  eta= 0.77847

     C   20    Vxx=    0.0128    axis=( -0.179475  0.461537  0.868776)
     C   20    Vyy=    0.8837    axis=( -0.803083 -0.578802  0.141584)
     C   20    Vzz=   -0.8965    axis=(  0.568196 -0.672289  0.474533)
     C   20  Q=         1.0000 1e-30 m^2  Cq=        -2.1065 MHz  eta= 0.97134

     H   21    Vxx=   -0.0854    axis=(  0.013694 -0.975851 -0.218009)
     H   21    Vyy=   -0.3964    axis=( -0.249954 -0.214448  0.944211)
     H   21    Vzz=    0.4818    axis=( -0.968161  0.041563 -0.246855)
     H   21  Q=         1.0000 1e-30 m^2  Cq=         1.1320 MHz  eta= 0.64561

     C   22    Vxx=   -0.0005    axis=(  0.701662 -0.646835  0.298789)
     C   22    Vyy=   -0.4953    axis=(  0.427667  0.717743  0.549496)
     C   22    Vzz=    0.4958    axis=( -0.569886 -0.257778  0.780243)
     C   22  Q=         1.0000 1e-30 m^2  Cq=         1.1649 MHz  eta= 0.99809

     C   23    Vxx=   -0.0673    axis=( -0.299261  0.341647  0.890910)
     C   23    Vyy=   -1.0607    axis=( -0.577052  0.678798 -0.454141)
     C   23    Vzz=    1.1280    axis=( -0.759904 -0.650008 -0.005990)
     C   23  Q=         1.0000 1e-30 m^2  Cq=         2.6504 MHz  eta= 0.88072

     Cl  24    Vxx=   -1.3727    axis=(  0.135339  0.703213  0.697980)
     Cl  24    Vyy=   -1.7832    axis=(  0.476313 -0.663895  0.576515)
     Cl  24    Vzz=    3.1559    axis=(  0.868798  0.254432 -0.424800)
     Cl  24  Q=        -8.1650 1e-30 m^2  Cq=       -60.5448 MHz  eta= 0.13006

     Initialization:
     gipaw_setup  :      8.94s CPU     10.80s WALL (       1 calls)

     Linear response

     Apply operators

     Induced current

     Other routines
     efg          :      9.24s CPU     11.66s WALL (       1 calls)

     General routines
     calbec       :      3.32s CPU      4.44s WALL (      16 calls)
     fft          :      1.61s CPU      2.21s WALL (      15 calls)
     ffts         :      0.04s CPU      0.05s WALL (       2 calls)
     fftw         :      3.17s CPU      3.85s WALL (     672 calls)
     davcio       :      0.05s CPU      0.34s WALL (      32 calls)

     Parallel routines
     fft_scatter  :      2.20s CPU      3.28s WALL (     689 calls)

     Plugins

     GIPAW        :     60.31s CPU     70.16s WALL (       1 calls)
