
     Program QE v.6.0 (svn rev. 13079) starts on 23Dec2016 at  6:34:55 

     This program is part of the open-source Quantum ESPRESSO suite
     for quantum simulation of materials; please cite
         "P. Giannozzi et al., J. Phys.:Condens. Matter 21 395502 (2009);
          URL http://www.quantum-espresso.org", 
     in publications or presentations arising from this work. More details at
     http://www.quantum-espresso.org/quote

     Parallel version (MPI), running on     8 processors
     R & G space division:  proc/nbgrp/npool/nimage =       8

     ***** This is GIPAW svn revision unknown      *****

     Parallelizing q-star over 1 images

     Reading data from directory:
     /users/majewski/paradichlorobenzene/pbe/9_constraint/scratch/pbe.ecut100.np8.dt60.pcl2phi-129368.save
     Message from routine read_xml_file:
     file /users/majewski/paradichlorobenzene/pbe/9_constraint/scratch/pbe.ecut100.np8.dt60.pcl2phi-129368.save not guaranteed to be safe for post-processing

   Info: using nr1, nr2, nr3 values from input

   Info: using nr1, nr2, nr3 values from input

     IMPORTANT: XC functional enforced from input :
     Exchange-correlation      =  SLA  PW   PBX  PBC ( 1  4  3  4 0 0)
     Any further DFT definition will be discarded
     Please, verify this is what you really want

               file C.pbe-n-kjpaw_psl.1.0.0.UPF: wavefunction(s)  2S 2P renormalized
               file Cl.pbe-n-kjpaw_psl.1.0.0.UPF: wavefunction(s)  3S 3P renormalized
               file H.pbe-kjpaw_psl.1.0.0.UPF: wavefunction(s)  1S renormalized

     Parallelization info
     --------------------
     sticks:   dense  smooth     PW     G-vecs:    dense   smooth      PW
     Min        3057    1223    332               144436    36536    5170
     Max        3059    1225    333               144437    36537    5171
     Sum       24467    9791   2657              1155489   292295   41363


     Subspace diagonalization in iterative solution of the eigenvalue problem:
     a serial algorithm will be used

     GIPAW projectors -----------------------------------------------
     atom=  C    l=0  rc=    1.2000  rs=    0.8000
     atom=  C    l=0  rc=    1.2000  rs=    0.8000
     atom=  C    l=1  rc=    1.4000  rs=    0.9333
     atom=  C    l=1  rc=    1.4000  rs=    0.9333
     projs nearly linearly dependent: l=1  n1,n2= 1, 2  s=  0.99951561

     atom=  Cl   l=0  rc=    1.6000  rs=    1.0667
     atom=  Cl   l=0  rc=    1.6000  rs=    1.0667
     atom=  Cl   l=1  rc=    1.6000  rs=    1.0667
     atom=  Cl   l=1  rc=    1.6000  rs=    1.0667
     atom=  Cl   l=2  rc=    1.6000  rs=    1.0667
     atom=  Cl   l=2  rc=    1.6000  rs=    1.0667
     projs nearly linearly dependent: l=2  n1,n2= 1, 2  s=  0.99993509

     atom=  H    l=0  rc=    1.0000  rs=    0.6667
     atom=  H    l=0  rc=    1.0000  rs=    0.6667
     projs nearly linearly dependent: l=0  n1,n2= 1, 2  s=  0.99968852
     -----------------------------------------------------------------

     GIPAW integrals: -------------------------------------------
     Atom  i/j   nmr_para   nmr_dia   epr_rmc  epr_para   epr_dia
       C   1 1   0.83E+03  0.17E-01  0.93E+01  0.24E+08  0.24E+03
       C   2 1   0.86E+03 -0.61E-01  0.94E+01  0.25E+08  0.25E+03
       C   2 2   0.90E+03 -0.15E+00  0.97E+01  0.26E+08  0.26E+03
       C   3 3   0.33E+01  0.34E+00  0.18E+01  0.55E+03  0.21E+02
       C   4 3   0.35E+01  0.37E+00  0.20E+01  0.59E+03  0.22E+02
       C   4 4   0.38E+01  0.39E+00  0.22E+01  0.63E+03  0.24E+02
       Cl  1 1   0.14E+04 -0.47E+00  0.84E+01  0.32E+09  0.42E+03
       Cl  2 1   0.21E+04 -0.37E+00  0.12E+02  0.49E+09  0.65E+03
       Cl  2 2   0.33E+04 -0.16E+00  0.21E+02  0.76E+09  0.10E+04
       Cl  3 3   0.21E+02  0.79E-01  0.89E+01  0.23E+05  0.13E+03
       Cl  4 3   0.24E+02  0.67E-01  0.99E+01  0.27E+05  0.15E+03
       Cl  4 4   0.28E+02  0.44E-01  0.11E+02  0.32E+05  0.18E+03
       Cl  5 5   0.77E+00  0.19E+00  0.18E+01  0.12E+03  0.22E+02
       Cl  6 5   0.80E+00  0.19E+00  0.19E+01  0.12E+03  0.23E+02
       Cl  6 6   0.83E+00  0.20E+00  0.19E+01  0.12E+03  0.23E+02
       H   1 1   0.39E+02  0.19E+00  0.29E+00  0.78E+05  0.13E+02
       H   2 1   0.41E+02  0.21E+00  0.32E+00  0.82E+05  0.14E+02
       H   2 2   0.43E+02  0.22E+00  0.36E+00  0.86E+05  0.15E+02
     ------------------------------------------------------------

     alpha_pv=     34.0670 eV

     Number of occupied bands for each k-point:
     k-point:     1    nbnd_occ=  42
     k-point:     2    nbnd_occ=  42
     k-point:     3    nbnd_occ=  42
     k-point:     4    nbnd_occ=  42
     k-point:     5    nbnd_occ=  42
     k-point:     6    nbnd_occ=  42
     k-point:     7    nbnd_occ=  42
     k-point:     8    nbnd_occ=  42
     k-point:     9    nbnd_occ=  42
     k-point:    10    nbnd_occ=  42
     k-point:    11    nbnd_occ=  42
     k-point:    12    nbnd_occ=  42
     k-point:    13    nbnd_occ=  42
     k-point:    14    nbnd_occ=  42
     k-point:    15    nbnd_occ=  42
     k-point:    16    nbnd_occ=  42


     q-space interpolation up to   110.00 Rydberg

     GIPAW job: efg                                                                             


     ELECTRIC FIELD GRADIENTS TENSORS IN Hartree/bohrradius^2:

     ----- bare term -----
     Cl   1        0.144599       -0.008985        0.205328
     Cl   1       -0.008985        0.060572        0.379465
     Cl   1        0.205328        0.379465       -0.205171

     C    2       -0.274515       -0.110338       -0.281466
     C    2       -0.110338       -0.031730       -0.644480
     C    2       -0.281466       -0.644480        0.306246

     C    3       -0.234223        0.282711        0.022428
     C    3        0.282711       -0.213057       -0.400612
     C    3        0.022428       -0.400612        0.447280

     H    4       -0.309027       -0.460551        0.123745
     H    4       -0.460551        0.102813        0.181357
     H    4        0.123745        0.181357        0.206215

     C    5       -0.532276       -0.022217       -0.295803
     C    5       -0.022217       -0.031594       -0.376662
     C    5       -0.295803       -0.376662        0.563871

     H    6        0.313681        0.205015       -0.258639
     H    6        0.205015       -0.564357       -0.002849
     H    6       -0.258639       -0.002849        0.250676

     H    7        0.361892       -0.007998       -0.068018
     H    7       -0.007998       -0.553850        0.432025
     H    7       -0.068018        0.432025        0.191958

     C    8       -0.559735       -0.149048       -0.367824
     C    8       -0.149048       -0.012379        0.322196
     C    8       -0.367824        0.322196        0.572115

     H    9       -0.401770        0.400812       -0.259235
     H    9        0.400812        0.191533        0.008327
     H    9       -0.259235        0.008327        0.210237

     C   10       -0.114975       -0.388574       -0.071625
     C   10       -0.388574       -0.421823        0.512644
     C   10       -0.071625        0.512644        0.536798

     C   11       -0.374598       -0.103415       -0.379133
     C   11       -0.103415        0.051580        0.332592
     C   11       -0.379133        0.332592        0.323018

     Cl  12       -0.007597       -0.192539       -0.064683
     Cl  12       -0.192539        0.080947        0.056443
     Cl  12       -0.064683        0.056443       -0.073350

     H   13        0.272237        0.134263        0.076180
     H   13        0.134263       -0.410284       -0.522704
     H   13        0.076180       -0.522704        0.138046

     C   14       -0.269378        0.243787       -0.289759
     C   14        0.243787       -0.154876       -0.425749
     C   14       -0.289759       -0.425749        0.424254

     H   15       -0.337144       -0.551004       -0.230676
     H   15       -0.551004       -0.036506       -0.081238
     H   15       -0.230676       -0.081238        0.373650

     C   16       -0.419787        0.388389       -0.349636
     C   16        0.388389        0.146188       -0.333478
     C   16       -0.349636       -0.333478        0.273599

     C   17        0.015144        0.354011       -0.157616
     C   17        0.354011       -0.245543       -0.530788
     C   17       -0.157616       -0.530788        0.230399

     Cl  18       -0.005741        0.180119       -0.077626
     Cl  18        0.180119        0.092372       -0.079580
     Cl  18       -0.077626       -0.079580       -0.086631

     H   19        0.300790       -0.084793        0.289296
     H   19       -0.084793       -0.056505        0.523914
     H   19        0.289296        0.523914       -0.244285

     C   20       -0.244272       -0.223603       -0.232979
     C   20       -0.223603       -0.310561        0.380466
     C   20       -0.232979        0.380466        0.554832

     H   21        0.081601        0.130081       -0.419178
     H   21        0.130081        0.464970        0.257652
     H   21       -0.419178        0.257652       -0.546572

     C   22       -0.447948       -0.184595       -0.259832
     C   22       -0.184595       -0.094092        0.302080
     C   22       -0.259832        0.302080        0.542039

     C   23       -0.049347       -0.195452       -0.119468
     C   23       -0.195452       -0.503082        0.384204
     C   23       -0.119468        0.384204        0.552429

     Cl  24       -0.132587       -0.103463       -0.054343
     Cl  24       -0.103463       -0.076165        0.021153
     Cl  24       -0.054343        0.021153        0.208753

     ----- ionic term -----
     Cl   1        0.186200       -0.162073       -0.031846
     Cl   1       -0.162073       -0.058860        0.027347
     Cl   1       -0.031846        0.027347       -0.127341

     C    2        0.265449       -0.002585        0.124436
     C    2       -0.002585        0.128006        0.445831
     C    2        0.124436        0.445831       -0.393455

     C    3        0.272181       -0.150343        0.062563
     C    3       -0.150343        0.154483        0.389298
     C    3        0.062563        0.389298       -0.426664

     H    4        0.798951        0.462493        0.396031
     H    4        0.462493       -0.336925        0.209771
     H    4        0.396031        0.209771       -0.462026

     C    5        0.403428       -0.138055        0.116155
     C    5       -0.138055        0.064848        0.291201
     C    5        0.116155        0.291201       -0.468276

     H    6       -0.499339       -0.073530       -0.031386
     H    6       -0.073530        0.861291        0.561102
     H    6       -0.031386        0.561102       -0.361952

     H    7       -0.518169       -0.031413        0.015603
     H    7       -0.031413        0.601853       -0.726050
     H    7        0.015603       -0.726050       -0.083684

     C    8        0.235724        0.209273        0.251331
     C    8        0.209273        0.081059       -0.295903
     C    8        0.251331       -0.295903       -0.316783

     H    9        0.680705       -0.468177        0.536319
     H    9       -0.468177       -0.299946       -0.252199
     H    9        0.536319       -0.252199       -0.380760

     C   10        0.165731        0.202999        0.177820
     C   10        0.202999        0.235446       -0.344803
     C   10        0.177820       -0.344803       -0.401177

     C   11        0.124604        0.209792        0.351798
     C   11        0.209792        0.158506       -0.330684
     C   11        0.351798       -0.330684       -0.283111

     Cl  12        0.125510        0.225005        0.043010
     Cl  12        0.225005        0.040197        0.023670
     Cl  12        0.043010        0.023670       -0.165708

     H   13       -0.499577       -0.078103       -0.065294
     H   13       -0.078103        0.670904        0.696731
     H   13       -0.065294        0.696731       -0.171327

     C   14        0.387007       -0.086865        0.114844
     C   14       -0.086865        0.034106        0.331363
     C   14        0.114844        0.331363       -0.421113

     H   15        0.582081        0.404984        0.631697
     H   15        0.404984       -0.381050        0.281144
     H   15        0.631697        0.281144       -0.201031

     C   16        0.255849       -0.155513        0.115638
     C   16       -0.155513        0.118537        0.365287
     C   16        0.115638        0.365287       -0.374386

     C   17        0.314325       -0.099043        0.152819
     C   17       -0.099043        0.117029        0.368942
     C   17        0.152819        0.368942       -0.431355

     Cl  18        0.163876       -0.209951       -0.012406
     Cl  18       -0.209951       -0.018659        0.008184
     Cl  18       -0.012406        0.008184       -0.145217

     H   19       -0.498042        0.132051       -0.051095
     H   19        0.132051        0.556763       -0.726224
     H   19       -0.051095       -0.726224       -0.058721

     C   20        0.224986        0.258570        0.316686
     C   20        0.258570        0.021188       -0.278167
     C   20        0.316686       -0.278167       -0.246174

     H   21        0.385637       -0.348206        0.734349
     H   21       -0.348206       -0.387976       -0.336419
     H   21        0.734349       -0.336419        0.002339

     C   22        0.046671        0.237502        0.221179
     C   22        0.237502        0.185633       -0.432084
     C   22        0.221179       -0.432084       -0.232304

     C   23        0.092126        0.231977        0.271736
     C   23        0.231977        0.176626       -0.412983
     C   23        0.271736       -0.412983       -0.268751

     Cl  24        0.109626        0.242399        0.040791
     Cl  24        0.242399        0.045445        0.022162
     Cl  24        0.040791        0.022162       -0.155071

     ----- GIPAW term -----
     Cl   1        0.043956       -0.219459       -0.596564
     Cl   1       -0.219459       -0.209117       -0.598127
     Cl   1       -0.596564       -0.598127        0.165161

     C    2       -0.102933       -0.096128       -0.048292
     C    2       -0.096128       -0.005678       -0.243552
     C    2       -0.048292       -0.243552        0.108611

     C    3       -0.127800        0.024048        0.009770
     C    3        0.024048       -0.022741       -0.171130
     C    3        0.009770       -0.171130        0.150541

     H    4       -0.000000        0.000000        0.000000
     H    4        0.000000        0.000000        0.000000
     H    4        0.000000        0.000000        0.000000

     C    5       -0.127225       -0.047923        0.078191
     C    5       -0.047923       -0.095288       -0.121082
     C    5        0.078191       -0.121082        0.222513

     H    6       -0.000000        0.000000        0.000000
     H    6        0.000000        0.000000        0.000000
     H    6        0.000000        0.000000        0.000000

     H    7       -0.000000        0.000000        0.000000
     H    7        0.000000        0.000000        0.000000
     H    7        0.000000        0.000000        0.000000

     C    8       -0.135694       -0.013866       -0.014363
     C    8       -0.013866       -0.063720        0.061866
     C    8       -0.014363        0.061866        0.199415

     H    9       -0.000000        0.000000        0.000000
     H    9        0.000000        0.000000        0.000000
     H    9        0.000000        0.000000        0.000000

     C   10       -0.044110       -0.062282        0.043388
     C   10       -0.062282       -0.112590        0.065950
     C   10        0.043388        0.065950        0.156700

     C   11       -0.010707        0.063258       -0.023790
     C   11        0.063258        0.041734       -0.022692
     C   11       -0.023790       -0.022692       -0.031027

     Cl  12        1.264548        0.337500       -0.547369
     Cl  12        0.337500        0.997889        0.585092
     Cl  12       -0.547369        0.585092       -2.262437

     H   13       -0.000000        0.000000        0.000000
     H   13        0.000000        0.000000        0.000000
     H   13        0.000000        0.000000        0.000000

     C   14       -0.029130        0.047171       -0.036077
     C   14        0.047171       -0.046450       -0.076302
     C   14       -0.036077       -0.076302        0.075581

     H   15       -0.000000        0.000000        0.000000
     H   15        0.000000        0.000000        0.000000
     H   15        0.000000        0.000000        0.000000

     C   16       -0.096375        0.197960       -0.116121
     C   16        0.197960        0.167050       -0.088725
     C   16       -0.116121       -0.088725       -0.070675

     C   17        0.153015        0.059801       -0.004479
     C   17        0.059801       -0.029842       -0.064148
     C   17       -0.004479       -0.064148       -0.123173

     Cl  18        1.414308       -0.162939       -0.839679
     Cl  18       -0.162939        0.831533       -0.803420
     Cl  18       -0.839679       -0.803420       -2.245841

     H   19       -0.000000        0.000000        0.000000
     H   19        0.000000        0.000000        0.000000
     H   19        0.000000        0.000000        0.000000

     C   20       -0.097358       -0.027281       -0.046228
     C   20       -0.027281       -0.178851        0.045442
     C   20       -0.046228        0.045442        0.276209

     H   21       -0.000000        0.000000        0.000000
     H   21        0.000000        0.000000        0.000000
     H   21        0.000000        0.000000        0.000000

     C   22       -0.212217       -0.000810       -0.037067
     C   22       -0.000810       -0.104998        0.063988
     C   22       -0.037067        0.063988        0.317215

     C   23       -0.036939        0.048706        0.072459
     C   23        0.048706       -0.171539       -0.043800
     C   23        0.072459       -0.043800        0.208478

     Cl  24       -0.740601        1.208669       -0.824516
     Cl  24        1.208669       -1.442473        0.543055
     Cl  24       -0.824516        0.543055        2.183074

     ----- total EFG -----
     Cl   1        0.374755       -0.390517       -0.423083
     Cl   1       -0.390517       -0.207405       -0.191315
     Cl   1       -0.423083       -0.191315       -0.167350

     C    2       -0.111999       -0.209051       -0.205322
     C    2       -0.209051        0.090598       -0.442200
     C    2       -0.205322       -0.442200        0.021401

     C    3       -0.089843        0.156416        0.094761
     C    3        0.156416       -0.081314       -0.182444
     C    3        0.094761       -0.182444        0.171157

     H    4        0.489924        0.001942        0.519776
     H    4        0.001942       -0.234112        0.391129
     H    4        0.519776        0.391129       -0.255812

     C    5       -0.256074       -0.208195       -0.101457
     C    5       -0.208195       -0.062034       -0.206542
     C    5       -0.101457       -0.206542        0.318108

     H    6       -0.185659        0.131485       -0.290025
     H    6        0.131485        0.296935        0.558253
     H    6       -0.290025        0.558253       -0.111276

     H    7       -0.156277       -0.039411       -0.052415
     H    7       -0.039411        0.048003       -0.294025
     H    7       -0.052415       -0.294025        0.108275

     C    8       -0.459706        0.046359       -0.130856
     C    8        0.046359        0.004959        0.088158
     C    8       -0.130856        0.088158        0.454746

     H    9        0.278935       -0.067365        0.277084
     H    9       -0.067365       -0.108412       -0.243872
     H    9        0.277084       -0.243872       -0.170523

     C   10        0.006647       -0.247857        0.149583
     C   10       -0.247857       -0.298967        0.233791
     C   10        0.149583        0.233791        0.292321

     C   11       -0.260701        0.169635       -0.051125
     C   11        0.169635        0.251820       -0.020784
     C   11       -0.051125       -0.020784        0.008880

     Cl  12        1.382461        0.369966       -0.569042
     Cl  12        0.369966        1.119033        0.665206
     Cl  12       -0.569042        0.665206       -2.501494

     H   13       -0.227339        0.056160        0.010886
     H   13        0.056160        0.260620        0.174028
     H   13        0.010886        0.174028       -0.033281

     C   14        0.088499        0.204093       -0.210992
     C   14        0.204093       -0.167220       -0.170688
     C   14       -0.210992       -0.170688        0.078721

     H   15        0.244937       -0.146020        0.401021
     H   15       -0.146020       -0.417556        0.199906
     H   15        0.401021        0.199906        0.172620

     C   16       -0.260313        0.430836       -0.350118
     C   16        0.430836        0.431776       -0.056916
     C   16       -0.350118       -0.056916       -0.171462

     C   17        0.482484        0.314769       -0.009276
     C   17        0.314769       -0.158356       -0.225994
     C   17       -0.009276       -0.225994       -0.324129

     Cl  18        1.572444       -0.192771       -0.929710
     Cl  18       -0.192771        0.905246       -0.874816
     Cl  18       -0.929710       -0.874816       -2.477689

     H   19       -0.197252        0.047257        0.238202
     H   19        0.047257        0.500258       -0.202310
     H   19        0.238202       -0.202310       -0.303006

     C   20       -0.116644        0.007687        0.037479
     C   20        0.007687       -0.468224        0.147741
     C   20        0.037479        0.147741        0.584867

     H   21        0.467239       -0.218126        0.315171
     H   21       -0.218126        0.076994       -0.078767
     H   21        0.315171       -0.078767       -0.544233

     C   22       -0.613494        0.052096       -0.075720
     C   22        0.052096       -0.013456       -0.066017
     C   22       -0.075720       -0.066017        0.626950

     C   23        0.005840        0.085231        0.224726
     C   23        0.085231       -0.497996       -0.072580
     C   23        0.224726       -0.072580        0.492155

     Cl  24       -0.763562        1.347605       -0.838069
     Cl  24        1.347605       -1.473194        0.586370
     Cl  24       -0.838069        0.586370        2.236756

     ----- total EFG (symmetrized) -----
     Cl   1        0.374755       -0.390517       -0.423083
     Cl   1       -0.390517       -0.207405       -0.191315
     Cl   1       -0.423083       -0.191315       -0.167350

     C    2       -0.111999       -0.209051       -0.205322
     C    2       -0.209051        0.090598       -0.442200
     C    2       -0.205322       -0.442200        0.021401

     C    3       -0.089843        0.156416        0.094761
     C    3        0.156416       -0.081314       -0.182444
     C    3        0.094761       -0.182444        0.171157

     H    4        0.489924        0.001942        0.519776
     H    4        0.001942       -0.234112        0.391129
     H    4        0.519776        0.391129       -0.255812

     C    5       -0.256074       -0.208195       -0.101457
     C    5       -0.208195       -0.062034       -0.206542
     C    5       -0.101457       -0.206542        0.318108

     H    6       -0.185659        0.131485       -0.290025
     H    6        0.131485        0.296935        0.558253
     H    6       -0.290025        0.558253       -0.111276

     H    7       -0.156277       -0.039411       -0.052415
     H    7       -0.039411        0.048003       -0.294025
     H    7       -0.052415       -0.294025        0.108275

     C    8       -0.459706        0.046359       -0.130856
     C    8        0.046359        0.004959        0.088158
     C    8       -0.130856        0.088158        0.454746

     H    9        0.278935       -0.067365        0.277084
     H    9       -0.067365       -0.108412       -0.243872
     H    9        0.277084       -0.243872       -0.170523

     C   10        0.006647       -0.247857        0.149583
     C   10       -0.247857       -0.298967        0.233791
     C   10        0.149583        0.233791        0.292321

     C   11       -0.260701        0.169635       -0.051125
     C   11        0.169635        0.251820       -0.020784
     C   11       -0.051125       -0.020784        0.008880

     Cl  12        1.382461        0.369966       -0.569042
     Cl  12        0.369966        1.119033        0.665206
     Cl  12       -0.569042        0.665206       -2.501494

     H   13       -0.227339        0.056160        0.010886
     H   13        0.056160        0.260620        0.174028
     H   13        0.010886        0.174028       -0.033281

     C   14        0.088499        0.204093       -0.210992
     C   14        0.204093       -0.167220       -0.170688
     C   14       -0.210992       -0.170688        0.078721

     H   15        0.244937       -0.146020        0.401021
     H   15       -0.146020       -0.417556        0.199906
     H   15        0.401021        0.199906        0.172620

     C   16       -0.260313        0.430836       -0.350118
     C   16        0.430836        0.431776       -0.056916
     C   16       -0.350118       -0.056916       -0.171462

     C   17        0.482484        0.314769       -0.009276
     C   17        0.314769       -0.158356       -0.225994
     C   17       -0.009276       -0.225994       -0.324129

     Cl  18        1.572444       -0.192771       -0.929710
     Cl  18       -0.192771        0.905246       -0.874816
     Cl  18       -0.929710       -0.874816       -2.477689

     H   19       -0.197252        0.047257        0.238202
     H   19        0.047257        0.500258       -0.202310
     H   19        0.238202       -0.202310       -0.303006

     C   20       -0.116644        0.007687        0.037479
     C   20        0.007687       -0.468224        0.147741
     C   20        0.037479        0.147741        0.584867

     H   21        0.467239       -0.218126        0.315171
     H   21       -0.218126        0.076994       -0.078767
     H   21        0.315171       -0.078767       -0.544233

     C   22       -0.613494        0.052096       -0.075720
     C   22        0.052096       -0.013456       -0.066017
     C   22       -0.075720       -0.066017        0.626950

     C   23        0.005840        0.085231        0.224726
     C   23        0.085231       -0.497996       -0.072580
     C   23        0.224726       -0.072580        0.492155

     Cl  24       -0.763562        1.347605       -0.838069
     Cl  24        1.347605       -1.473194        0.586370
     Cl  24       -0.838069        0.586370        2.236756


     NQR/NMR SPECTROSCOPIC PARAMETERS:
     Cl   1    Vxx=    0.0027    axis=(  0.042896 -0.715062  0.697743)
     Cl   1    Vyy=    0.6870    axis=( -0.878788  0.305231  0.366833)
     Cl   1    Vzz=   -0.6897    axis=( -0.475281 -0.628904 -0.615295)
     Cl   1  Q=        -8.1650 1e-30 m^2  Cq=        13.2316 MHz  eta= 0.99216

     C    2    Vxx=    0.0734    axis=( -0.843865  0.343357  0.412309)
     C    2    Vyy=    0.4999    axis=(  0.027290 -0.739975  0.672081)
     C    2    Vzz=   -0.5733    axis=( -0.535862 -0.578397 -0.615068)
     C    2  Q=         1.0000 1e-30 m^2  Cq=        -1.3471 MHz  eta= 0.74401

     C    3    Vxx=    0.0539    axis=(  0.783711  0.568247  0.250783)
     C    3    Vyy=    0.2672    axis=(  0.040093 -0.449195  0.892534)
     C    3    Vzz=   -0.3211    axis=(  0.619830 -0.689434 -0.374822)
     C    3  Q=         1.0000 1e-30 m^2  Cq=        -0.7545 MHz  eta= 0.66435

     H    4    Vxx=   -0.0306    axis=(  0.422418 -0.803208 -0.420024)
     H    4    Vyy=   -0.7610    axis=(  0.315905  0.564805 -0.762365)
     H    4    Vzz=    0.7916    axis=(  0.849569  0.189349  0.492321)
     H    4  Q=         1.0000 1e-30 m^2  Cq=         1.8599 MHz  eta= 0.92269

     C    5    Vxx=    0.0327    axis=(  0.625012 -0.720885 -0.299474)
     C    5    Vyy=    0.4089    axis=(  0.016257  0.395576 -0.918289)
     C    5    Vzz=   -0.4415    axis=(  0.780445  0.569074  0.258959)
     C    5  Q=         1.0000 1e-30 m^2  Cq=        -1.0375 MHz  eta= 0.85202

     H    6    Vxx=    0.0034    axis=(  0.847706  0.360454 -0.389188)
     H    6    Vyy=    0.6915    axis=(  0.073267 -0.806199 -0.587091)
     H    6    Vzz=   -0.6949    axis=( -0.525382  0.469166 -0.709829)
     H    6  Q=         1.0000 1e-30 m^2  Cq=        -1.6328 MHz  eta= 0.99021

     H    7    Vxx=   -0.1158    axis=( -0.844547  0.411603  0.342525)
     H    7    Vyy=   -0.2582    axis=( -0.534949 -0.620002 -0.573957)
     H    7    Vzz=    0.3740    axis=( -0.023876 -0.667967  0.743808)
     H    7  Q=         1.0000 1e-30 m^2  Cq=         0.8788 MHz  eta= 0.38069

     C    8    Vxx=   -0.0017    axis=(  0.141490  0.978743 -0.148467)
     C    8    Vyy=   -0.4851    axis=( -0.981757  0.119490 -0.147906)
     C    8    Vzz=    0.4868    axis=( -0.127021  0.166686  0.977794)
     C    8  Q=         1.0000 1e-30 m^2  Cq=         1.1437 MHz  eta= 0.99297

     H    9    Vxx=   -0.0340    axis=(  0.500819  0.779553 -0.376134)
     H    9    Vyy=   -0.4293    axis=( -0.258557  0.549458  0.794509)
     H    9    Vzz=    0.4634    axis=(  0.826032 -0.300653  0.476738)
     H    9  Q=         1.0000 1e-30 m^2  Cq=         1.0887 MHz  eta= 0.85315

     C   10    Vxx=    0.1440    axis=(  0.857504 -0.511053 -0.059261)
     C   10    Vyy=    0.3866    axis=(  0.211928  0.245921  0.945838)
     C   10    Vzz=   -0.5306    axis=( -0.468800 -0.823619  0.319184)
     C   10  Q=         1.0000 1e-30 m^2  Cq=        -1.2468 MHz  eta= 0.45717

     C   11    Vxx=    0.0105    axis=( -0.092066  0.149508  0.984465)
     C   11    Vyy=    0.3069    axis=(  0.293999  0.948670 -0.116578)
     C   11    Vzz=   -0.3175    axis=( -0.951361  0.278699 -0.131296)
     C   11  Q=         1.0000 1e-30 m^2  Cq=        -0.7459 MHz  eta= 0.93382

     Cl  12    Vxx=    1.0700    axis=( -0.532368  0.812886  0.236222)
     Cl  12    Vyy=    1.6455    axis=(  0.832862  0.552889 -0.025596)
     Cl  12    Vzz=   -2.7156    axis=(  0.151411 -0.183114  0.971362)
     Cl  12  Q=        -8.1650 1e-30 m^2  Cq=        52.0973 MHz  eta= 0.21193

     H   13    Vxx=   -0.1125    axis=( -0.112615 -0.405999  0.906908)
     H   13    Vyy=   -0.2343    axis=( -0.988959  0.134272 -0.062694)
     H   13    Vzz=    0.3468    axis=( -0.096318 -0.903956 -0.416637)
     H   13  Q=         1.0000 1e-30 m^2  Cq=         0.8149 MHz  eta= 0.35101

     C   14    Vxx=   -0.1254    axis=(  0.650156  0.097527  0.753516)
     C   14    Vyy=   -0.2901    axis=(  0.373388 -0.904725 -0.205073)
     C   14    Vzz=    0.4156    axis=(  0.661724  0.414683 -0.624627)
     C   14  Q=         1.0000 1e-30 m^2  Cq=         0.9764 MHz  eta= 0.39638

     H   15    Vxx=   -0.0357    axis=( -0.584081  0.540457  0.605603)
     H   15    Vyy=   -0.5764    axis=(  0.350724  0.840894 -0.412177)
     H   15    Vzz=    0.6122    axis=(  0.732012  0.028345  0.680701)
     H   15  Q=         1.0000 1e-30 m^2  Cq=         1.4384 MHz  eta= 0.88321

     C   16    Vxx=   -0.0358    axis=(  0.385167 -0.452777 -0.804139)
     C   16    Vyy=   -0.6546    axis=(  0.791674 -0.285667  0.540043)
     C   16    Vzz=    0.6904    axis=(  0.474235  0.844623 -0.248422)
     C   16  Q=         1.0000 1e-30 m^2  Cq=         1.6222 MHz  eta= 0.89627

     C   17    Vxx=   -0.1047    axis=(  0.362594 -0.656875  0.661090)
     C   17    Vyy=   -0.5164    axis=(  0.194851 -0.640252 -0.743041)
     C   17    Vzz=    0.6211    axis=( -0.911350 -0.398236  0.104159)
     C   17  Q=         1.0000 1e-30 m^2  Cq=         1.4593 MHz  eta= 0.66297

     Cl  18    Vxx=    1.1166    axis=( -0.046842  0.973284 -0.224775)
     Cl  18    Vyy=    1.7757    axis=(  0.977026 -0.002195 -0.213110)
     Cl  18    Vzz=   -2.8922    axis=(  0.207910  0.229593  0.950821)
     Cl  18  Q=        -8.1650 1e-30 m^2  Cq=        55.4858 MHz  eta= 0.22789

     H   19    Vxx=   -0.0197    axis=( -0.806740 -0.149151 -0.571773)
     H   19    Vyy=   -0.5288    axis=( -0.590755  0.181686  0.786129)
     H   19    Vzz=    0.5485    axis=( -0.013369  0.971979 -0.234685)
     H   19  Q=         1.0000 1e-30 m^2  Cq=         1.2887 MHz  eta= 0.92820

     C   20    Vxx=   -0.1186    axis=(  0.998589 -0.000483 -0.053097)
     C   20    Vyy=   -0.4886    axis=( -0.006759  0.990670 -0.136113)
     C   20    Vzz=    0.6072    axis=(  0.052668  0.136280  0.989269)
     C   20  Q=         1.0000 1e-30 m^2  Cq=         1.4267 MHz  eta= 0.60923

     H   21    Vxx=   -0.0160    axis=(  0.366165  0.927085  0.080228)
     H   21    Vyy=   -0.6348    axis=(  0.270578 -0.023584 -0.962409)
     H   21    Vzz=    0.6507    axis=( -0.890343  0.374109 -0.259484)
     H   21  Q=         1.0000 1e-30 m^2  Cq=         1.5290 MHz  eta= 0.95091

     C   22    Vxx=   -0.0170    axis=(  0.072587  0.991260  0.110161)
     C   22    Vyy=   -0.6219    axis=(  0.995282 -0.079123  0.056163)
     C   22    Vzz=    0.6389    axis=( -0.064388 -0.105565  0.992326)
     C   22  Q=         1.0000 1e-30 m^2  Cq=         1.5011 MHz  eta= 0.94685

     C   23    Vxx=   -0.0568    axis=( -0.910551 -0.232189  0.342030)
     C   23    Vyy=   -0.5245    axis=( -0.204803  0.972063  0.114665)
     C   23    Vzz=    0.5814    axis=(  0.359099 -0.034360  0.932667)
     C   23  Q=         1.0000 1e-30 m^2  Cq=         1.3660 MHz  eta= 0.80446

     Cl  24    Vxx=    0.2353    axis=(  0.756590  0.641038  0.129003)
     Cl  24    Vyy=    2.4706    axis=(  0.223548 -0.068178 -0.972305)
     Cl  24    Vzz=   -2.7059    axis=( -0.614489  0.764475 -0.194885)
     Cl  24  Q=        -8.1650 1e-30 m^2  Cq=        51.9111 MHz  eta= 0.82606

     Initialization:
     gipaw_setup  :      9.64s CPU     11.45s WALL (       1 calls)

     Linear response

     Apply operators

     Induced current

     Other routines
     efg          :      9.52s CPU     12.25s WALL (       1 calls)

     General routines
     calbec       :      3.27s CPU      4.08s WALL (      16 calls)
     fft          :      1.36s CPU      1.64s WALL (      15 calls)
     ffts         :      0.05s CPU      0.07s WALL (       2 calls)
     fftw         :      3.44s CPU      4.45s WALL (     672 calls)
     davcio       :      0.02s CPU      0.33s WALL (      32 calls)

     Parallel routines
     fft_scatter  :      2.09s CPU      3.35s WALL (     689 calls)

     Plugins

     GIPAW        :     62.62s CPU     77.54s WALL (       1 calls)
