
     Program QE v.6.0 (svn rev. 13079) starts on  1Jan2017 at 19: 5:24 

     This program is part of the open-source Quantum ESPRESSO suite
     for quantum simulation of materials; please cite
         "P. Giannozzi et al., J. Phys.:Condens. Matter 21 395502 (2009);
          URL http://www.quantum-espresso.org", 
     in publications or presentations arising from this work. More details at
     http://www.quantum-espresso.org/quote

     Parallel version (MPI), running on     8 processors
     R & G space division:  proc/nbgrp/npool/nimage =       8

     ***** This is GIPAW svn revision unknown      *****

     Parallelizing q-star over 1 images

     Reading data from directory:
     /users/majewski/paradichlorobenzene/pbe/9_constraint/scratch/pbe.ecut100.np8.dt60.pcl2phi-129368.save
     Message from routine read_xml_file:
     file /users/majewski/paradichlorobenzene/pbe/9_constraint/scratch/pbe.ecut100.np8.dt60.pcl2phi-129368.save not guaranteed to be safe for post-processing

   Info: using nr1, nr2, nr3 values from input

   Info: using nr1, nr2, nr3 values from input

     IMPORTANT: XC functional enforced from input :
     Exchange-correlation      =  SLA  PW   PBX  PBC ( 1  4  3  4 0 0)
     Any further DFT definition will be discarded
     Please, verify this is what you really want

               file C.pbe-n-kjpaw_psl.1.0.0.UPF: wavefunction(s)  2S 2P renormalized
               file Cl.pbe-n-kjpaw_psl.1.0.0.UPF: wavefunction(s)  3S 3P renormalized
               file H.pbe-kjpaw_psl.1.0.0.UPF: wavefunction(s)  1S renormalized

     Parallelization info
     --------------------
     sticks:   dense  smooth     PW     G-vecs:    dense   smooth      PW
     Min        3057    1223    332               144436    36536    5170
     Max        3059    1225    333               144437    36537    5171
     Sum       24467    9791   2657              1155489   292295   41363


     Subspace diagonalization in iterative solution of the eigenvalue problem:
     a serial algorithm will be used

     GIPAW projectors -----------------------------------------------
     atom=  C    l=0  rc=    1.2000  rs=    0.8000
     atom=  C    l=0  rc=    1.2000  rs=    0.8000
     atom=  C    l=1  rc=    1.4000  rs=    0.9333
     atom=  C    l=1  rc=    1.4000  rs=    0.9333
     projs nearly linearly dependent: l=1  n1,n2= 1, 2  s=  0.99951561

     atom=  Cl   l=0  rc=    1.6000  rs=    1.0667
     atom=  Cl   l=0  rc=    1.6000  rs=    1.0667
     atom=  Cl   l=1  rc=    1.6000  rs=    1.0667
     atom=  Cl   l=1  rc=    1.6000  rs=    1.0667
     atom=  Cl   l=2  rc=    1.6000  rs=    1.0667
     atom=  Cl   l=2  rc=    1.6000  rs=    1.0667
     projs nearly linearly dependent: l=2  n1,n2= 1, 2  s=  0.99993509

     atom=  H    l=0  rc=    1.0000  rs=    0.6667
     atom=  H    l=0  rc=    1.0000  rs=    0.6667
     projs nearly linearly dependent: l=0  n1,n2= 1, 2  s=  0.99968852
     -----------------------------------------------------------------

     GIPAW integrals: -------------------------------------------
     Atom  i/j   nmr_para   nmr_dia   epr_rmc  epr_para   epr_dia
       C   1 1   0.83E+03  0.17E-01  0.93E+01  0.24E+08  0.24E+03
       C   2 1   0.86E+03 -0.61E-01  0.94E+01  0.25E+08  0.25E+03
       C   2 2   0.90E+03 -0.15E+00  0.97E+01  0.26E+08  0.26E+03
       C   3 3   0.33E+01  0.34E+00  0.18E+01  0.55E+03  0.21E+02
       C   4 3   0.35E+01  0.37E+00  0.20E+01  0.59E+03  0.22E+02
       C   4 4   0.38E+01  0.39E+00  0.22E+01  0.63E+03  0.24E+02
       Cl  1 1   0.14E+04 -0.47E+00  0.84E+01  0.32E+09  0.42E+03
       Cl  2 1   0.21E+04 -0.37E+00  0.12E+02  0.49E+09  0.65E+03
       Cl  2 2   0.33E+04 -0.16E+00  0.21E+02  0.76E+09  0.10E+04
       Cl  3 3   0.21E+02  0.79E-01  0.89E+01  0.23E+05  0.13E+03
       Cl  4 3   0.24E+02  0.67E-01  0.99E+01  0.27E+05  0.15E+03
       Cl  4 4   0.28E+02  0.44E-01  0.11E+02  0.32E+05  0.18E+03
       Cl  5 5   0.77E+00  0.19E+00  0.18E+01  0.12E+03  0.22E+02
       Cl  6 5   0.80E+00  0.19E+00  0.19E+01  0.12E+03  0.23E+02
       Cl  6 6   0.83E+00  0.20E+00  0.19E+01  0.12E+03  0.23E+02
       H   1 1   0.39E+02  0.19E+00  0.29E+00  0.78E+05  0.13E+02
       H   2 1   0.41E+02  0.21E+00  0.32E+00  0.82E+05  0.14E+02
       H   2 2   0.43E+02  0.22E+00  0.36E+00  0.86E+05  0.15E+02
     ------------------------------------------------------------

     alpha_pv=     33.8171 eV

     Number of occupied bands for each k-point:
     k-point:     1    nbnd_occ=  42
     k-point:     2    nbnd_occ=  42
     k-point:     3    nbnd_occ=  42
     k-point:     4    nbnd_occ=  42
     k-point:     5    nbnd_occ=  42
     k-point:     6    nbnd_occ=  42
     k-point:     7    nbnd_occ=  42
     k-point:     8    nbnd_occ=  42
     k-point:     9    nbnd_occ=  42
     k-point:    10    nbnd_occ=  42
     k-point:    11    nbnd_occ=  42
     k-point:    12    nbnd_occ=  42
     k-point:    13    nbnd_occ=  42
     k-point:    14    nbnd_occ=  42
     k-point:    15    nbnd_occ=  42
     k-point:    16    nbnd_occ=  42


     q-space interpolation up to   110.00 Rydberg

     GIPAW job: efg                                                                             


     ELECTRIC FIELD GRADIENTS TENSORS IN Hartree/bohrradius^2:

     ----- bare term -----
     Cl   1       -0.030488        0.060185        0.037027
     Cl   1        0.060185        0.011080        0.068764
     Cl   1        0.037027        0.068764        0.019408

     C    2        0.032618        0.343460       -0.103827
     C    2        0.343460       -0.218247       -0.507617
     C    2       -0.103827       -0.507617        0.185630

     C    3       -0.457162        0.182243       -0.209231
     C    3        0.182243       -0.024334       -0.247281
     C    3       -0.209231       -0.247281        0.481497

     H    4       -0.241516       -0.038520       -0.658504
     H    4       -0.038520        0.422754       -0.023729
     H    4       -0.658504       -0.023729       -0.181238

     C    5       -0.173211        0.275348       -0.055650
     C    5        0.275348       -0.343921       -0.342999
     C    5       -0.055650       -0.342999        0.517132

     H    6        0.488278       -0.020804        0.064360
     H    6       -0.020804        0.109006       -0.336165
     H    6        0.064360       -0.336165       -0.597284

     H    7        0.313897        0.281987       -0.181006
     H    7        0.281987       -0.427173        0.546006
     H    7       -0.181006        0.546006        0.113276

     C    8        0.009549       -0.522820        0.142167
     C    8       -0.522820       -0.509737        0.367941
     C    8        0.142167        0.367941        0.500187

     H    9       -0.205494        0.298168       -0.607203
     H    9        0.298168        0.338237        0.325189
     H    9       -0.607203        0.325189       -0.132743

     C   10       -0.456490       -0.128131       -0.173714
     C   10       -0.128131       -0.011577        0.227526
     C   10       -0.173714        0.227526        0.468067

     C   11       -0.062086       -0.156749       -0.176189
     C   11       -0.156749       -0.532720        0.373488
     C   11       -0.176189        0.373488        0.594806

     Cl  12       -0.120414       -0.050315       -0.104557
     Cl  12       -0.050315       -0.072379        0.124676
     Cl  12       -0.104557        0.124676        0.192793

     H   13        0.037394        0.135165        0.112868
     H   13        0.135165       -0.241695       -0.508623
     H   13        0.112868       -0.508623        0.204301

     C   14       -0.319227        0.165093       -0.467945
     C   14        0.165093        0.056533       -0.354520
     C   14       -0.467945       -0.354520        0.262695

     H   15       -0.509549       -0.244027       -0.429187
     H   15       -0.244027        0.347244       -0.228778
     H   15       -0.429187       -0.228778        0.162305

     C   16       -0.023957        0.438466        0.057532
     C   16        0.438466       -0.582250       -0.465844
     C   16        0.057532       -0.465844        0.606207

     C   17       -0.544267       -0.053787       -0.229687
     C   17       -0.053787       -0.022201       -0.332826
     C   17       -0.229687       -0.332826        0.566467

     Cl  18        0.144464        0.096087        0.060268
     Cl  18        0.096087        0.193170        0.159463
     Cl  18        0.060268        0.159463       -0.337634

     H   19        0.501841        0.168539        0.021371
     H   19        0.168539       -0.613391        0.005388
     H   19        0.021371        0.005388        0.111550

     C   20       -0.703395       -0.116270       -0.333541
     C   20       -0.116270        0.021268        0.168607
     C   20       -0.333541        0.168607        0.682126

     H   21       -0.516161        0.216734       -0.271023
     H   21        0.216734        0.402014        0.264547
     H   21       -0.271023        0.264547        0.114148

     C   22       -0.006298       -0.395302        0.099219
     C   22       -0.395302       -0.611172        0.431989
     C   22        0.099219        0.431989        0.617470

     C   23       -0.514929        0.093393       -0.202071
     C   23        0.093393        0.033861        0.260277
     C   23       -0.202071        0.260277        0.481068

     Cl  24       -0.108515       -0.080211        0.090090
     Cl  24       -0.080211       -0.097014       -0.037183
     Cl  24        0.090090       -0.037183        0.205529

     ----- ionic term -----
     Cl   1        0.110289       -0.219038        0.016431
     Cl   1       -0.219038        0.021799       -0.002603
     Cl   1        0.016431       -0.002603       -0.132088

     C    2        0.148002       -0.164225        0.255250
     C    2       -0.164225        0.056814        0.442843
     C    2        0.255250        0.442843       -0.204815

     C    3        0.187692       -0.237206        0.148323
     C    3       -0.237206        0.010793        0.421248
     C    3        0.148323        0.421248       -0.198485

     H    4        0.573452        0.159206        0.747510
     H    4        0.159206       -0.527214        0.192458
     H    4        0.747510        0.192458       -0.046237

     C    5        0.329007       -0.167204        0.206673
     C    5       -0.167204       -0.106100        0.354894
     C    5        0.206673        0.354894       -0.222906

     H    6       -0.510154       -0.014992       -0.007787
     H    6       -0.014992        0.412063        0.802983
     H    6       -0.007787        0.802983        0.098091

     H    7       -0.516937       -0.043848        0.020106
     H    7       -0.043848        0.821059       -0.584686
     H    7        0.020106       -0.584686       -0.304122

     C    8        0.303744        0.193631        0.248856
     C    8        0.193631        0.134821       -0.268146
     C    8        0.248856       -0.268146       -0.438565

     H    9        0.551554       -0.388563        0.669188
     H    9       -0.388563       -0.386750       -0.280953
     H    9        0.669188       -0.280953       -0.164804

     C   10        0.160999        0.182978        0.218845
     C   10        0.182978        0.225887       -0.353609
     C   10        0.218845       -0.353609       -0.386886

     C   11        0.181986        0.129287        0.290163
     C   11        0.129287        0.178406       -0.371202
     C   11        0.290163       -0.371202       -0.360392

     Cl  12        0.096377        0.215960        0.001970
     Cl  12        0.215960        0.044293        0.000031
     Cl  12        0.001970        0.000031       -0.140670

     H   13       -0.525186       -0.033391       -0.002843
     H   13       -0.033391        0.655057        0.731579
     H   13       -0.002843        0.731579       -0.129871

     C   14        0.235007       -0.154094        0.177556
     C   14       -0.154094        0.016599        0.351450
     C   14        0.177556        0.351450       -0.251606

     H   15        0.608948        0.313711        0.651966
     H   15        0.313711       -0.450721        0.254970
     H   15        0.651966        0.254970       -0.158227

     C   16        0.140175       -0.196350        0.110379
     C   16       -0.196350        0.065029        0.454062
     C   16        0.110379        0.454062       -0.205204

     C   17        0.232899       -0.152874        0.194737
     C   17       -0.152874       -0.032912        0.473498
     C   17        0.194737        0.473498       -0.199988

     Cl  18        0.169978       -0.195312       -0.031351
     Cl  18       -0.195312       -0.044376        0.028223
     Cl  18       -0.031351        0.028223       -0.125602

     H   19       -0.498743       -0.144711        0.081739
     H   19       -0.144711        0.776569       -0.611676
     H   19        0.081739       -0.611676       -0.277826

     C   20        0.300015        0.216330        0.266565
     C   20        0.216330        0.109531       -0.291744
     C   20        0.266565       -0.291744       -0.409546

     H   21        0.656204       -0.217618        0.698103
     H   21       -0.217618       -0.450248       -0.199545
     H   21        0.698103       -0.199545       -0.205956

     C   22        0.182971        0.278370        0.199457
     C   22        0.278370        0.213233       -0.368233
     C   22        0.199457       -0.368233       -0.396204

     C   23        0.231728        0.103443        0.286574
     C   23        0.103443        0.137643       -0.370497
     C   23        0.286574       -0.370497       -0.369371

     Cl  24        0.151685        0.198495        0.031889
     Cl  24        0.198495        0.000474        0.007937
     Cl  24        0.031889        0.007937       -0.152158

     ----- GIPAW term -----
     Cl   1        1.203354       -1.776035        0.332091
     Cl   1       -1.776035        0.168897        0.546364
     Cl   1        0.332091        0.546364       -1.372251

     C    2        0.095018        0.088917        0.043047
     C    2        0.088917        0.040530       -0.004258
     C    2        0.043047       -0.004258       -0.135548

     C    3       -0.120434        0.053334        0.101359
     C    3        0.053334       -0.064289        0.047952
     C    3        0.101359        0.047952        0.184724

     H    4       -0.000000        0.000000        0.000000
     H    4        0.000000        0.000000        0.000000
     H    4        0.000000        0.000000        0.000000

     C    5       -0.108272        0.030087        0.036891
     C    5        0.030087       -0.196648       -0.067547
     C    5        0.036891       -0.067547        0.304920

     H    6       -0.000000        0.000000        0.000000
     H    6        0.000000        0.000000        0.000000
     H    6        0.000000        0.000000        0.000000

     H    7       -0.000000        0.000000        0.000000
     H    7        0.000000        0.000000        0.000000
     H    7        0.000000        0.000000        0.000000

     C    8        0.060046       -0.134800        0.211325
     C    8       -0.134800       -0.206431       -0.006100
     C    8        0.211325       -0.006100        0.146385

     H    9       -0.000000        0.000000        0.000000
     H    9        0.000000        0.000000        0.000000
     H    9        0.000000        0.000000        0.000000

     C   10       -0.107355       -0.034595        0.146874
     C   10       -0.034595       -0.092429       -0.044028
     C   10        0.146874       -0.044028        0.199785

     C   11       -0.081793        0.059866        0.011979
     C   11        0.059866       -0.200084        0.018481
     C   11        0.011979        0.018481        0.281876

     Cl  12       -0.013937        1.550617       -0.885654
     Cl  12        1.550617       -0.574359        1.430002
     Cl  12       -0.885654        1.430002        0.588295

     H   13       -0.000000        0.000000        0.000000
     H   13        0.000000        0.000000        0.000000
     H   13        0.000000        0.000000        0.000000

     C   14        0.087569        0.081732       -0.064320
     C   14        0.081732       -0.043592       -0.053493
     C   14       -0.064320       -0.053493       -0.043977

     H   15       -0.000000        0.000000        0.000000
     H   15        0.000000        0.000000        0.000000
     H   15        0.000000        0.000000        0.000000

     C   16       -0.053606        0.092018        0.123419
     C   16        0.092018       -0.172969        0.022948
     C   16        0.123419        0.022948        0.226575

     C   17       -0.147038       -0.094082        0.036261
     C   17       -0.094082       -0.125658       -0.025750
     C   17        0.036261       -0.025750        0.272697

     Cl  18       -0.387080       -0.627612       -0.422712
     Cl  18       -0.627612       -0.776466       -0.466819
     Cl  18       -0.422712       -0.466819        1.163545

     H   19       -0.000000        0.000000        0.000000
     H   19        0.000000        0.000000        0.000000
     H   19        0.000000        0.000000        0.000000

     C   20       -0.209300       -0.006489        0.002627
     C   20       -0.006489       -0.109372        0.004301
     C   20        0.002627        0.004301        0.318672

     H   21       -0.000000        0.000000        0.000000
     H   21        0.000000        0.000000        0.000000
     H   21        0.000000        0.000000        0.000000

     C   22       -0.082278       -0.048674        0.108377
     C   22       -0.048674       -0.192402        0.013197
     C   22        0.108377        0.013197        0.274680

     C   23       -0.067994        0.067089        0.152084
     C   23        0.067089       -0.115525       -0.044824
     C   23        0.152084       -0.044824        0.183519

     Cl  24        0.569978        1.714766        0.767003
     Cl  24        1.714766       -0.767173       -0.334271
     Cl  24        0.767003       -0.334271        0.197196

     ----- total EFG -----
     Cl   1        1.283155       -1.934887        0.385549
     Cl   1       -1.934887        0.201776        0.612525
     Cl   1        0.385549        0.612525       -1.484931

     C    2        0.275638        0.268152        0.194470
     C    2        0.268152       -0.120904       -0.069032
     C    2        0.194470       -0.069032       -0.154734

     C    3       -0.389905       -0.001629        0.040451
     C    3       -0.001629       -0.077830        0.221919
     C    3        0.040451        0.221919        0.467735

     H    4        0.331935        0.120686        0.089006
     H    4        0.120686       -0.104460        0.168730
     H    4        0.089006        0.168730       -0.227475

     C    5        0.047524        0.138232        0.187914
     C    5        0.138232       -0.646669       -0.055652
     C    5        0.187914       -0.055652        0.599146

     H    6       -0.021876       -0.035796        0.056573
     H    6       -0.035796        0.521069        0.466818
     H    6        0.056573        0.466818       -0.499193

     H    7       -0.203040        0.238139       -0.160900
     H    7        0.238139        0.393886       -0.038680
     H    7       -0.160900       -0.038680       -0.190846

     C    8        0.373339       -0.463990        0.602349
     C    8       -0.463990       -0.581346        0.093695
     C    8        0.602349        0.093695        0.208007

     H    9        0.346060       -0.090395        0.061984
     H    9       -0.090395       -0.048513        0.044236
     H    9        0.061984        0.044236       -0.297547

     C   10       -0.402846        0.020251        0.192006
     C   10        0.020251        0.121880       -0.170111
     C   10        0.192006       -0.170111        0.280966

     C   11        0.038107        0.032404        0.125953
     C   11        0.032404       -0.554398        0.020766
     C   11        0.125953        0.020766        0.516290

     Cl  12       -0.037974        1.716262       -0.988242
     Cl  12        1.716262       -0.602444        1.554709
     Cl  12       -0.988242        1.554709        0.640419

     H   13       -0.487792        0.101775        0.110024
     H   13        0.101775        0.413362        0.222956
     H   13        0.110024        0.222956        0.074430

     C   14        0.003349        0.092730       -0.354708
     C   14        0.092730        0.029540       -0.056563
     C   14       -0.354708       -0.056563       -0.032889

     H   15        0.099399        0.069684        0.222779
     H   15        0.069684       -0.103477        0.026192
     H   15        0.222779        0.026192        0.004078

     C   16        0.062612        0.334134        0.291331
     C   16        0.334134       -0.690190        0.011167
     C   16        0.291331        0.011167        0.627578

     C   17       -0.458406       -0.300743        0.001312
     C   17       -0.300743       -0.180771        0.114922
     C   17        0.001312        0.114922        0.639177

     Cl  18       -0.072638       -0.726837       -0.393795
     Cl  18       -0.726837       -0.627672       -0.279133
     Cl  18       -0.393795       -0.279133        0.700310

     H   19        0.003098        0.023828        0.103110
     H   19        0.023828        0.163178       -0.606288
     H   19        0.103110       -0.606288       -0.166276

     C   20       -0.612680        0.093572       -0.064349
     C   20        0.093572        0.021428       -0.118836
     C   20       -0.064349       -0.118836        0.591252

     H   21        0.140043       -0.000885        0.427080
     H   21       -0.000885       -0.048235        0.065003
     H   21        0.427080        0.065003       -0.091808

     C   22        0.094395       -0.165606        0.407053
     C   22       -0.165606       -0.590341        0.076953
     C   22        0.407053        0.076953        0.495946

     C   23       -0.351195        0.263925        0.236587
     C   23        0.263925        0.055980       -0.155043
     C   23        0.236587       -0.155043        0.295215

     Cl  24        0.613147        1.833051        0.888983
     Cl  24        1.833051       -0.863714       -0.363518
     Cl  24        0.888983       -0.363518        0.250566

     ----- total EFG (symmetrized) -----
     Cl   1        1.283155       -1.934887        0.385549
     Cl   1       -1.934887        0.201776        0.612525
     Cl   1        0.385549        0.612525       -1.484931

     C    2        0.275638        0.268152        0.194470
     C    2        0.268152       -0.120904       -0.069032
     C    2        0.194470       -0.069032       -0.154734

     C    3       -0.389905       -0.001629        0.040451
     C    3       -0.001629       -0.077830        0.221919
     C    3        0.040451        0.221919        0.467735

     H    4        0.331935        0.120686        0.089006
     H    4        0.120686       -0.104460        0.168730
     H    4        0.089006        0.168730       -0.227475

     C    5        0.047524        0.138232        0.187914
     C    5        0.138232       -0.646669       -0.055652
     C    5        0.187914       -0.055652        0.599146

     H    6       -0.021876       -0.035796        0.056573
     H    6       -0.035796        0.521069        0.466818
     H    6        0.056573        0.466818       -0.499193

     H    7       -0.203040        0.238139       -0.160900
     H    7        0.238139        0.393886       -0.038680
     H    7       -0.160900       -0.038680       -0.190846

     C    8        0.373339       -0.463990        0.602349
     C    8       -0.463990       -0.581346        0.093695
     C    8        0.602349        0.093695        0.208007

     H    9        0.346060       -0.090395        0.061984
     H    9       -0.090395       -0.048513        0.044236
     H    9        0.061984        0.044236       -0.297547

     C   10       -0.402846        0.020251        0.192006
     C   10        0.020251        0.121880       -0.170111
     C   10        0.192006       -0.170111        0.280966

     C   11        0.038107        0.032404        0.125953
     C   11        0.032404       -0.554398        0.020766
     C   11        0.125953        0.020766        0.516290

     Cl  12       -0.037974        1.716262       -0.988242
     Cl  12        1.716262       -0.602444        1.554709
     Cl  12       -0.988242        1.554709        0.640419

     H   13       -0.487792        0.101775        0.110024
     H   13        0.101775        0.413362        0.222956
     H   13        0.110024        0.222956        0.074430

     C   14        0.003349        0.092730       -0.354708
     C   14        0.092730        0.029540       -0.056563
     C   14       -0.354708       -0.056563       -0.032889

     H   15        0.099399        0.069684        0.222779
     H   15        0.069684       -0.103477        0.026192
     H   15        0.222779        0.026192        0.004078

     C   16        0.062612        0.334134        0.291331
     C   16        0.334134       -0.690190        0.011167
     C   16        0.291331        0.011167        0.627578

     C   17       -0.458406       -0.300743        0.001312
     C   17       -0.300743       -0.180771        0.114922
     C   17        0.001312        0.114922        0.639177

     Cl  18       -0.072638       -0.726837       -0.393795
     Cl  18       -0.726837       -0.627672       -0.279133
     Cl  18       -0.393795       -0.279133        0.700310

     H   19        0.003098        0.023828        0.103110
     H   19        0.023828        0.163178       -0.606288
     H   19        0.103110       -0.606288       -0.166276

     C   20       -0.612680        0.093572       -0.064349
     C   20        0.093572        0.021428       -0.118836
     C   20       -0.064349       -0.118836        0.591252

     H   21        0.140043       -0.000885        0.427080
     H   21       -0.000885       -0.048235        0.065003
     H   21        0.427080        0.065003       -0.091808

     C   22        0.094395       -0.165606        0.407053
     C   22       -0.165606       -0.590341        0.076953
     C   22        0.407053        0.076953        0.495946

     C   23       -0.351195        0.263925        0.236587
     C   23        0.263925        0.055980       -0.155043
     C   23        0.236587       -0.155043        0.295215

     Cl  24        0.613147        1.833051        0.888983
     Cl  24        1.833051       -0.863714       -0.363518
     Cl  24        0.888983       -0.363518        0.250566


     NQR/NMR SPECTROSCOPIC PARAMETERS:
     Cl   1    Vxx=   -0.6470    axis=(  0.468110  0.596822  0.651672)
     Cl   1    Vyy=   -2.1054    axis=( -0.386153 -0.525165  0.758345)
     Cl   1    Vzz=    2.7524    axis=( -0.794832  0.606634  0.015371)
     Cl   1  Q=        -8.1650 1e-30 m^2  Cq=       -52.8044 MHz  eta= 0.52986

     C    2    Vxx=   -0.0742    axis=( -0.080632  0.651979 -0.753937)
     C    2    Vyy=   -0.3723    axis=( -0.452302  0.650106  0.610562)
     C    2    Vzz=    0.4465    axis=(  0.888213  0.390238  0.242472)
     C    2  Q=         1.0000 1e-30 m^2  Cq=         1.0492 MHz  eta= 0.66749

     C    3    Vxx=   -0.1557    axis=( -0.063723  0.941484 -0.330979)
     C    3    Vyy=   -0.3924    axis=(  0.997164  0.046764 -0.058963)
     C    3    Vzz=    0.5481    axis=(  0.040034  0.333797  0.941794)
     C    3  Q=         1.0000 1e-30 m^2  Cq=         1.2878 MHz  eta= 0.43173

     H    4    Vxx=   -0.0459    axis=(  0.368790 -0.764163 -0.529197)
     H    4    Vyy=   -0.3456    axis=( -0.006055 -0.571290  0.820726)
     H    4    Vzz=    0.3914    axis=( -0.929493 -0.299471 -0.215313)
     H    4  Q=         1.0000 1e-30 m^2  Cq=         0.9197 MHz  eta= 0.76571

     C    5    Vxx=    0.0225    axis=( -0.934189 -0.216549  0.283544)
     C    5    Vyy=    0.6572    axis=(  0.292502 -0.009803  0.956215)
     C    5    Vzz=   -0.6797    axis=( -0.204287  0.976223  0.072499)
     C    5  Q=         1.0000 1e-30 m^2  Cq=        -1.5971 MHz  eta= 0.93371

     H    6    Vxx=   -0.0156    axis=(  0.994996 -0.018962  0.098097)
     H    6    Vyy=   -0.6870    axis=(  0.098306  0.361220 -0.927284)
     H    6    Vzz=    0.7027    axis=( -0.017851  0.932288  0.361276)
     H    6  Q=         1.0000 1e-30 m^2  Cq=         1.6510 MHz  eta= 0.95555

     H    7    Vxx=   -0.1006    axis=(  0.520627 -0.312850 -0.794401)
     H    7    Vyy=   -0.3889    axis=(  0.778668 -0.207633  0.592085)
     H    7    Vzz=    0.4895    axis=(  0.350178  0.926830 -0.135507)
     H    7  Q=         1.0000 1e-30 m^2  Cq=         1.1502 MHz  eta= 0.58886

     C    8    Vxx=   -0.0777    axis=( -0.429120  0.531223  0.730519)
     C    8    Vyy=   -0.8791    axis=(  0.462652  0.823890 -0.327350)
     C    8    Vzz=    0.9568    axis=( -0.775763  0.197504 -0.599319)
     C    8  Q=         1.0000 1e-30 m^2  Cq=         2.2481 MHz  eta= 0.83761

     H    9    Vxx=   -0.0554    axis=(  0.181528  0.958113  0.221510)
     H    9    Vyy=   -0.3143    axis=( -0.118920 -0.202212  0.972095)
     H    9    Vzz=    0.3697    axis=(  0.976169 -0.202805  0.077231)
     H    9  Q=         1.0000 1e-30 m^2  Cq=         0.8688 MHz  eta= 0.70026

     C   10    Vxx=    0.0419    axis=(  0.227985  0.870440  0.436300)
     C   10    Vyy=    0.4183    axis=( -0.188636  0.479098 -0.857253)
     C   10    Vzz=   -0.4602    axis=( -0.955217  0.113139  0.273423)
     C   10  Q=         1.0000 1e-30 m^2  Cq=        -1.0813 MHz  eta= 0.81783

     C   11    Vxx=    0.0082    axis=(  0.969105  0.046879 -0.242153)
     C   11    Vyy=    0.5481    axis=(  0.241187  0.025361  0.970147)
     C   11    Vzz=   -0.5563    axis=( -0.051620  0.998579 -0.013271)
     C   11  Q=         1.0000 1e-30 m^2  Cq=        -1.3072 MHz  eta= 0.97051

     Cl  12    Vxx=    1.2551    axis=(  0.798408  0.301413 -0.521244)
     Cl  12    Vyy=    1.7272    axis=( -0.227233 -0.650838 -0.724413)
     Cl  12    Vzz=   -2.9824    axis=(  0.557593 -0.696821  0.451143)
     Cl  12  Q=        -8.1650 1e-30 m^2  Cq=        57.2150 MHz  eta= 0.15830

     H   13    Vxx=   -0.0304    axis=(  0.107578 -0.465946  0.878249)
     H   13    Vyy=   -0.5127    axis=(  0.984953 -0.070230 -0.157908)
     H   13    Vzz=    0.5431    axis=(  0.135256  0.882021  0.451380)
     H   13  Q=         1.0000 1e-30 m^2  Cq=         1.2760 MHz  eta= 0.88812

     C   14    Vxx=   -0.0020    axis=(  0.173539 -0.953440 -0.246651)
     C   14    Vyy=   -0.3713    axis=(  0.694009 -0.059301  0.717520)
     C   14    Vzz=    0.3733    axis=( -0.698739 -0.295696  0.651405)
     C   14  Q=         1.0000 1e-30 m^2  Cq=         0.8770 MHz  eta= 0.98944

     H   15    Vxx=   -0.1082    axis=( -0.070520 -0.931412  0.357069)
     H   15    Vyy=   -0.1840    axis=( -0.633035  0.318430  0.705599)
     H   15    Vzz=    0.2922    axis=(  0.770905  0.176278  0.612072)
     H   15  Q=         1.0000 1e-30 m^2  Cq=         0.6866 MHz  eta= 0.25916

     C   16    Vxx=    0.0578    axis=(  0.826761  0.362900 -0.429848)
     C   16    Vyy=    0.7656    axis=(  0.422523  0.103886  0.900379)
     C   16    Vzz=   -0.8234    axis=( -0.371403  0.926019  0.067445)
     C   16  Q=         1.0000 1e-30 m^2  Cq=        -1.9346 MHz  eta= 0.85958

     C   17    Vxx=   -0.0026    axis=( -0.545070  0.825456 -0.146698)
     C   17    Vyy=   -0.6539    axis=(  0.837473  0.544258 -0.049219)
     C   17    Vzz=    0.6565    axis=( -0.039213  0.149683  0.987956)
     C   17  Q=         1.0000 1e-30 m^2  Cq=         1.5426 MHz  eta= 0.99206

     Cl  18    Vxx=    0.3690    axis=(  0.715315 -0.614716  0.332338)
     Cl  18    Vyy=    0.8662    axis=(  0.403261 -0.025285 -0.914736)
     Cl  18    Vzz=   -1.2352    axis=(  0.570706  0.788343  0.229805)
     Cl  18  Q=        -8.1650 1e-30 m^2  Cq=        23.6971 MHz  eta= 0.40250

     H   19    Vxx=    0.0144    axis=(  0.986538  0.145577  0.074496)
     H   19    Vyy=    0.6298    axis=(  0.070379 -0.789163  0.610138)
     H   19    Vzz=   -0.6442    axis=(  0.147612 -0.596681 -0.788785)
     H   19  Q=         1.0000 1e-30 m^2  Cq=        -1.5136 MHz  eta= 0.95529

     C   20    Vxx=    0.0076    axis=(  0.124365  0.969521  0.211097)
     C   20    Vyy=    0.6205    axis=( -0.066455 -0.204132  0.976685)
     C   20    Vzz=   -0.6280    axis=(  0.990009 -0.135494  0.039043)
     C   20  Q=         1.0000 1e-30 m^2  Cq=        -1.4756 MHz  eta= 0.97594

     H   21    Vxx=   -0.0439    axis=(  0.143177 -0.987644 -0.063716)
     H   21    Vyy=   -0.4257    axis=(  0.596939  0.137529 -0.790411)
     H   21    Vzz=    0.4696    axis=(  0.789407  0.075134  0.609254)
     H   21  Q=         1.0000 1e-30 m^2  Cq=         1.1033 MHz  eta= 0.81297

     C   22    Vxx=   -0.0927    axis=(  0.793263 -0.341922 -0.503808)
     C   22    Vyy=   -0.6567    axis=(  0.298252  0.939575 -0.168059)
     C   22    Vzz=    0.7494    axis=(  0.530829 -0.016947  0.847309)
     C   22  Q=         1.0000 1e-30 m^2  Cq=         1.7608 MHz  eta= 0.75249

     C   23    Vxx=    0.1805    axis=(  0.491416  0.858460  0.146820)
     C   23    Vyy=    0.3914    axis=( -0.201332  0.275988 -0.939838)
     C   23    Vzz=   -0.5720    axis=( -0.847335  0.432292  0.308460)
     C   23  Q=         1.0000 1e-30 m^2  Cq=        -1.3439 MHz  eta= 0.36869

     Cl  24    Vxx=    0.3267    axis=( -0.095457 -0.422257  0.901436)
     Cl  24    Vyy=    2.0264    axis=( -0.819592 -0.480600 -0.311916)
     Cl  24    Vzz=   -2.3531    axis=(  0.564939 -0.768585 -0.300202)
     Cl  24  Q=        -8.1650 1e-30 m^2  Cq=        45.1423 MHz  eta= 0.72231

     Initialization:
     gipaw_setup  :      9.30s CPU     10.74s WALL (       1 calls)

     Linear response

     Apply operators

     Induced current

     Other routines
     efg          :      9.39s CPU     11.62s WALL (       1 calls)

     General routines
     calbec       :      3.21s CPU      4.32s WALL (      16 calls)
     fft          :      1.32s CPU      1.57s WALL (      15 calls)
     ffts         :      0.03s CPU      0.07s WALL (       2 calls)
     fftw         :      3.37s CPU      3.88s WALL (     672 calls)
     davcio       :      0.05s CPU      0.30s WALL (      32 calls)

     Parallel routines
     fft_scatter  :      1.99s CPU      2.62s WALL (     689 calls)

     Plugins

     GIPAW        :     61.17s CPU     71.76s WALL (       1 calls)
