
     Program QE v.6.0 (svn rev. 13079) starts on 23Dec2016 at  9:37:51 

     This program is part of the open-source Quantum ESPRESSO suite
     for quantum simulation of materials; please cite
         "P. Giannozzi et al., J. Phys.:Condens. Matter 21 395502 (2009);
          URL http://www.quantum-espresso.org", 
     in publications or presentations arising from this work. More details at
     http://www.quantum-espresso.org/quote

     Parallel version (MPI), running on     8 processors
     R & G space division:  proc/nbgrp/npool/nimage =       8

     ***** This is GIPAW svn revision unknown      *****

     Parallelizing q-star over 1 images

     Reading data from directory:
     /users/majewski/paradichlorobenzene/pbe/9_constraint/scratch/pbe.ecut100.np8.dt60.pcl2phi-129368.save
     Message from routine read_xml_file:
     file /users/majewski/paradichlorobenzene/pbe/9_constraint/scratch/pbe.ecut100.np8.dt60.pcl2phi-129368.save not guaranteed to be safe for post-processing

   Info: using nr1, nr2, nr3 values from input

   Info: using nr1, nr2, nr3 values from input

     IMPORTANT: XC functional enforced from input :
     Exchange-correlation      =  SLA  PW   PBX  PBC ( 1  4  3  4 0 0)
     Any further DFT definition will be discarded
     Please, verify this is what you really want

               file C.pbe-n-kjpaw_psl.1.0.0.UPF: wavefunction(s)  2S 2P renormalized
               file Cl.pbe-n-kjpaw_psl.1.0.0.UPF: wavefunction(s)  3S 3P renormalized
               file H.pbe-kjpaw_psl.1.0.0.UPF: wavefunction(s)  1S renormalized

     Parallelization info
     --------------------
     sticks:   dense  smooth     PW     G-vecs:    dense   smooth      PW
     Min        3057    1223    332               144436    36536    5170
     Max        3059    1225    333               144437    36537    5171
     Sum       24467    9791   2657              1155489   292295   41363


     Subspace diagonalization in iterative solution of the eigenvalue problem:
     a serial algorithm will be used

     GIPAW projectors -----------------------------------------------
     atom=  C    l=0  rc=    1.2000  rs=    0.8000
     atom=  C    l=0  rc=    1.2000  rs=    0.8000
     atom=  C    l=1  rc=    1.4000  rs=    0.9333
     atom=  C    l=1  rc=    1.4000  rs=    0.9333
     projs nearly linearly dependent: l=1  n1,n2= 1, 2  s=  0.99951561

     atom=  Cl   l=0  rc=    1.6000  rs=    1.0667
     atom=  Cl   l=0  rc=    1.6000  rs=    1.0667
     atom=  Cl   l=1  rc=    1.6000  rs=    1.0667
     atom=  Cl   l=1  rc=    1.6000  rs=    1.0667
     atom=  Cl   l=2  rc=    1.6000  rs=    1.0667
     atom=  Cl   l=2  rc=    1.6000  rs=    1.0667
     projs nearly linearly dependent: l=2  n1,n2= 1, 2  s=  0.99993509

     atom=  H    l=0  rc=    1.0000  rs=    0.6667
     atom=  H    l=0  rc=    1.0000  rs=    0.6667
     projs nearly linearly dependent: l=0  n1,n2= 1, 2  s=  0.99968852
     -----------------------------------------------------------------

     GIPAW integrals: -------------------------------------------
     Atom  i/j   nmr_para   nmr_dia   epr_rmc  epr_para   epr_dia
       C   1 1   0.83E+03  0.17E-01  0.93E+01  0.24E+08  0.24E+03
       C   2 1   0.86E+03 -0.61E-01  0.94E+01  0.25E+08  0.25E+03
       C   2 2   0.90E+03 -0.15E+00  0.97E+01  0.26E+08  0.26E+03
       C   3 3   0.33E+01  0.34E+00  0.18E+01  0.55E+03  0.21E+02
       C   4 3   0.35E+01  0.37E+00  0.20E+01  0.59E+03  0.22E+02
       C   4 4   0.38E+01  0.39E+00  0.22E+01  0.63E+03  0.24E+02
       Cl  1 1   0.14E+04 -0.47E+00  0.84E+01  0.32E+09  0.42E+03
       Cl  2 1   0.21E+04 -0.37E+00  0.12E+02  0.49E+09  0.65E+03
       Cl  2 2   0.33E+04 -0.16E+00  0.21E+02  0.76E+09  0.10E+04
       Cl  3 3   0.21E+02  0.79E-01  0.89E+01  0.23E+05  0.13E+03
       Cl  4 3   0.24E+02  0.67E-01  0.99E+01  0.27E+05  0.15E+03
       Cl  4 4   0.28E+02  0.44E-01  0.11E+02  0.32E+05  0.18E+03
       Cl  5 5   0.77E+00  0.19E+00  0.18E+01  0.12E+03  0.22E+02
       Cl  6 5   0.80E+00  0.19E+00  0.19E+01  0.12E+03  0.23E+02
       Cl  6 6   0.83E+00  0.20E+00  0.19E+01  0.12E+03  0.23E+02
       H   1 1   0.39E+02  0.19E+00  0.29E+00  0.78E+05  0.13E+02
       H   2 1   0.41E+02  0.21E+00  0.32E+00  0.82E+05  0.14E+02
       H   2 2   0.43E+02  0.22E+00  0.36E+00  0.86E+05  0.15E+02
     ------------------------------------------------------------

     alpha_pv=     34.2395 eV

     Number of occupied bands for each k-point:
     k-point:     1    nbnd_occ=  42
     k-point:     2    nbnd_occ=  42
     k-point:     3    nbnd_occ=  42
     k-point:     4    nbnd_occ=  42
     k-point:     5    nbnd_occ=  42
     k-point:     6    nbnd_occ=  42
     k-point:     7    nbnd_occ=  42
     k-point:     8    nbnd_occ=  42
     k-point:     9    nbnd_occ=  42
     k-point:    10    nbnd_occ=  42
     k-point:    11    nbnd_occ=  42
     k-point:    12    nbnd_occ=  42
     k-point:    13    nbnd_occ=  42
     k-point:    14    nbnd_occ=  42
     k-point:    15    nbnd_occ=  42
     k-point:    16    nbnd_occ=  42


     q-space interpolation up to   110.00 Rydberg

     GIPAW job: efg                                                                             


     ELECTRIC FIELD GRADIENTS TENSORS IN Hartree/bohrradius^2:

     ----- bare term -----
     Cl   1        0.225633        0.011611        0.218219
     Cl   1        0.011611        0.090822        0.480486
     Cl   1        0.218219        0.480486       -0.316455

     C    2       -0.441969       -0.042371       -0.243785
     C    2       -0.042371       -0.035643       -0.429027
     C    2       -0.243785       -0.429027        0.477612

     C    3       -0.156813        0.404009        0.157866
     C    3        0.404009       -0.401780       -0.529469
     C    3        0.157866       -0.529469        0.558593

     H    4       -0.293866       -0.426791       -0.218473
     H    4       -0.426791        0.052631        0.120301
     H    4       -0.218473        0.120301        0.241236

     C    5       -0.437671        0.135597       -0.380666
     C    5        0.135597        0.074863       -0.288128
     C    5       -0.380666       -0.288128        0.362808

     H    6        0.139922        0.082359        0.019744
     H    6        0.082359       -0.346091       -0.521815
     H    6        0.019744       -0.521815        0.206170

     H    7        0.469916       -0.046789       -0.154431
     H    7       -0.046789       -0.641081       -0.015830
     H    7       -0.154431       -0.015830        0.171165

     C    8       -0.572341       -0.127077       -0.360684
     C    8       -0.127077       -0.037564        0.334564
     C    8       -0.360684        0.334564        0.609905

     H    9       -0.498414        0.158879       -0.448785
     H    9        0.158879        0.306267        0.212640
     H    9       -0.448785        0.212640        0.192147

     C   10       -0.159443       -0.312030       -0.131880
     C   10       -0.312030       -0.437027        0.514713
     C   10       -0.131880        0.514713        0.596470

     C   11       -0.244569        0.055172       -0.365334
     C   11        0.055172       -0.046637        0.451576
     C   11       -0.365334        0.451576        0.291205

     Cl  12        0.011828       -0.264995       -0.074426
     Cl  12       -0.264995        0.014503        0.054509
     Cl  12       -0.074426        0.054509       -0.026331

     H   13        0.385015       -0.189161       -0.083397
     H   13       -0.189161       -0.566905       -0.498037
     H   13       -0.083397       -0.498037        0.181889

     C   14       -0.197517        0.223369       -0.232219
     C   14        0.223369       -0.217008       -0.385359
     C   14       -0.232219       -0.385359        0.414524

     H   15       -0.290730       -0.552765       -0.077257
     H   15       -0.552765       -0.081675        0.068236
     H   15       -0.077257        0.068236        0.372405

     C   16       -0.411824        0.387925       -0.355339
     C   16        0.387925        0.134642       -0.325145
     C   16       -0.355339       -0.325145        0.277182

     C   17        0.039449        0.399646       -0.119528
     C   17        0.399646       -0.189412       -0.552579
     C   17       -0.119528       -0.552579        0.149963

     Cl  18       -0.065149        0.186515       -0.076204
     Cl  18        0.186515        0.109990       -0.100759
     Cl  18       -0.076204       -0.100759       -0.044840

     H   19        0.435090        0.082641       -0.144302
     H   19        0.082641       -0.159028        0.544697
     H   19       -0.144302        0.544697       -0.276062

     C   20       -0.235328       -0.353870       -0.022597
     C   20       -0.353870       -0.341464        0.421186
     C   20       -0.022597        0.421186        0.576792

     H   21        0.099899        0.013857       -0.456897
     H   21        0.013857        0.309831       -0.214187
     H   21       -0.456897       -0.214187       -0.409729

     C   22       -0.365358       -0.231636       -0.288219
     C   22       -0.231636       -0.128567        0.340035
     C   22       -0.288219        0.340035        0.493925

     C   23       -0.114563       -0.066142       -0.361153
     C   23       -0.066142       -0.391392        0.480345
     C   23       -0.361153        0.480345        0.505955

     Cl  24       -0.133612       -0.098446       -0.045206
     Cl  24       -0.098446       -0.077150        0.010778
     Cl  24       -0.045206        0.010778        0.210762

     ----- ionic term -----
     Cl   1        0.218165       -0.179824       -0.044029
     Cl   1       -0.179824       -0.086518        0.025749
     Cl   1       -0.044029        0.025749       -0.131647

     C    2        0.361102       -0.089590        0.060799
     C    2       -0.089590       -0.011144        0.422626
     C    2        0.060799        0.422626       -0.349959

     C    3        0.293886       -0.255423        0.032608
     C    3       -0.255423        0.048519        0.416396
     C    3        0.032608        0.416396       -0.342405

     H    4        0.661004        0.415319        0.555178
     H    4        0.415319       -0.369212        0.275384
     H    4        0.555178        0.275384       -0.291792

     C    5        0.411342       -0.169697        0.144257
     C    5       -0.169697       -0.040216        0.363182
     C    5        0.144257        0.363182       -0.371125

     H    6       -0.518686        0.003745        0.009996
     H    6        0.003745        0.607087        0.753604
     H    6        0.009996        0.753604       -0.088401

     H    7       -0.507123       -0.023019        0.011308
     H    7       -0.023019        0.846394       -0.558976
     H    7        0.011308       -0.558976       -0.339271

     C    8        0.272684        0.176113        0.302896
     C    8        0.176113        0.092313       -0.282437
     C    8        0.302896       -0.282437       -0.364997

     H    9        0.558360       -0.218430        0.738598
     H    9       -0.218430       -0.447658       -0.196116
     H    9        0.738598       -0.196116       -0.110703

     C   10        0.136713        0.208870        0.242301
     C   10        0.208870        0.223851       -0.346637
     C   10        0.242301       -0.346637       -0.360564

     C   11        0.090435        0.185181        0.345909
     C   11        0.185181        0.226684       -0.339835
     C   11        0.345909       -0.339835       -0.317120

     Cl  12        0.109431        0.220891        0.044218
     Cl  12        0.220891        0.057310        0.023987
     Cl  12        0.044218        0.023987       -0.166741

     H   13       -0.510465        0.135310        0.046468
     H   13        0.135310        0.757105        0.655472
     H   13        0.046468        0.655472       -0.246640

     C   14        0.359567       -0.024531        0.130598
     C   14       -0.024531        0.054931        0.327594
     C   14        0.130598        0.327594       -0.414498

     H   15        0.649262        0.537224        0.453010
     H   15        0.537224       -0.272785        0.262024
     H   15        0.453010        0.262024       -0.376478

     C   16        0.194255       -0.120156        0.074298
     C   16       -0.120156        0.175320        0.422811
     C   16        0.074298        0.422811       -0.369576

     C   17        0.252515       -0.141733        0.197391
     C   17       -0.141733        0.126438        0.429099
     C   17        0.197391        0.429099       -0.378953

     Cl  18        0.145428       -0.228071       -0.011600
     Cl  18       -0.228071        0.007350        0.009183
     Cl  18       -0.011600        0.009183       -0.152778

     H   19       -0.530882       -0.047238        0.048893
     H   19       -0.047238        0.687023       -0.684500
     H   19        0.048893       -0.684500       -0.156142

     C   20        0.202322        0.301358        0.307931
     C   20        0.301358        0.126245       -0.265744
     C   20        0.307931       -0.265744       -0.328567

     H   21        0.473760       -0.037004        0.782492
     H   21       -0.037004       -0.487402       -0.135404
     H   21        0.782492       -0.135404        0.013642

     C   22        0.106909        0.385120        0.246302
     C   22        0.385120        0.190382       -0.344856
     C   22        0.246302       -0.344856       -0.297291

     C   23        0.197534        0.172075        0.353437
     C   23        0.172075        0.081043       -0.402951
     C   23        0.353437       -0.402951       -0.278577

     Cl  24        0.138286        0.231107        0.039344
     Cl  24        0.231107        0.011046        0.017393
     Cl  24        0.039344        0.017393       -0.149332

     ----- GIPAW term -----
     Cl   1        0.198166       -0.223570       -0.340237
     Cl   1       -0.223570       -0.188681       -0.110728
     Cl   1       -0.340237       -0.110728       -0.009485

     C    2       -0.134924       -0.077510       -0.042851
     C    2       -0.077510       -0.102311       -0.124401
     C    2       -0.042851       -0.124401        0.237235

     C    3       -0.072748       -0.008239        0.160213
     C    3       -0.008239       -0.109672       -0.170961
     C    3        0.160213       -0.170961        0.182420

     H    4       -0.000000        0.000000        0.000000
     H    4        0.000000        0.000000        0.000000
     H    4        0.000000        0.000000        0.000000

     C    5        0.028196        0.064507        0.052777
     C    5        0.064507       -0.051042       -0.000610
     C    5        0.052777       -0.000610        0.022845

     H    6       -0.000000        0.000000        0.000000
     H    6        0.000000        0.000000        0.000000
     H    6        0.000000        0.000000        0.000000

     H    7       -0.000000        0.000000        0.000000
     H    7        0.000000        0.000000        0.000000
     H    7        0.000000        0.000000        0.000000

     C    8       -0.161424       -0.006985       -0.022212
     C    8       -0.006985       -0.082465        0.092923
     C    8       -0.022212        0.092923        0.243889

     H    9       -0.000000        0.000000        0.000000
     H    9        0.000000        0.000000        0.000000
     H    9        0.000000        0.000000        0.000000

     C   10       -0.101547       -0.040684       -0.021911
     C   10       -0.040684       -0.137511        0.087950
     C   10       -0.021911        0.087950        0.239058

     C   11        0.055868        0.126301        0.003695
     C   11        0.126301       -0.035504        0.042573
     C   11        0.003695        0.042573       -0.020364

     Cl  12        1.742410       -0.118638       -0.697693
     Cl  12       -0.118638        0.370079        0.571038
     Cl  12       -0.697693        0.571038       -2.112490

     H   13       -0.000000        0.000000        0.000000
     H   13        0.000000        0.000000        0.000000
     H   13        0.000000        0.000000        0.000000

     C   14       -0.055257        0.048244       -0.014565
     C   14        0.048244       -0.037910        0.001824
     C   14       -0.014565        0.001824        0.093167

     H   15       -0.000000        0.000000        0.000000
     H   15        0.000000        0.000000        0.000000
     H   15        0.000000        0.000000        0.000000

     C   16       -0.085028        0.197078       -0.103992
     C   16        0.197078        0.154512       -0.062153
     C   16       -0.103992       -0.062153       -0.069483

     C   17        0.125147        0.127932        0.000772
     C   17        0.127932        0.040888       -0.061120
     C   17        0.000772       -0.061120       -0.166035

     Cl  18        0.899050       -0.492233       -0.768748
     Cl  18       -0.492233        1.046040       -0.945935
     Cl  18       -0.768748       -0.945935       -1.945090

     H   19       -0.000000        0.000000        0.000000
     H   19        0.000000        0.000000        0.000000
     H   19        0.000000        0.000000        0.000000

     C   20       -0.081466       -0.044762        0.103810
     C   20       -0.044762       -0.189067        0.107546
     C   20        0.103810        0.107546        0.270533

     H   21       -0.000000        0.000000        0.000000
     H   21        0.000000        0.000000        0.000000
     H   21        0.000000        0.000000        0.000000

     C   22       -0.184174       -0.021534       -0.098811
     C   22       -0.021534       -0.100360        0.104768
     C   22       -0.098811        0.104768        0.284535

     C   23       -0.048217        0.091338       -0.099424
     C   23        0.091338       -0.156161        0.097921
     C   23       -0.099424        0.097921        0.204377

     Cl  24       -0.795142        1.272493       -0.610823
     Cl  24        1.272493       -1.481602        0.324880
     Cl  24       -0.610823        0.324880        2.276744

     ----- total EFG -----
     Cl   1        0.641964       -0.391783       -0.166047
     Cl   1       -0.391783       -0.184377        0.395507
     Cl   1       -0.166047        0.395507       -0.457587

     C    2       -0.215791       -0.209471       -0.225837
     C    2       -0.209471       -0.149098       -0.130802
     C    2       -0.225837       -0.130802        0.364889

     C    3        0.064325        0.140347        0.350687
     C    3        0.140347       -0.462932       -0.284033
     C    3        0.350687       -0.284033        0.398608

     H    4        0.367137       -0.011472        0.336705
     H    4       -0.011472       -0.316581        0.395685
     H    4        0.336705        0.395685       -0.050556

     C    5        0.001867        0.030407       -0.183633
     C    5        0.030407       -0.016395        0.074444
     C    5       -0.183633        0.074444        0.014528

     H    6       -0.378765        0.086105        0.029740
     H    6        0.086105        0.260996        0.231789
     H    6        0.029740        0.231789        0.117769

     H    7       -0.037207       -0.069808       -0.143122
     H    7       -0.069808        0.205314       -0.574806
     H    7       -0.143122       -0.574806       -0.168106

     C    8       -0.461081        0.042051       -0.080000
     C    8        0.042051       -0.027716        0.145050
     C    8       -0.080000        0.145050        0.488798

     H    9        0.059947       -0.059551        0.289812
     H    9       -0.059551       -0.141391        0.016523
     H    9        0.289812        0.016523        0.081445

     C   10       -0.124277       -0.143843        0.088510
     C   10       -0.143843       -0.350688        0.256025
     C   10        0.088510        0.256025        0.474964

     C   11       -0.098266        0.366654       -0.015730
     C   11        0.366654        0.144544        0.154315
     C   11       -0.015730        0.154315       -0.046278

     Cl  12        1.863670       -0.162742       -0.727900
     Cl  12       -0.162742        0.441891        0.649533
     Cl  12       -0.727900        0.649533       -2.305561

     H   13       -0.125450       -0.053851       -0.036929
     H   13       -0.053851        0.190201        0.157435
     H   13       -0.036929        0.157435       -0.064751

     C   14        0.106794        0.247082       -0.116185
     C   14        0.247082       -0.199987       -0.055940
     C   14       -0.116185       -0.055940        0.093194

     H   15        0.358533       -0.015541        0.375753
     H   15       -0.015541       -0.354460        0.330260
     H   15        0.375753        0.330260       -0.004073

     C   16       -0.302597        0.464847       -0.385032
     C   16        0.464847        0.464474        0.035512
     C   16       -0.385032        0.035512       -0.161877

     C   17        0.417111        0.385844        0.078635
     C   17        0.385844       -0.022086       -0.184599
     C   17        0.078635       -0.184599       -0.395025

     Cl  18        0.979329       -0.533789       -0.856553
     Cl  18       -0.533789        1.163380       -1.037511
     Cl  18       -0.856553       -1.037511       -2.142708

     H   19       -0.095792        0.035403       -0.095409
     H   19        0.035403        0.527995       -0.139804
     H   19       -0.095409       -0.139804       -0.432203

     C   20       -0.114472       -0.097275        0.389144
     C   20       -0.097275       -0.404286        0.262988
     C   20        0.389144        0.262988        0.518757

     H   21        0.573658       -0.023146        0.325595
     H   21       -0.023146       -0.177571       -0.349591
     H   21        0.325595       -0.349591       -0.396087

     C   22       -0.442623        0.131950       -0.140728
     C   22        0.131950       -0.038546        0.099947
     C   22       -0.140728        0.099947        0.481169

     C   23        0.034754        0.197270       -0.107141
     C   23        0.197270       -0.466509        0.175315
     C   23       -0.107141        0.175315        0.431755

     Cl  24       -0.790468        1.405154       -0.616685
     Cl  24        1.405154       -1.547705        0.353050
     Cl  24       -0.616685        0.353050        2.338173

     ----- total EFG (symmetrized) -----
     Cl   1        0.641964       -0.391783       -0.166047
     Cl   1       -0.391783       -0.184377        0.395507
     Cl   1       -0.166047        0.395507       -0.457587

     C    2       -0.215791       -0.209471       -0.225837
     C    2       -0.209471       -0.149098       -0.130802
     C    2       -0.225837       -0.130802        0.364889

     C    3        0.064325        0.140347        0.350687
     C    3        0.140347       -0.462932       -0.284033
     C    3        0.350687       -0.284033        0.398608

     H    4        0.367137       -0.011472        0.336705
     H    4       -0.011472       -0.316581        0.395685
     H    4        0.336705        0.395685       -0.050556

     C    5        0.001867        0.030407       -0.183633
     C    5        0.030407       -0.016395        0.074444
     C    5       -0.183633        0.074444        0.014528

     H    6       -0.378765        0.086105        0.029740
     H    6        0.086105        0.260996        0.231789
     H    6        0.029740        0.231789        0.117769

     H    7       -0.037207       -0.069808       -0.143122
     H    7       -0.069808        0.205314       -0.574806
     H    7       -0.143122       -0.574806       -0.168106

     C    8       -0.461081        0.042051       -0.080000
     C    8        0.042051       -0.027716        0.145050
     C    8       -0.080000        0.145050        0.488798

     H    9        0.059947       -0.059551        0.289812
     H    9       -0.059551       -0.141391        0.016523
     H    9        0.289812        0.016523        0.081445

     C   10       -0.124277       -0.143843        0.088510
     C   10       -0.143843       -0.350688        0.256025
     C   10        0.088510        0.256025        0.474964

     C   11       -0.098266        0.366654       -0.015730
     C   11        0.366654        0.144544        0.154315
     C   11       -0.015730        0.154315       -0.046278

     Cl  12        1.863670       -0.162742       -0.727900
     Cl  12       -0.162742        0.441891        0.649533
     Cl  12       -0.727900        0.649533       -2.305561

     H   13       -0.125450       -0.053851       -0.036929
     H   13       -0.053851        0.190201        0.157435
     H   13       -0.036929        0.157435       -0.064751

     C   14        0.106794        0.247082       -0.116185
     C   14        0.247082       -0.199987       -0.055940
     C   14       -0.116185       -0.055940        0.093194

     H   15        0.358533       -0.015541        0.375753
     H   15       -0.015541       -0.354460        0.330260
     H   15        0.375753        0.330260       -0.004073

     C   16       -0.302597        0.464847       -0.385032
     C   16        0.464847        0.464474        0.035512
     C   16       -0.385032        0.035512       -0.161877

     C   17        0.417111        0.385844        0.078635
     C   17        0.385844       -0.022086       -0.184599
     C   17        0.078635       -0.184599       -0.395025

     Cl  18        0.979329       -0.533789       -0.856553
     Cl  18       -0.533789        1.163380       -1.037511
     Cl  18       -0.856553       -1.037511       -2.142708

     H   19       -0.095792        0.035403       -0.095409
     H   19        0.035403        0.527995       -0.139804
     H   19       -0.095409       -0.139804       -0.432203

     C   20       -0.114472       -0.097275        0.389144
     C   20       -0.097275       -0.404286        0.262988
     C   20        0.389144        0.262988        0.518757

     H   21        0.573658       -0.023146        0.325595
     H   21       -0.023146       -0.177571       -0.349591
     H   21        0.325595       -0.349591       -0.396087

     C   22       -0.442623        0.131950       -0.140728
     C   22        0.131950       -0.038546        0.099947
     C   22       -0.140728        0.099947        0.481169

     C   23        0.034754        0.197270       -0.107141
     C   23        0.197270       -0.466509        0.175315
     C   23       -0.107141        0.175315        0.431755

     Cl  24       -0.790468        1.405154       -0.616685
     Cl  24        1.405154       -1.547705        0.353050
     Cl  24       -0.616685        0.353050        2.338173


     NQR/NMR SPECTROSCOPIC PARAMETERS:
     Cl   1    Vxx=   -0.1239    axis=( -0.469083 -0.676212 -0.568066)
     Cl   1    Vyy=   -0.7466    axis=( -0.077517 -0.609217  0.789206)
     Cl   1    Vzz=    0.8705    axis=( -0.879746  0.414238  0.233355)
     Cl   1  Q=        -8.1650 1e-30 m^2  Cq=       -16.6998 MHz  eta= 0.71533

     C    2    Vxx=    0.0252    axis=(  0.601325 -0.793425  0.094260)
     C    2    Vyy=    0.4484    axis=(  0.289790  0.106631 -0.951132)
     C    2    Vzz=   -0.4736    axis=(  0.744601  0.599255  0.294047)
     C    2  Q=         1.0000 1e-30 m^2  Cq=        -1.1127 MHz  eta= 0.89359

     C    3    Vxx=   -0.0099    axis=(  0.803385  0.474443 -0.359829)
     C    3    Vyy=   -0.6369    axis=( -0.351539  0.865640  0.356493)
     C    3    Vzz=    0.6468    axis=(  0.480618 -0.159907  0.862228)
     C    3  Q=         1.0000 1e-30 m^2  Cq=         1.5196 MHz  eta= 0.96950

     H    4    Vxx=    0.0486    axis=(  0.561525 -0.616159 -0.552302)
     H    4    Vyy=    0.5979    axis=( -0.799030 -0.230310 -0.555435)
     H    4    Vzz=   -0.6464    axis=(  0.215036  0.753196 -0.621655)
     H    4  Q=         1.0000 1e-30 m^2  Cq=        -1.5189 MHz  eta= 0.84979

     C    5    Vxx=    0.0075    axis=(  0.376594  0.915726  0.140084)
     C    5    Vyy=    0.1972    axis=( -0.662641  0.160609  0.731513)
     C    5    Vzz=   -0.2047    axis=(  0.647367 -0.368309  0.667282)
     C    5  Q=         1.0000 1e-30 m^2  Cq=        -0.4810 MHz  eta= 0.92675

     H    6    Vxx=   -0.0511    axis=( -0.078913 -0.580295  0.810574)
     H    6    Vyy=   -0.3902    axis=( -0.991269  0.131836 -0.002123)
     H    6    Vzz=    0.4412    axis=( -0.105631 -0.803665 -0.585632)
     H    6  Q=         1.0000 1e-30 m^2  Cq=         1.0367 MHz  eta= 0.76852

     H    7    Vxx=    0.0033    axis=(  0.965446 -0.185938 -0.182594)
     H    7    Vyy=    0.6242    axis=(  0.043102  0.804943 -0.591785)
     H    7    Vzz=   -0.6275    axis=(  0.257013  0.563466  0.785143)
     H    7  Q=         1.0000 1e-30 m^2  Cq=        -1.4743 MHz  eta= 0.98946

     C    8    Vxx=   -0.0567    axis=(  0.146252  0.961139 -0.234142)
     C    8    Vyy=   -0.4746    axis=(  0.986939 -0.125606  0.100865)
     C    8    Vzz=    0.5313    axis=( -0.067536  0.245836  0.966956)
     C    8  Q=         1.0000 1e-30 m^2  Cq=         1.2483 MHz  eta= 0.78672

     H    9    Vxx=   -0.1149    axis=( -0.293992  0.885673  0.359377)
     H    9    Vyy=   -0.2475    axis=( -0.654432 -0.460560  0.599670)
     H    9    Vzz=    0.3624    axis=(  0.696626 -0.058889  0.715014)
     H    9  Q=         1.0000 1e-30 m^2  Cq=         0.8516 MHz  eta= 0.36586

     C   10    Vxx=   -0.0559    axis=(  0.912424 -0.406863  0.044099)
     C   10    Vyy=   -0.4953    axis=(  0.403158  0.875101 -0.267698)
     C   10    Vzz=    0.5511    axis=(  0.070325  0.262033  0.962493)
     C   10  Q=         1.0000 1e-30 m^2  Cq=         1.2949 MHz  eta= 0.79730

     C   11    Vxx=   -0.0428    axis=( -0.380099 -0.017836  0.924774)
     C   11    Vyy=   -0.3951    axis=( -0.748520  0.593276 -0.296212)
     C   11    Vzz=    0.4379    axis=(  0.543363  0.804802  0.238854)
     C   11  Q=         1.0000 1e-30 m^2  Cq=         1.0289 MHz  eta= 0.80457

     Cl  12    Vxx=    0.5200    axis=(  0.207734  0.963650  0.168004)
     Cl  12    Vyy=    2.0351    axis=( -0.966307  0.175478  0.188303)
     Cl  12    Vzz=   -2.5551    axis=(  0.151977 -0.201460  0.967635)
     Cl  12  Q=        -8.1650 1e-30 m^2  Cq=        49.0186 MHz  eta= 0.59294

     H   13    Vxx=   -0.1276    axis=(  0.763502  0.385882 -0.517841)
     H   13    Vyy=   -0.1481    axis=( -0.625961  0.244945 -0.740388)
     H   13    Vzz=    0.2757    axis=(  0.158860 -0.889436 -0.428563)
     H   13  Q=         1.0000 1e-30 m^2  Cq=         0.6477 MHz  eta= 0.07414

     C   14    Vxx=    0.0196    axis=(  0.425465  0.257756  0.867492)
     C   14    Vyy=    0.3180    axis=(  0.761070  0.416737 -0.497094)
     C   14    Vzz=   -0.3376    axis=( -0.489645  0.871718 -0.018863)
     C   14  Q=         1.0000 1e-30 m^2  Cq=        -0.7931 MHz  eta= 0.88394

     H   15    Vxx=   -0.0202    axis=(  0.551424 -0.599117 -0.580508)
     H   15    Vyy=   -0.6042    axis=(  0.238409  0.780020 -0.578559)
     H   15    Vzz=    0.6243    axis=( -0.799433 -0.180633 -0.572957)
     H   15  Q=         1.0000 1e-30 m^2  Cq=         1.4669 MHz  eta= 0.93544

     C   16    Vxx=    0.0442    axis=( -0.408549  0.381855  0.829020)
     C   16    Vyy=    0.7065    axis=( -0.465261 -0.868544  0.170775)
     C   16    Vzz=   -0.7507    axis=(  0.785251 -0.315941  0.532505)
     C   16  Q=         1.0000 1e-30 m^2  Cq=        -1.7639 MHz  eta= 0.88217

     C   17    Vxx=   -0.1085    axis=( -0.429397  0.700974 -0.569433)
     C   17    Vyy=   -0.5336    axis=( -0.271382  0.501229  0.821658)
     C   17    Vzz=    0.6421    axis=( -0.861377 -0.507351  0.024995)
     C   17  Q=         1.0000 1e-30 m^2  Cq=         1.5087 MHz  eta= 0.66209

     Cl  18    Vxx=    1.0593    axis=(  0.804043  0.468003 -0.366726)
     Cl  18    Vyy=    1.6395    axis=(  0.536471 -0.836967  0.108097)
     Cl  18    Vzz=   -2.6988    axis=(  0.256348  0.283653  0.924027)
     Cl  18  Q=        -8.1650 1e-30 m^2  Cq=        51.7756 MHz  eta= 0.21499

     H   19    Vxx=   -0.0782    axis=(  0.969815 -0.107161 -0.219031)
     H   19    Vyy=   -0.4735    axis=(  0.231805  0.126451  0.964509)
     H   19    Vzz=    0.5516    axis=( -0.075661 -0.986168  0.147474)
     H   19  Q=         1.0000 1e-30 m^2  Cq=         1.2961 MHz  eta= 0.71663

     C   20    Vxx=   -0.1599    axis=(  0.790404 -0.566212 -0.233806)
     C   20    Vyy=   -0.5786    axis=(  0.470612  0.805583 -0.359945)
     C   20    Vzz=    0.7385    axis=(  0.392155  0.174470  0.903202)
     C   20  Q=         1.0000 1e-30 m^2  Cq=         1.7352 MHz  eta= 0.56697

     H   21    Vxx=    0.0112    axis=(  0.305061  0.829388 -0.468031)
     H   21    Vyy=    0.6926    axis=(  0.931235 -0.156916  0.328907)
     H   21    Vzz=   -0.7037    axis=( -0.199349  0.536184  0.820224)
     H   21  Q=         1.0000 1e-30 m^2  Cq=        -1.6535 MHz  eta= 0.96819

     C   22    Vxx=   -0.0050    axis=(  0.317103  0.942884 -0.102053)
     C   22    Vyy=   -0.5090    axis=( -0.940257  0.298495 -0.163760)
     C   22    Vzz=    0.5140    axis=( -0.123945  0.147885  0.981207)
     C   22  Q=         1.0000 1e-30 m^2  Cq=         1.2077 MHz  eta= 0.98059

     C   23    Vxx=    0.0982    axis=(  0.927268  0.357963  0.109712)
     C   23    Vyy=    0.4767    axis=(  0.171374 -0.145271 -0.974437)
     C   23    Vzz=   -0.5750    axis=( -0.332875  0.922366 -0.196051)
     C   23  Q=         1.0000 1e-30 m^2  Cq=        -1.3509 MHz  eta= 0.65830

     Cl  24    Vxx=    0.2524    axis=(  0.770644  0.625484  0.121977)
     Cl  24    Vyy=    2.4575    axis=(  0.176036 -0.024985 -0.984067)
     Cl  24    Vzz=   -2.7099    axis=( -0.612470  0.779837 -0.129362)
     Cl  24  Q=        -8.1650 1e-30 m^2  Cq=        51.9872 MHz  eta= 0.81372

     Initialization:
     gipaw_setup  :      9.03s CPU     10.99s WALL (       1 calls)

     Linear response

     Apply operators

     Induced current

     Other routines
     efg          :      9.21s CPU     11.13s WALL (       1 calls)

     General routines
     calbec       :      3.16s CPU      3.87s WALL (      16 calls)
     fft          :      1.74s CPU      2.81s WALL (      15 calls)
     ffts         :      0.04s CPU      0.04s WALL (       2 calls)
     fftw         :      3.28s CPU      3.81s WALL (     672 calls)
     davcio       :      0.03s CPU      0.33s WALL (      32 calls)

     Parallel routines
     fft_scatter  :      2.32s CPU      3.67s WALL (     689 calls)

     Plugins

     GIPAW        :     60.67s CPU     72.23s WALL (       1 calls)
