
     Program QE v.6.0 (svn rev. 13079) starts on 16Dec2016 at  4:24:24 

     This program is part of the open-source Quantum ESPRESSO suite
     for quantum simulation of materials; please cite
         "P. Giannozzi et al., J. Phys.:Condens. Matter 21 395502 (2009);
          URL http://www.quantum-espresso.org", 
     in publications or presentations arising from this work. More details at
     http://www.quantum-espresso.org/quote

     Parallel version (MPI), running on     8 processors
     R & G space division:  proc/nbgrp/npool/nimage =       8

     ***** This is GIPAW svn revision unknown      *****

     Parallelizing q-star over 1 images

     Reading data from directory:
     /users/majewski/paradichlorobenzene/pbe/9_constraint/scratch/pbe.ecut100.np8.dt60.pcl2phi-129368.save
     Message from routine read_xml_file:
     file /users/majewski/paradichlorobenzene/pbe/9_constraint/scratch/pbe.ecut100.np8.dt60.pcl2phi-129368.save not guaranteed to be safe for post-processing

   Info: using nr1, nr2, nr3 values from input

   Info: using nr1, nr2, nr3 values from input

     IMPORTANT: XC functional enforced from input :
     Exchange-correlation      =  SLA  PW   PBX  PBC ( 1  4  3  4 0 0)
     Any further DFT definition will be discarded
     Please, verify this is what you really want

               file C.pbe-n-kjpaw_psl.1.0.0.UPF: wavefunction(s)  2S 2P renormalized
               file Cl.pbe-n-kjpaw_psl.1.0.0.UPF: wavefunction(s)  3S 3P renormalized
               file H.pbe-kjpaw_psl.1.0.0.UPF: wavefunction(s)  1S renormalized

     Parallelization info
     --------------------
     sticks:   dense  smooth     PW     G-vecs:    dense   smooth      PW
     Min        3057    1223    332               144436    36536    5170
     Max        3059    1225    333               144437    36537    5171
     Sum       24467    9791   2657              1155489   292295   41363


     Subspace diagonalization in iterative solution of the eigenvalue problem:
     a serial algorithm will be used

     GIPAW projectors -----------------------------------------------
     atom=  C    l=0  rc=    1.2000  rs=    0.8000
     atom=  C    l=0  rc=    1.2000  rs=    0.8000
     atom=  C    l=1  rc=    1.4000  rs=    0.9333
     atom=  C    l=1  rc=    1.4000  rs=    0.9333
     projs nearly linearly dependent: l=1  n1,n2= 1, 2  s=  0.99951561

     atom=  Cl   l=0  rc=    1.6000  rs=    1.0667
     atom=  Cl   l=0  rc=    1.6000  rs=    1.0667
     atom=  Cl   l=1  rc=    1.6000  rs=    1.0667
     atom=  Cl   l=1  rc=    1.6000  rs=    1.0667
     atom=  Cl   l=2  rc=    1.6000  rs=    1.0667
     atom=  Cl   l=2  rc=    1.6000  rs=    1.0667
     projs nearly linearly dependent: l=2  n1,n2= 1, 2  s=  0.99993509

     atom=  H    l=0  rc=    1.0000  rs=    0.6667
     atom=  H    l=0  rc=    1.0000  rs=    0.6667
     projs nearly linearly dependent: l=0  n1,n2= 1, 2  s=  0.99968852
     -----------------------------------------------------------------

     GIPAW integrals: -------------------------------------------
     Atom  i/j   nmr_para   nmr_dia   epr_rmc  epr_para   epr_dia
       C   1 1   0.83E+03  0.17E-01  0.93E+01  0.24E+08  0.24E+03
       C   2 1   0.86E+03 -0.61E-01  0.94E+01  0.25E+08  0.25E+03
       C   2 2   0.90E+03 -0.15E+00  0.97E+01  0.26E+08  0.26E+03
       C   3 3   0.33E+01  0.34E+00  0.18E+01  0.55E+03  0.21E+02
       C   4 3   0.35E+01  0.37E+00  0.20E+01  0.59E+03  0.22E+02
       C   4 4   0.38E+01  0.39E+00  0.22E+01  0.63E+03  0.24E+02
       Cl  1 1   0.14E+04 -0.47E+00  0.84E+01  0.32E+09  0.42E+03
       Cl  2 1   0.21E+04 -0.37E+00  0.12E+02  0.49E+09  0.65E+03
       Cl  2 2   0.33E+04 -0.16E+00  0.21E+02  0.76E+09  0.10E+04
       Cl  3 3   0.21E+02  0.79E-01  0.89E+01  0.23E+05  0.13E+03
       Cl  4 3   0.24E+02  0.67E-01  0.99E+01  0.27E+05  0.15E+03
       Cl  4 4   0.28E+02  0.44E-01  0.11E+02  0.32E+05  0.18E+03
       Cl  5 5   0.77E+00  0.19E+00  0.18E+01  0.12E+03  0.22E+02
       Cl  6 5   0.80E+00  0.19E+00  0.19E+01  0.12E+03  0.23E+02
       Cl  6 6   0.83E+00  0.20E+00  0.19E+01  0.12E+03  0.23E+02
       H   1 1   0.39E+02  0.19E+00  0.29E+00  0.78E+05  0.13E+02
       H   2 1   0.41E+02  0.21E+00  0.32E+00  0.82E+05  0.14E+02
       H   2 2   0.43E+02  0.22E+00  0.36E+00  0.86E+05  0.15E+02
     ------------------------------------------------------------

     alpha_pv=     34.7467 eV

     Number of occupied bands for each k-point:
     k-point:     1    nbnd_occ=  42
     k-point:     2    nbnd_occ=  42
     k-point:     3    nbnd_occ=  42
     k-point:     4    nbnd_occ=  42
     k-point:     5    nbnd_occ=  42
     k-point:     6    nbnd_occ=  42
     k-point:     7    nbnd_occ=  42
     k-point:     8    nbnd_occ=  42
     k-point:     9    nbnd_occ=  42
     k-point:    10    nbnd_occ=  42
     k-point:    11    nbnd_occ=  42
     k-point:    12    nbnd_occ=  42
     k-point:    13    nbnd_occ=  42
     k-point:    14    nbnd_occ=  42
     k-point:    15    nbnd_occ=  42
     k-point:    16    nbnd_occ=  42


     q-space interpolation up to   110.00 Rydberg

     GIPAW job: efg                                                                             


     ELECTRIC FIELD GRADIENTS TENSORS IN Hartree/bohrradius^2:

     ----- bare term -----
     Cl   1        0.353864        0.032957       -0.169850
     Cl   1        0.032957        0.348986       -0.311091
     Cl   1       -0.169850       -0.311091       -0.702849

     C    2       -0.747081        0.239788       -0.253821
     C    2        0.239788        0.239993       -0.070140
     C    2       -0.253821       -0.070140        0.507088

     C    3        0.103363       -0.074186       -0.148951
     C    3       -0.074186       -0.483113       -0.400564
     C    3       -0.148951       -0.400564        0.379750

     H    4       -0.594998       -0.138407        0.102997
     H    4       -0.138407        0.431475       -0.225351
     H    4        0.102997       -0.225351        0.163523

     C    5       -0.377953        0.336419       -0.409218
     C    5        0.336419       -0.084270       -0.084320
     C    5       -0.409218       -0.084320        0.462223

     H    6       -0.035535       -0.278103        0.043051
     H    6       -0.278103       -0.344660       -0.391960
     H    6        0.043051       -0.391960        0.380196

     H    7        0.329597       -0.052914        0.006885
     H    7       -0.052914       -0.476004        0.504578
     H    7        0.006885        0.504578        0.146406

     C    8       -0.378407       -0.147468       -0.357015
     C    8       -0.147468       -0.060381        0.463285
     C    8       -0.357015        0.463285        0.438788

     H    9       -0.207494        0.150631       -0.510747
     H    9        0.150631        0.346872        0.034018
     H    9       -0.510747        0.034018       -0.139378

     C   10       -0.151877       -0.353261       -0.178118
     C   10       -0.353261       -0.307199        0.507536
     C   10       -0.178118        0.507536        0.459075

     C   11       -0.406791        0.097602       -0.256212
     C   11        0.097602       -0.052901        0.504450
     C   11       -0.256212        0.504450        0.459692

     Cl  12        0.044564       -0.297516       -0.042362
     Cl  12       -0.297516       -0.056341        0.023990
     Cl  12       -0.042362        0.023990        0.011777

     H   13        0.183636       -0.489055        0.025128
     H   13       -0.489055       -0.572992       -0.157586
     H   13        0.025128       -0.157586        0.389356

     C   14       -0.022228        0.469458       -0.109217
     C   14        0.469458       -0.217643       -0.420554
     C   14       -0.109217       -0.420554        0.239871

     H   15       -0.418915       -0.358235        0.227628
     H   15       -0.358235        0.243048        0.073131
     H   15        0.227628        0.073131        0.175867

     C   16       -0.222981        0.230892       -0.190824
     C   16        0.230892       -0.193463       -0.422462
     C   16       -0.190824       -0.422462        0.416444

     C   17       -0.170134       -0.233455       -0.337484
     C   17       -0.233455       -0.064049       -0.675894
     C   17       -0.337484       -0.675894        0.234183

     Cl  18       -0.115930        0.206481        0.163218
     Cl  18        0.206481       -0.120777       -0.063930
     Cl  18        0.163218       -0.063930        0.236707

     H   19        0.527443        0.004607       -0.062881
     H   19        0.004607        0.060809        0.237443
     H   19       -0.062881        0.237443       -0.588252

     C   20       -0.226269       -0.288431        0.038578
     C   20       -0.288431        0.089172        0.167113
     C   20        0.038578        0.167113        0.137097

     H   21        0.049638       -0.067993       -0.497646
     H   21       -0.067993        0.151860       -0.250560
     H   21       -0.497646       -0.250560       -0.201498

     C   22        0.144457       -0.088396       -0.063173
     C   22       -0.088396       -0.067692        0.173954
     C   22       -0.063173        0.173954       -0.076766

     C   23       -0.208866       -0.238502       -0.322865
     C   23       -0.238502       -0.035145        0.249333
     C   23       -0.322865        0.249333        0.244011

     Cl  24       -0.024861       -0.066566       -0.029701
     Cl  24       -0.066566       -0.015866        0.000031
     Cl  24       -0.029701        0.000031        0.040727

     ----- ionic term -----
     Cl   1        0.095621       -0.186447       -0.077624
     Cl   1       -0.186447        0.006984        0.059417
     Cl   1       -0.077624        0.059417       -0.102605

     C    2        0.327046       -0.015490        0.072992
     C    2       -0.015490        0.096713        0.416885
     C    2        0.072992        0.416885       -0.423759

     C    3        0.131481       -0.094431        0.118028
     C    3       -0.094431        0.222661        0.423376
     C    3        0.118028        0.423376       -0.354142

     H    4        0.663526        0.395107        0.585327
     H    4        0.395107       -0.377717        0.259949
     H    4        0.585327        0.259949       -0.285809

     C    5        0.313377       -0.108521        0.126373
     C    5       -0.108521        0.120921        0.319773
     C    5        0.126373        0.319773       -0.434297

     H    6       -0.520604        0.205742        0.109386
     H    6        0.205742        0.720362        0.687903
     H    6        0.109386        0.687903       -0.199757

     H    7       -0.518858        0.016693        0.008945
     H    7        0.016693        0.500333       -0.762066
     H    7        0.008945       -0.762066        0.018525

     C    8        0.177503        0.292005        0.330463
     C    8        0.292005       -0.010352       -0.268322
     C    8        0.330463       -0.268322       -0.167151

     H    9        0.420462       -0.130829        0.778173
     H    9       -0.130829       -0.498356       -0.180274
     H    9        0.778173       -0.180274        0.077894

     C   10        0.063487        0.302926        0.231790
     C   10        0.302926        0.077177       -0.361023
     C   10        0.231790       -0.361023       -0.140665

     C   11        0.092111        0.265807        0.346119
     C   11        0.265807        0.058122       -0.304447
     C   11        0.346119       -0.304447       -0.150233

     Cl  12        0.073097        0.204738        0.057003
     Cl  12        0.204738        0.076589        0.036444
     Cl  12        0.057003        0.036444       -0.149686

     H   13       -0.487625        0.214192        0.062483
     H   13        0.214192        0.736566        0.634171
     H   13        0.062483        0.634171       -0.248941

     C   14        0.388697       -0.104362        0.064502
     C   14       -0.104362        0.109398        0.318649
     C   14        0.064502        0.318649       -0.498096

     H   15        0.945879        0.381226        0.236167
     H   15        0.381226       -0.377857        0.123028
     H   15        0.236167        0.123028       -0.568021

     C   16        0.209345       -0.141599        0.021445
     C   16       -0.141599        0.287815        0.377649
     C   16        0.021445        0.377649       -0.497160

     C   17        0.266221       -0.098555        0.177114
     C   17       -0.098555        0.240199        0.349346
     C   17        0.177114        0.349346       -0.506420

     Cl  18        0.103653       -0.214603       -0.014630
     Cl  18       -0.214603        0.063046        0.017811
     Cl  18       -0.014630        0.017811       -0.166698

     H   19       -0.544109       -0.070457        0.060669
     H   19       -0.070457        0.649039       -0.727830
     H   19        0.060669       -0.727830       -0.104930

     C   20        0.200182        0.306543        0.281521
     C   20        0.306543        0.087125       -0.269333
     C   20        0.281521       -0.269333       -0.287308

     H   21        0.721425       -0.246687        0.634325
     H   21       -0.246687       -0.450220       -0.199618
     H   21        0.634325       -0.199618       -0.271205

     C   22        0.114922        0.309607        0.182604
     C   22        0.309607        0.181867       -0.392460
     C   22        0.182604       -0.392460       -0.296788

     C   23        0.085273        0.289760        0.312660
     C   23        0.289760        0.076355       -0.412550
     C   23        0.312660       -0.412550       -0.161628

     Cl  24        0.118225        0.239031       -0.010060
     Cl  24        0.239031        0.033898       -0.019520
     Cl  24       -0.010060       -0.019520       -0.152124

     ----- GIPAW term -----
     Cl   1        0.342850       -0.432888       -0.193866
     Cl   1       -0.432888        0.184478        0.011920
     Cl   1       -0.193866        0.011920       -0.527328

     C    2       -0.135248        0.030918        0.077768
     C    2        0.030918        0.014622        0.161464
     C    2        0.077768        0.161464        0.120625

     C    3       -0.061880       -0.081369       -0.076117
     C    3       -0.081369       -0.052757        0.123957
     C    3       -0.076117        0.123957        0.114638

     H    4       -0.000000        0.000000        0.000000
     H    4        0.000000        0.000000        0.000000
     H    4        0.000000        0.000000        0.000000

     C    5        0.060302       -0.077454       -0.178307
     C    5       -0.077454       -0.063112        0.088835
     C    5       -0.178307        0.088835        0.002810

     H    6       -0.000000        0.000000        0.000000
     H    6        0.000000        0.000000        0.000000
     H    6        0.000000        0.000000        0.000000

     H    7       -0.000000        0.000000        0.000000
     H    7        0.000000        0.000000        0.000000
     H    7        0.000000        0.000000        0.000000

     C    8       -0.078440       -0.015853       -0.051578
     C    8       -0.015853       -0.010491        0.152430
     C    8       -0.051578        0.152430        0.088931

     H    9       -0.000000        0.000000        0.000000
     H    9        0.000000        0.000000        0.000000
     H    9        0.000000        0.000000        0.000000

     C   10       -0.036902       -0.055118       -0.021829
     C   10       -0.055118       -0.052322        0.074711
     C   10       -0.021829        0.074711        0.089223

     C   11       -0.129042        0.100812       -0.023477
     C   11        0.100812       -0.091481        0.162148
     C   11       -0.023477        0.162148        0.220523

     Cl  12        2.278533        0.077055       -0.384029
     Cl  12        0.077055       -0.299657        0.217663
     Cl  12       -0.384029        0.217663       -1.978876

     H   13       -0.000000        0.000000        0.000000
     H   13        0.000000        0.000000        0.000000
     H   13        0.000000        0.000000        0.000000

     C   14        0.056552        0.247251       -0.027065
     C   14        0.247251        0.045949       -0.115864
     C   14       -0.027065       -0.115864       -0.102502

     H   15       -0.000000        0.000000        0.000000
     H   15        0.000000        0.000000        0.000000
     H   15        0.000000        0.000000        0.000000

     C   16       -0.102117        0.077503       -0.125677
     C   16        0.077503       -0.035971       -0.172495
     C   16       -0.125677       -0.172495        0.138088

     C   17        0.005269       -0.214931       -0.002397
     C   17       -0.214931        0.010769       -0.193713
     C   17       -0.002397       -0.193713       -0.016038

     Cl  18        1.035388       -1.484218        1.537087
     Cl  18       -1.484218       -1.003958       -0.529800
     Cl  18        1.537087       -0.529800       -0.031430

     H   19       -0.000000        0.000000        0.000000
     H   19        0.000000        0.000000        0.000000
     H   19        0.000000        0.000000        0.000000

     C   20       -0.064677       -0.003712        0.034721
     C   20       -0.003712        0.012869        0.094519
     C   20        0.034721        0.094519        0.051808

     H   21       -0.000000        0.000000        0.000000
     H   21        0.000000        0.000000        0.000000
     H   21        0.000000        0.000000        0.000000

     C   22       -0.020255       -0.005347       -0.013755
     C   22       -0.005347        0.020871        0.048936
     C   22       -0.013755        0.048936       -0.000616

     C   23       -0.057843       -0.031590       -0.082045
     C   23       -0.031590        0.037444        0.136033
     C   23       -0.082045        0.136033        0.020398

     Cl  24        0.454180       -0.543149       -0.990856
     Cl  24       -0.543149        1.254883        1.401078
     Cl  24       -0.990856        1.401078       -1.709064

     ----- total EFG -----
     Cl   1        0.792334       -0.586378       -0.441340
     Cl   1       -0.586378        0.540448       -0.239754
     Cl   1       -0.441340       -0.239754       -1.332782

     C    2       -0.555283        0.255216       -0.103060
     C    2        0.255216        0.351328        0.508209
     C    2       -0.103060        0.508209        0.203955

     C    3        0.172963       -0.249986       -0.107040
     C    3       -0.249986       -0.313209        0.146769
     C    3       -0.107040        0.146769        0.140245

     H    4        0.068528        0.256700        0.688324
     H    4        0.256700        0.053758        0.034598
     H    4        0.688324        0.034598       -0.122286

     C    5       -0.004275        0.150444       -0.461152
     C    5        0.150444       -0.026461        0.324287
     C    5       -0.461152        0.324287        0.030736

     H    6       -0.556140       -0.072361        0.152437
     H    6       -0.072361        0.375701        0.295942
     H    6        0.152437        0.295942        0.180438

     H    7       -0.189261       -0.036221        0.015830
     H    7       -0.036221        0.024330       -0.257488
     H    7        0.015830       -0.257488        0.164931

     C    8       -0.279344        0.128684       -0.078129
     C    8        0.128684       -0.081223        0.347393
     C    8       -0.078129        0.347393        0.360568

     H    9        0.212968        0.019802        0.267426
     H    9        0.019802       -0.151484       -0.146255
     H    9        0.267426       -0.146255       -0.061484

     C   10       -0.125291       -0.105454        0.031843
     C   10       -0.105454       -0.282343        0.221224
     C   10        0.031843        0.221224        0.407634

     C   11       -0.443722        0.464221        0.066430
     C   11        0.464221       -0.086260        0.362151
     C   11        0.066430        0.362151        0.529982

     Cl  12        2.396194       -0.015724       -0.369388
     Cl  12       -0.015724       -0.279410        0.278097
     Cl  12       -0.369388        0.278097       -2.116785

     H   13       -0.303989       -0.274863        0.087611
     H   13       -0.274863        0.163574        0.476585
     H   13        0.087611        0.476585        0.140414

     C   14        0.423022        0.612347       -0.071780
     C   14        0.612347       -0.062296       -0.217769
     C   14       -0.071780       -0.217769       -0.360726

     H   15        0.526964        0.022991        0.463795
     H   15        0.022991       -0.134809        0.196159
     H   15        0.463795        0.196159       -0.392154

     C   16       -0.115754        0.166795       -0.295056
     C   16        0.166795        0.058381       -0.217309
     C   16       -0.295056       -0.217309        0.057373

     C   17        0.101356       -0.546941       -0.162768
     C   17       -0.546941        0.186920       -0.520261
     C   17       -0.162768       -0.520261       -0.288276

     Cl  18        1.023111       -1.492340        1.685675
     Cl  18       -1.492340       -1.061689       -0.575920
     Cl  18        1.685675       -0.575920        0.038578

     H   19       -0.016666       -0.065850       -0.002213
     H   19       -0.065850        0.709848       -0.490388
     H   19       -0.002213       -0.490388       -0.693182

     C   20       -0.090764        0.014400        0.354820
     C   20        0.014400        0.189166       -0.007701
     C   20        0.354820       -0.007701       -0.098402

     H   21        0.771063       -0.314680        0.136679
     H   21       -0.314680       -0.298360       -0.450178
     H   21        0.136679       -0.450178       -0.472702

     C   22        0.239124        0.215864        0.105676
     C   22        0.215864        0.135046       -0.169570
     C   22        0.105676       -0.169570       -0.374169

     C   23       -0.181435        0.019667       -0.092250
     C   23        0.019667        0.078655       -0.027185
     C   23       -0.092250       -0.027185        0.102781

     Cl  24        0.547545       -0.370684       -1.030616
     Cl  24       -0.370684        1.272916        1.381589
     Cl  24       -1.030616        1.381589       -1.820461

     ----- total EFG (symmetrized) -----
     Cl   1        0.792334       -0.586378       -0.441340
     Cl   1       -0.586378        0.540448       -0.239754
     Cl   1       -0.441340       -0.239754       -1.332782

     C    2       -0.555283        0.255216       -0.103060
     C    2        0.255216        0.351328        0.508209
     C    2       -0.103060        0.508209        0.203955

     C    3        0.172963       -0.249986       -0.107040
     C    3       -0.249986       -0.313209        0.146769
     C    3       -0.107040        0.146769        0.140245

     H    4        0.068528        0.256700        0.688324
     H    4        0.256700        0.053758        0.034598
     H    4        0.688324        0.034598       -0.122286

     C    5       -0.004275        0.150444       -0.461152
     C    5        0.150444       -0.026461        0.324287
     C    5       -0.461152        0.324287        0.030736

     H    6       -0.556140       -0.072361        0.152437
     H    6       -0.072361        0.375701        0.295942
     H    6        0.152437        0.295942        0.180438

     H    7       -0.189261       -0.036221        0.015830
     H    7       -0.036221        0.024330       -0.257488
     H    7        0.015830       -0.257488        0.164931

     C    8       -0.279344        0.128684       -0.078129
     C    8        0.128684       -0.081223        0.347393
     C    8       -0.078129        0.347393        0.360568

     H    9        0.212968        0.019802        0.267426
     H    9        0.019802       -0.151484       -0.146255
     H    9        0.267426       -0.146255       -0.061484

     C   10       -0.125291       -0.105454        0.031843
     C   10       -0.105454       -0.282343        0.221224
     C   10        0.031843        0.221224        0.407634

     C   11       -0.443722        0.464221        0.066430
     C   11        0.464221       -0.086260        0.362151
     C   11        0.066430        0.362151        0.529982

     Cl  12        2.396194       -0.015724       -0.369388
     Cl  12       -0.015724       -0.279410        0.278097
     Cl  12       -0.369388        0.278097       -2.116785

     H   13       -0.303989       -0.274863        0.087611
     H   13       -0.274863        0.163574        0.476585
     H   13        0.087611        0.476585        0.140414

     C   14        0.423022        0.612347       -0.071780
     C   14        0.612347       -0.062296       -0.217769
     C   14       -0.071780       -0.217769       -0.360726

     H   15        0.526964        0.022991        0.463795
     H   15        0.022991       -0.134809        0.196159
     H   15        0.463795        0.196159       -0.392154

     C   16       -0.115754        0.166795       -0.295056
     C   16        0.166795        0.058381       -0.217309
     C   16       -0.295056       -0.217309        0.057373

     C   17        0.101356       -0.546941       -0.162768
     C   17       -0.546941        0.186920       -0.520261
     C   17       -0.162768       -0.520261       -0.288276

     Cl  18        1.023111       -1.492340        1.685675
     Cl  18       -1.492340       -1.061689       -0.575920
     Cl  18        1.685675       -0.575920        0.038578

     H   19       -0.016666       -0.065850       -0.002213
     H   19       -0.065850        0.709848       -0.490388
     H   19       -0.002213       -0.490388       -0.693182

     C   20       -0.090764        0.014400        0.354820
     C   20        0.014400        0.189166       -0.007701
     C   20        0.354820       -0.007701       -0.098402

     H   21        0.771063       -0.314680        0.136679
     H   21       -0.314680       -0.298360       -0.450178
     H   21        0.136679       -0.450178       -0.472702

     C   22        0.239124        0.215864        0.105676
     C   22        0.215864        0.135046       -0.169570
     C   22        0.105676       -0.169570       -0.374169

     C   23       -0.181435        0.019667       -0.092250
     C   23        0.019667        0.078655       -0.027185
     C   23       -0.092250       -0.027185        0.102781

     Cl  24        0.547545       -0.370684       -1.030616
     Cl  24       -0.370684        1.272916        1.381589
     Cl  24       -1.030616        1.381589       -1.820461


     NQR/NMR SPECTROSCOPIC PARAMETERS:
     Cl   1    Vxx=    0.2036    axis=(  0.562118  0.777219 -0.282763)
     Cl   1    Vyy=    1.2814    axis=(  0.793947 -0.602866 -0.078749)
     Cl   1    Vzz=   -1.4849    axis=(  0.231673  0.180233  0.955952)
     Cl   1  Q=        -8.1650 1e-30 m^2  Cq=        28.4879 MHz  eta= 0.72581

     C    2    Vxx=   -0.1071    axis=( -0.464476 -0.528894  0.710305)
     C    2    Vyy=   -0.6962    axis=( -0.880363  0.362738 -0.305584)
     C    2    Vzz=    0.8033    axis=( -0.096033 -0.767263 -0.634102)
     C    2  Q=         1.0000 1e-30 m^2  Cq=         1.8874 MHz  eta= 0.73343

     C    3    Vxx=    0.0519    axis=( -0.577619  0.068507 -0.813426)
     C    3    Vyy=    0.3831    axis=( -0.737952  0.382173  0.556211)
     C    3    Vzz=   -0.4350    axis=( -0.348974 -0.921548  0.170196)
     C    3  Q=         1.0000 1e-30 m^2  Cq=        -1.0220 MHz  eta= 0.76148

     H    4    Vxx=    0.0104    axis=(  0.112256 -0.934110  0.338876)
     H    4    Vyy=    0.7378    axis=( -0.736999 -0.307013 -0.602143)
     H    4    Vzz=   -0.7482    axis=(  0.666507 -0.182157 -0.722902)
     H    4  Q=         1.0000 1e-30 m^2  Cq=        -1.7580 MHz  eta= 0.97231

     C    5    Vxx=    0.1213    axis=( -0.555762 -0.823043 -0.117175)
     C    5    Vyy=    0.5140    axis=( -0.587978  0.289504  0.755295)
     C    5    Vzz=   -0.6353    axis=(  0.587717 -0.488660  0.644826)
     C    5  Q=         1.0000 1e-30 m^2  Cq=        -1.4928 MHz  eta= 0.61816

     H    6    Vxx=    0.0145    axis=( -0.278421  0.574764 -0.769499)
     H    6    Vyy=    0.5906    axis=(  0.027819  0.805668  0.591714)
     H    6    Vzz=   -0.6051    axis=( -0.960056 -0.143339  0.240304)
     H    6  Q=         1.0000 1e-30 m^2  Cq=        -1.4217 MHz  eta= 0.95193

     H    7    Vxx=   -0.1605    axis=( -0.524653  0.654972  0.543830)
     H    7    Vyy=   -0.2033    axis=( -0.849022 -0.449431 -0.277802)
     H    7    Vzz=    0.3637    axis=(  0.062461 -0.607474  0.791880)
     H    7  Q=         1.0000 1e-30 m^2  Cq=         0.8546 MHz  eta= 0.11769

     C    8    Vxx=   -0.1253    axis=( -0.698336 -0.630608  0.338616)
     C    8    Vyy=   -0.4261    axis=( -0.715723  0.609829 -0.340365)
     C    8    Vzz=    0.5514    axis=( -0.008139  0.480044  0.877206)
     C    8  Q=         1.0000 1e-30 m^2  Cq=         1.2956 MHz  eta= 0.54568

     H    9    Vxx=   -0.0533    axis=(  0.412716  0.781024 -0.468687)
     H    9    Vyy=   -0.3300    axis=( -0.366791  0.613497  0.699347)
     H    9    Vzz=    0.3833    axis=(  0.833745 -0.116721  0.539672)
     H    9  Q=         1.0000 1e-30 m^2  Cq=         0.9006 MHz  eta= 0.72213

     C   10    Vxx=   -0.0799    axis=(  0.924561 -0.366072  0.105722)
     C   10    Vyy=   -0.3926    axis=(  0.381030  0.887130 -0.260416)
     C   10    Vzz=    0.4725    axis=(  0.001542  0.281054  0.959691)
     C   10  Q=         1.0000 1e-30 m^2  Cq=         1.1101 MHz  eta= 0.66180

     C   11    Vxx=    0.0219    axis=(  0.560603  0.637902 -0.528021)
     C   11    Vyy=    0.7593    axis=(  0.235028  0.488851  0.840111)
     C   11    Vzz=   -0.7812    axis=( -0.794032  0.595068 -0.124127)
     C   11  Q=         1.0000 1e-30 m^2  Cq=        -1.8356 MHz  eta= 0.94384

     Cl  12    Vxx=   -0.2400    axis=(  0.025739  0.989593  0.141572)
     Cl  12    Vyy=   -2.1867    axis=( -0.079024  0.143190 -0.986535)
     Cl  12    Vzz=    2.4268    axis=( -0.996540  0.014205  0.081888)
     Cl  12  Q=        -8.1650 1e-30 m^2  Cq=       -46.5564 MHz  eta= 0.80218

     H   13    Vxx=   -0.0728    axis=( -0.696921  0.395650 -0.598132)
     H   13    Vyy=   -0.5767    axis=( -0.701085 -0.551413  0.452132)
     H   13    Vzz=    0.6494    axis=( -0.150932  0.734442  0.661676)
     H   13  Q=         1.0000 1e-30 m^2  Cq=         1.5259 MHz  eta= 0.77594

     C   14    Vxx=   -0.2876    axis=(  0.436161 -0.412395  0.799809)
     C   14    Vyy=   -0.5787    axis=(  0.393508 -0.711911 -0.581665)
     C   14    Vzz=    0.8663    axis=( -0.809268 -0.568431  0.148227)
     C   14  Q=         1.0000 1e-30 m^2  Cq=         2.0354 MHz  eta= 0.33605

     H   15    Vxx=   -0.0869    axis=(  0.228674 -0.939209 -0.256115)
     H   15    Vyy=   -0.6445    axis=(  0.342764  0.323918 -0.881811)
     H   15    Vzz=    0.7314    axis=(  0.911165  0.113861  0.395999)
     H   15  Q=         1.0000 1e-30 m^2  Cq=         1.7185 MHz  eta= 0.76233

     C   16    Vxx=   -0.1268    axis=(  0.325390 -0.828321 -0.456075)
     C   16    Vyy=   -0.3367    axis=(  0.803597 -0.011960  0.595054)
     C   16    Vzz=    0.4635    axis=(  0.498350  0.560126 -0.661745)
     C   16  Q=         1.0000 1e-30 m^2  Cq=         1.0891 MHz  eta= 0.45291

     C   17    Vxx=    0.0675    axis=(  0.695823  0.244142 -0.675445)
     C   17    Vyy=    0.7769    axis=( -0.557693  0.776260 -0.293937)
     C   17    Vzz=   -0.8443    axis=(  0.452559  0.581219  0.676296)
     C   17  Q=         1.0000 1e-30 m^2  Cq=        -1.9838 MHz  eta= 0.84022

     Cl  18    Vxx=   -0.9884    axis=( -0.338232  0.466972  0.817029)
     Cl  18    Vyy=   -1.9048    axis=(  0.545175  0.804901 -0.234349)
     Cl  18    Vzz=    2.8932    axis=( -0.767062  0.366159 -0.526824)
     Cl  18  Q=        -8.1650 1e-30 m^2  Cq=       -55.5049 MHz  eta= 0.31673

     H   19    Vxx=   -0.0205    axis=(  0.997195  0.058888 -0.046206)
     H   19    Vyy=   -0.8482    axis=( -0.026385 -0.301141 -0.953215)
     H   19    Vzz=    0.8686    axis=( -0.070048  0.951760 -0.298742)
     H   19  Q=         1.0000 1e-30 m^2  Cq=         2.0409 MHz  eta= 0.95291

     C   20    Vxx=    0.1892    axis=(  0.030982 -0.997409  0.064927)
     C   20    Vyy=    0.2606    axis=(  0.710318  0.067672  0.700621)
     C   20    Vzz=   -0.4498    axis=( -0.703199  0.024412  0.710574)
     C   20  Q=         1.0000 1e-30 m^2  Cq=        -1.0569 MHz  eta= 0.15866

     H   21    Vxx=   -0.0566    axis=(  0.365391  0.689261 -0.625627)
     H   21    Vyy=   -0.8501    axis=(  0.062928  0.652272  0.755368)
     H   21    Vzz=    0.9066    axis=( -0.928725  0.315375 -0.194960)
     H   21  Q=         1.0000 1e-30 m^2  Cq=         2.1302 MHz  eta= 0.87522

     C   22    Vxx=    0.0564    axis=( -0.582317  0.697481 -0.417645)
     C   22    Vyy=    0.4098    axis=( -0.776446 -0.629397  0.031474)
     C   22    Vzz=   -0.4662    axis=( -0.240912  0.342607  0.908065)
     C   22  Q=         1.0000 1e-30 m^2  Cq=        -1.0953 MHz  eta= 0.75820

     C   23    Vxx=    0.0640    axis=(  0.087181 -0.901415 -0.424088)
     C   23    Vyy=    0.1452    axis=(  0.269160  0.431190 -0.861178)
     C   23    Vzz=   -0.2092    axis=(  0.959141 -0.039070  0.280217)
     C   23  Q=         1.0000 1e-30 m^2  Cq=        -0.4915 MHz  eta= 0.38846

     Cl  24    Vxx=    0.4257    axis=(  0.857676  0.507733 -0.081230)
     Cl  24    Vyy=    2.1514    axis=( -0.440076  0.806541  0.394745)
     Cl  24    Vzz=   -2.5771    axis=(  0.265940 -0.302816  0.915193)
     Cl  24  Q=        -8.1650 1e-30 m^2  Cq=        49.4399 MHz  eta= 0.66962

     Initialization:
     gipaw_setup  :      8.75s CPU     10.71s WALL (       1 calls)

     Linear response

     Apply operators

     Induced current

     Other routines
     efg          :      9.72s CPU     12.20s WALL (       1 calls)

     General routines
     calbec       :      3.43s CPU      4.56s WALL (      16 calls)
     fft          :      1.56s CPU      2.39s WALL (      15 calls)
     ffts         :      0.04s CPU      0.05s WALL (       2 calls)
     fftw         :      3.53s CPU      4.27s WALL (     672 calls)
     davcio       :      0.05s CPU      0.32s WALL (      32 calls)

     Parallel routines
     fft_scatter  :      2.25s CPU      3.73s WALL (     689 calls)

     Plugins

     GIPAW        :     60.80s CPU     73.62s WALL (       1 calls)
