
     Program QE v.6.0 (svn rev. 13079) starts on 18Dec2016 at 21:18:44 

     This program is part of the open-source Quantum ESPRESSO suite
     for quantum simulation of materials; please cite
         "P. Giannozzi et al., J. Phys.:Condens. Matter 21 395502 (2009);
          URL http://www.quantum-espresso.org", 
     in publications or presentations arising from this work. More details at
     http://www.quantum-espresso.org/quote

     Parallel version (MPI), running on     8 processors
     R & G space division:  proc/nbgrp/npool/nimage =       8

     ***** This is GIPAW svn revision unknown      *****

     Parallelizing q-star over 1 images

     Reading data from directory:
     /users/majewski/paradichlorobenzene/pbe/9_constraint/scratch/pbe.ecut100.np8.dt60.pcl2phi-129368.save
     Message from routine read_xml_file:
     file /users/majewski/paradichlorobenzene/pbe/9_constraint/scratch/pbe.ecut100.np8.dt60.pcl2phi-129368.save not guaranteed to be safe for post-processing

   Info: using nr1, nr2, nr3 values from input

   Info: using nr1, nr2, nr3 values from input

     IMPORTANT: XC functional enforced from input :
     Exchange-correlation      =  SLA  PW   PBX  PBC ( 1  4  3  4 0 0)
     Any further DFT definition will be discarded
     Please, verify this is what you really want

               file C.pbe-n-kjpaw_psl.1.0.0.UPF: wavefunction(s)  2S 2P renormalized
               file Cl.pbe-n-kjpaw_psl.1.0.0.UPF: wavefunction(s)  3S 3P renormalized
               file H.pbe-kjpaw_psl.1.0.0.UPF: wavefunction(s)  1S renormalized

     Parallelization info
     --------------------
     sticks:   dense  smooth     PW     G-vecs:    dense   smooth      PW
     Min        3057    1223    332               144436    36536    5170
     Max        3059    1225    333               144437    36537    5171
     Sum       24467    9791   2657              1155489   292295   41363


     Subspace diagonalization in iterative solution of the eigenvalue problem:
     a serial algorithm will be used

     GIPAW projectors -----------------------------------------------
     atom=  C    l=0  rc=    1.2000  rs=    0.8000
     atom=  C    l=0  rc=    1.2000  rs=    0.8000
     atom=  C    l=1  rc=    1.4000  rs=    0.9333
     atom=  C    l=1  rc=    1.4000  rs=    0.9333
     projs nearly linearly dependent: l=1  n1,n2= 1, 2  s=  0.99951561

     atom=  Cl   l=0  rc=    1.6000  rs=    1.0667
     atom=  Cl   l=0  rc=    1.6000  rs=    1.0667
     atom=  Cl   l=1  rc=    1.6000  rs=    1.0667
     atom=  Cl   l=1  rc=    1.6000  rs=    1.0667
     atom=  Cl   l=2  rc=    1.6000  rs=    1.0667
     atom=  Cl   l=2  rc=    1.6000  rs=    1.0667
     projs nearly linearly dependent: l=2  n1,n2= 1, 2  s=  0.99993509

     atom=  H    l=0  rc=    1.0000  rs=    0.6667
     atom=  H    l=0  rc=    1.0000  rs=    0.6667
     projs nearly linearly dependent: l=0  n1,n2= 1, 2  s=  0.99968852
     -----------------------------------------------------------------

     GIPAW integrals: -------------------------------------------
     Atom  i/j   nmr_para   nmr_dia   epr_rmc  epr_para   epr_dia
       C   1 1   0.83E+03  0.17E-01  0.93E+01  0.24E+08  0.24E+03
       C   2 1   0.86E+03 -0.61E-01  0.94E+01  0.25E+08  0.25E+03
       C   2 2   0.90E+03 -0.15E+00  0.97E+01  0.26E+08  0.26E+03
       C   3 3   0.33E+01  0.34E+00  0.18E+01  0.55E+03  0.21E+02
       C   4 3   0.35E+01  0.37E+00  0.20E+01  0.59E+03  0.22E+02
       C   4 4   0.38E+01  0.39E+00  0.22E+01  0.63E+03  0.24E+02
       Cl  1 1   0.14E+04 -0.47E+00  0.84E+01  0.32E+09  0.42E+03
       Cl  2 1   0.21E+04 -0.37E+00  0.12E+02  0.49E+09  0.65E+03
       Cl  2 2   0.33E+04 -0.16E+00  0.21E+02  0.76E+09  0.10E+04
       Cl  3 3   0.21E+02  0.79E-01  0.89E+01  0.23E+05  0.13E+03
       Cl  4 3   0.24E+02  0.67E-01  0.99E+01  0.27E+05  0.15E+03
       Cl  4 4   0.28E+02  0.44E-01  0.11E+02  0.32E+05  0.18E+03
       Cl  5 5   0.77E+00  0.19E+00  0.18E+01  0.12E+03  0.22E+02
       Cl  6 5   0.80E+00  0.19E+00  0.19E+01  0.12E+03  0.23E+02
       Cl  6 6   0.83E+00  0.20E+00  0.19E+01  0.12E+03  0.23E+02
       H   1 1   0.39E+02  0.19E+00  0.29E+00  0.78E+05  0.13E+02
       H   2 1   0.41E+02  0.21E+00  0.32E+00  0.82E+05  0.14E+02
       H   2 2   0.43E+02  0.22E+00  0.36E+00  0.86E+05  0.15E+02
     ------------------------------------------------------------

     alpha_pv=     33.7313 eV

     Number of occupied bands for each k-point:
     k-point:     1    nbnd_occ=  42
     k-point:     2    nbnd_occ=  42
     k-point:     3    nbnd_occ=  42
     k-point:     4    nbnd_occ=  42
     k-point:     5    nbnd_occ=  42
     k-point:     6    nbnd_occ=  42
     k-point:     7    nbnd_occ=  42
     k-point:     8    nbnd_occ=  42
     k-point:     9    nbnd_occ=  42
     k-point:    10    nbnd_occ=  42
     k-point:    11    nbnd_occ=  42
     k-point:    12    nbnd_occ=  42
     k-point:    13    nbnd_occ=  42
     k-point:    14    nbnd_occ=  42
     k-point:    15    nbnd_occ=  42
     k-point:    16    nbnd_occ=  42


     q-space interpolation up to   110.00 Rydberg

     GIPAW job: efg                                                                             


     ELECTRIC FIELD GRADIENTS TENSORS IN Hartree/bohrradius^2:

     ----- bare term -----
     Cl   1       -0.069665        0.014947       -0.041647
     Cl   1        0.014947       -0.055220        0.003207
     Cl   1       -0.041647        0.003207        0.124885

     C    2       -0.029350        0.218363       -0.132014
     C    2        0.218363       -0.377880       -0.443851
     C    2       -0.132014       -0.443851        0.407230

     C    3       -0.349573        0.326131       -0.281840
     C    3        0.326131       -0.043216       -0.475638
     C    3       -0.281840       -0.475638        0.392789

     H    4       -0.283451       -0.537018       -0.059384
     H    4       -0.537018       -0.056062        0.120095
     H    4       -0.059384        0.120095        0.339513

     C    5       -0.351769        0.046170       -0.309969
     C    5        0.046170       -0.032728       -0.512949
     C    5       -0.309969       -0.512949        0.384498

     H    6        0.468985       -0.108542       -0.025186
     H    6       -0.108542       -0.693383        0.202998
     H    6       -0.025186        0.202998        0.224398

     H    7        0.378707        0.347084        0.106810
     H    7        0.347084       -0.668784       -0.124010
     H    7        0.106810       -0.124010        0.290077

     C    8       -0.213074       -0.190932       -0.270407
     C    8       -0.190932       -0.059573        0.481891
     C    8       -0.270407        0.481891        0.272647

     H    9       -0.283972        0.524055       -0.040411
     H    9        0.524055       -0.031498       -0.146273
     H    9       -0.040411       -0.146273        0.315470

     C   10       -0.331078       -0.333735       -0.289510
     C   10       -0.333735       -0.093396        0.490966
     C   10       -0.289510        0.490966        0.424474

     C   11       -0.049117       -0.048969       -0.271242
     C   11       -0.048969       -0.353934        0.446596
     C   11       -0.271242        0.446596        0.403051

     Cl  12       -0.055565       -0.165943       -0.095363
     Cl  12       -0.165943        0.083304        0.120801
     Cl  12       -0.095363        0.120801       -0.027740

     H   13        0.377196        0.166104       -0.215016
     H   13        0.166104       -0.612408       -0.000372
     H   13       -0.215016       -0.000372        0.235212

     C   14       -0.453231       -0.108106       -0.276396
     C   14       -0.108106       -0.037848       -0.415510
     C   14       -0.276396       -0.415510        0.491079

     H   15       -0.182699       -0.366237       -0.332650
     H   15       -0.366237       -0.207772       -0.027433
     H   15       -0.332650       -0.027433        0.390471

     C   16       -0.321866        0.365575       -0.037044
     C   16        0.365575       -0.147937       -0.495611
     C   16       -0.037044       -0.495611        0.469803

     C   17       -0.075804       -0.044354       -0.389781
     C   17       -0.044354       -0.193889       -0.537594
     C   17       -0.389781       -0.537594        0.269693

     Cl  18       -0.205558        0.239148        0.035718
     Cl  18        0.239148        0.082207        0.142726
     Cl  18        0.035718        0.142726        0.123351

     H   19        0.513309        0.078620       -0.061559
     H   19        0.078620       -0.640023       -0.042727
     H   19       -0.061559       -0.042727        0.126715

     C   20       -0.614073       -0.188547       -0.398702
     C   20       -0.188547       -0.053321        0.222908
     C   20       -0.398702        0.222908        0.667394

     H   21       -0.518670        0.384705       -0.015304
     H   21        0.384705        0.343188        0.015401
     H   21       -0.015304        0.015401        0.175482

     C   22       -0.124940       -0.193926       -0.203012
     C   22       -0.193926       -0.443288        0.457683
     C   22       -0.203012        0.457683        0.568228

     C   23       -0.404482        0.046757       -0.315418
     C   23        0.046757       -0.074261        0.489099
     C   23       -0.315418        0.489099        0.478743

     Cl  24       -0.024265        0.004454       -0.012165
     Cl  24        0.004454       -0.013195        0.000451
     Cl  24       -0.012165        0.000451        0.037460

     ----- ionic term -----
     Cl   1        0.117131       -0.191477        0.058094
     Cl   1       -0.191477        0.031952       -0.037300
     Cl   1        0.058094       -0.037300       -0.149084

     C    2        0.155449       -0.042352        0.335522
     C    2       -0.042352        0.316380        0.303077
     C    2        0.335522        0.303077       -0.471830

     C    3        0.145752       -0.099847        0.179441
     C    3       -0.099847        0.357312        0.301609
     C    3        0.179441        0.301609       -0.503064

     H    4        0.635785        0.509761        0.508841
     H    4        0.509761       -0.239817        0.257507
     H    4        0.508841        0.257507       -0.395967

     C    5        0.284910       -0.032643        0.233163
     C    5       -0.032643        0.193720        0.249351
     C    5        0.233163        0.249351       -0.478630

     H    6       -0.514692        0.100906        0.019791
     H    6        0.100906        0.962861        0.418642
     H    6        0.019791        0.418642       -0.448169

     H    7       -0.487450       -0.272604        0.067428
     H    7       -0.272604        1.006331       -0.302347
     H    7        0.067428       -0.302347       -0.518881

     C    8        0.303206        0.021335        0.185424
     C    8        0.021335        0.195542       -0.241541
     C    8        0.185424       -0.241541       -0.498748

     H    9        0.661226       -0.539243        0.415954
     H    9       -0.539243       -0.236395       -0.240684
     H    9        0.415954       -0.240684       -0.424832

     C   10        0.127469        0.100146        0.105529
     C   10        0.100146        0.367003       -0.377655
     C   10        0.105529       -0.377655       -0.494472

     C   11        0.214642        0.038053        0.175726
     C   11        0.038053        0.242746       -0.397345
     C   11        0.175726       -0.397345       -0.457387

     Cl  12        0.155239        0.172963       -0.047199
     Cl  12        0.172963       -0.022825       -0.023614
     Cl  12       -0.047199       -0.023614       -0.132415

     H   13       -0.528757        0.011136        0.029777
     H   13        0.011136        0.849995        0.551004
     H   13        0.029777        0.551004       -0.321238

     C   14        0.328745       -0.134835        0.307852
     C   14       -0.134835        0.123002        0.261210
     C   14        0.307852        0.261210       -0.451747

     H   15        0.565108        0.461543        0.580175
     H   15        0.461543       -0.259561        0.306468
     H   15        0.580175        0.306468       -0.305546

     C   16        0.197715       -0.218187        0.196999
     C   16       -0.218187        0.261486        0.322795
     C   16        0.196999        0.322795       -0.459200

     C   17        0.315911       -0.085594        0.253216
     C   17       -0.085594        0.171884        0.347264
     C   17        0.253216        0.347264       -0.487795

     Cl  18        0.225351       -0.205307        0.038560
     Cl  18       -0.205307       -0.051085       -0.011446
     Cl  18        0.038560       -0.011446       -0.174267

     H   19       -0.512817       -0.026677        0.008065
     H   19       -0.026677        0.836898       -0.559392
     H   19        0.008065       -0.559392       -0.324080

     C   20        0.325168        0.140593        0.200146
     C   20        0.140593        0.123962       -0.279000
     C   20        0.200146       -0.279000       -0.449130

     H   21        0.623526       -0.363894        0.635316
     H   21       -0.363894       -0.389705       -0.257002
     H   21        0.635316       -0.257002       -0.233821

     C   22        0.176257        0.155188        0.190607
     C   22        0.155188        0.230070       -0.385474
     C   22        0.190607       -0.385474       -0.406327

     C   23        0.220058        0.027136        0.245148
     C   23        0.027136        0.229975       -0.389373
     C   23        0.245148       -0.389373       -0.450033

     Cl  24        0.139056        0.212013        0.022994
     Cl  24        0.212013        0.023747        0.011366
     Cl  24        0.022994        0.011366       -0.162803

     ----- GIPAW term -----
     Cl   1       -0.603189       -1.653856        0.338357
     Cl   1       -1.653856       -1.323634       -0.796303
     Cl   1        0.338357       -0.796303        1.926823

     C    2        0.044934       -0.038503        0.068230
     C    2       -0.038503       -0.098468        0.017568
     C    2        0.068230        0.017568        0.053534

     C    3       -0.129112        0.122532       -0.132999
     C    3        0.122532        0.068520       -0.196834
     C    3       -0.132999       -0.196834        0.060592

     H    4       -0.000000        0.000000        0.000000
     H    4        0.000000        0.000000        0.000000
     H    4        0.000000        0.000000        0.000000

     C    5       -0.138451        0.010882       -0.047624
     C    5        0.010882        0.043297       -0.259396
     C    5       -0.047624       -0.259396        0.095154

     H    6       -0.000000        0.000000        0.000000
     H    6        0.000000        0.000000        0.000000
     H    6        0.000000        0.000000        0.000000

     H    7       -0.000000        0.000000        0.000000
     H    7        0.000000        0.000000        0.000000
     H    7        0.000000        0.000000        0.000000

     C    8       -0.067062       -0.063493       -0.034033
     C    8       -0.063493        0.111901        0.106133
     C    8       -0.034033        0.106133       -0.044839

     H    9       -0.000000        0.000000        0.000000
     H    9        0.000000        0.000000        0.000000
     H    9        0.000000        0.000000        0.000000

     C   10       -0.113784       -0.096899       -0.112064
     C   10       -0.096899        0.045622        0.157431
     C   10       -0.112064        0.157431        0.068162

     C   11        0.000204        0.109013       -0.024787
     C   11        0.109013       -0.086496       -0.027930
     C   11       -0.024787       -0.027930        0.086291

     Cl  12        0.952184        0.582668       -0.972957
     Cl  12        0.582668        0.764569        1.150137
     Cl  12       -0.972957        1.150137       -1.716754

     H   13       -0.000000        0.000000        0.000000
     H   13        0.000000        0.000000        0.000000
     H   13        0.000000        0.000000        0.000000

     C   14       -0.067488       -0.088869        0.120591
     C   14       -0.088869       -0.096268       -0.140086
     C   14        0.120591       -0.140086        0.163756

     H   15       -0.000000        0.000000        0.000000
     H   15        0.000000        0.000000        0.000000
     H   15        0.000000        0.000000        0.000000

     C   16       -0.092862       -0.031875        0.064671
     C   16       -0.031875        0.041648       -0.160346
     C   16        0.064671       -0.160346        0.051214

     C   17        0.067289       -0.160014       -0.085035
     C   17       -0.160014       -0.028309       -0.066619
     C   17       -0.085035       -0.066619       -0.038980

     Cl  18       -0.525139       -0.341027        0.542866
     Cl  18       -0.341027        1.284813        2.002809
     Cl  18        0.542866        2.002809       -0.759674

     H   19       -0.000000        0.000000        0.000000
     H   19        0.000000        0.000000        0.000000
     H   19        0.000000        0.000000        0.000000

     C   20       -0.185506       -0.026420       -0.099425
     C   20       -0.026420       -0.113667        0.050779
     C   20       -0.099425        0.050779        0.299173

     H   21       -0.000000        0.000000        0.000000
     H   21        0.000000        0.000000        0.000000
     H   21        0.000000        0.000000        0.000000

     C   22       -0.104770       -0.026306       -0.125677
     C   22       -0.026306       -0.163286        0.091296
     C   22       -0.125677        0.091296        0.268056

     C   23       -0.088313        0.127704       -0.031191
     C   23        0.127704       -0.085489        0.106895
     C   23       -0.031191        0.106895        0.173802

     Cl  24        1.277273        2.347479       -0.115192
     Cl  24        2.347479       -0.001552        0.008860
     Cl  24       -0.115192        0.008860       -1.275721

     ----- total EFG -----
     Cl   1       -0.555723       -1.830386        0.354804
     Cl   1       -1.830386       -1.346902       -0.830396
     Cl   1        0.354804       -0.830396        1.902624

     C    2        0.171033        0.137508        0.271738
     C    2        0.137508       -0.159967       -0.123207
     C    2        0.271738       -0.123207       -0.011066

     C    3       -0.332933        0.348816       -0.235397
     C    3        0.348816        0.382616       -0.370864
     C    3       -0.235397       -0.370864       -0.049682

     H    4        0.352334       -0.027256        0.449458
     H    4       -0.027256       -0.295880        0.377602
     H    4        0.449458        0.377602       -0.056454

     C    5       -0.205310        0.024409       -0.124429
     C    5        0.024409        0.204288       -0.522994
     C    5       -0.124429       -0.522994        0.001022

     H    6       -0.045707       -0.007635       -0.005394
     H    6       -0.007635        0.269478        0.621639
     H    6       -0.005394        0.621639       -0.223771

     H    7       -0.108743        0.074480        0.174237
     H    7        0.074480        0.337548       -0.426357
     H    7        0.174237       -0.426357       -0.228804

     C    8        0.023070       -0.233091       -0.119016
     C    8       -0.233091        0.247870        0.346483
     C    8       -0.119016        0.346483       -0.270939

     H    9        0.377255       -0.015188        0.375542
     H    9       -0.015188       -0.267892       -0.386958
     H    9        0.375542       -0.386958       -0.109362

     C   10       -0.317393       -0.330488       -0.296044
     C   10       -0.330488        0.319229        0.270742
     C   10       -0.296044        0.270742       -0.001836

     C   11        0.165729        0.098097       -0.120302
     C   11        0.098097       -0.197684        0.021321
     C   11       -0.120302        0.021321        0.031955

     Cl  12        1.051859        0.589688       -1.115519
     Cl  12        0.589688        0.825049        1.247324
     Cl  12       -1.115519        1.247324       -1.876908

     H   13       -0.151561        0.177240       -0.185239
     H   13        0.177240        0.237588        0.550632
     H   13       -0.185239        0.550632       -0.086026

     C   14       -0.191974       -0.331810        0.152047
     C   14       -0.331810       -0.011115       -0.294386
     C   14        0.152047       -0.294386        0.203089

     H   15        0.382409        0.095306        0.247525
     H   15        0.095306       -0.467334        0.279035
     H   15        0.247525        0.279035        0.084925

     C   16       -0.217013        0.115513        0.224626
     C   16        0.115513        0.155196       -0.333162
     C   16        0.224626       -0.333162        0.061817

     C   17        0.307397       -0.289962       -0.221600
     C   17       -0.289962       -0.050314       -0.256949
     C   17       -0.221600       -0.256949       -0.257082

     Cl  18       -0.505346       -0.307185        0.617144
     Cl  18       -0.307185        1.315935        2.134089
     Cl  18        0.617144        2.134089       -0.810590

     H   19        0.000491        0.051943       -0.053494
     H   19        0.051943        0.196875       -0.602119
     H   19       -0.053494       -0.602119       -0.197366

     C   20       -0.474411       -0.074374       -0.297981
     C   20       -0.074374       -0.043026       -0.005313
     C   20       -0.297981       -0.005313        0.517437

     H   21        0.104856        0.020811        0.620012
     H   21        0.020811       -0.046517       -0.241601
     H   21        0.620012       -0.241601       -0.058339

     C   22       -0.053453       -0.065043       -0.138081
     C   22       -0.065043       -0.376503        0.163506
     C   22       -0.138081        0.163506        0.429957

     C   23       -0.272737        0.201597       -0.101461
     C   23        0.201597        0.070225        0.206621
     C   23       -0.101461        0.206621        0.202512

     Cl  24        1.392064        2.563946       -0.104363
     Cl  24        2.563946        0.009000        0.020677
     Cl  24       -0.104363        0.020677       -1.401064

     ----- total EFG (symmetrized) -----
     Cl   1       -0.555723       -1.830386        0.354804
     Cl   1       -1.830386       -1.346902       -0.830396
     Cl   1        0.354804       -0.830396        1.902624

     C    2        0.171033        0.137508        0.271738
     C    2        0.137508       -0.159967       -0.123207
     C    2        0.271738       -0.123207       -0.011066

     C    3       -0.332933        0.348816       -0.235397
     C    3        0.348816        0.382616       -0.370864
     C    3       -0.235397       -0.370864       -0.049682

     H    4        0.352334       -0.027256        0.449458
     H    4       -0.027256       -0.295880        0.377602
     H    4        0.449458        0.377602       -0.056454

     C    5       -0.205310        0.024409       -0.124429
     C    5        0.024409        0.204288       -0.522994
     C    5       -0.124429       -0.522994        0.001022

     H    6       -0.045707       -0.007635       -0.005394
     H    6       -0.007635        0.269478        0.621639
     H    6       -0.005394        0.621639       -0.223771

     H    7       -0.108743        0.074480        0.174237
     H    7        0.074480        0.337548       -0.426357
     H    7        0.174237       -0.426357       -0.228804

     C    8        0.023070       -0.233091       -0.119016
     C    8       -0.233091        0.247870        0.346483
     C    8       -0.119016        0.346483       -0.270939

     H    9        0.377255       -0.015188        0.375542
     H    9       -0.015188       -0.267892       -0.386958
     H    9        0.375542       -0.386958       -0.109362

     C   10       -0.317393       -0.330488       -0.296044
     C   10       -0.330488        0.319229        0.270742
     C   10       -0.296044        0.270742       -0.001836

     C   11        0.165729        0.098097       -0.120302
     C   11        0.098097       -0.197684        0.021321
     C   11       -0.120302        0.021321        0.031955

     Cl  12        1.051859        0.589688       -1.115519
     Cl  12        0.589688        0.825049        1.247324
     Cl  12       -1.115519        1.247324       -1.876908

     H   13       -0.151561        0.177240       -0.185239
     H   13        0.177240        0.237588        0.550632
     H   13       -0.185239        0.550632       -0.086026

     C   14       -0.191974       -0.331810        0.152047
     C   14       -0.331810       -0.011115       -0.294386
     C   14        0.152047       -0.294386        0.203089

     H   15        0.382409        0.095306        0.247525
     H   15        0.095306       -0.467334        0.279035
     H   15        0.247525        0.279035        0.084925

     C   16       -0.217013        0.115513        0.224626
     C   16        0.115513        0.155196       -0.333162
     C   16        0.224626       -0.333162        0.061817

     C   17        0.307397       -0.289962       -0.221600
     C   17       -0.289962       -0.050314       -0.256949
     C   17       -0.221600       -0.256949       -0.257082

     Cl  18       -0.505346       -0.307185        0.617144
     Cl  18       -0.307185        1.315935        2.134089
     Cl  18        0.617144        2.134089       -0.810590

     H   19        0.000491        0.051943       -0.053494
     H   19        0.051943        0.196875       -0.602119
     H   19       -0.053494       -0.602119       -0.197366

     C   20       -0.474411       -0.074374       -0.297981
     C   20       -0.074374       -0.043026       -0.005313
     C   20       -0.297981       -0.005313        0.517437

     H   21        0.104856        0.020811        0.620012
     H   21        0.020811       -0.046517       -0.241601
     H   21        0.620012       -0.241601       -0.058339

     C   22       -0.053453       -0.065043       -0.138081
     C   22       -0.065043       -0.376503        0.163506
     C   22       -0.138081        0.163506        0.429957

     C   23       -0.272737        0.201597       -0.101461
     C   23        0.201597        0.070225        0.206621
     C   23       -0.101461        0.206621        0.202512

     Cl  24        1.392064        2.563946       -0.104363
     Cl  24        2.563946        0.009000        0.020677
     Cl  24       -0.104363        0.020677       -1.401064


     NQR/NMR SPECTROSCOPIC PARAMETERS:
     Cl   1    Vxx=    0.4882    axis=( -0.720844  0.503442  0.476373)
     Cl   1    Vyy=    2.3748    axis=(  0.328710 -0.356774  0.874449)
     Cl   1    Vzz=   -2.8630    axis=( -0.610192 -0.786930 -0.091692)
     Cl   1  Q=        -8.1650 1e-30 m^2  Cq=        54.9243 MHz  eta= 0.65898

     C    2    Vxx=   -0.0038    axis=( -0.322194 -0.744861  0.584271)
     C    2    Vyy=   -0.3660    axis=(  0.466361 -0.661983 -0.586760)
     C    2    Vzz=    0.3699    axis=(  0.823832  0.083430  0.560661)
     C    2  Q=         1.0000 1e-30 m^2  Cq=         0.8691 MHz  eta= 0.97922

     C    3    Vxx=   -0.2595    axis=( -0.107698  0.540455  0.834452)
     C    3    Vyy=   -0.4979    axis=(  0.926917 -0.248904  0.280841)
     C    3    Vzz=    0.7574    axis=(  0.359481  0.803713 -0.474150)
     C    3  Q=         1.0000 1e-30 m^2  Cq=         1.7796 MHz  eta= 0.31478

     H    4    Vxx=   -0.0137    axis=(  0.537253 -0.693768 -0.479630)
     H    4    Vyy=   -0.6659    axis=(  0.307432  0.690632 -0.654609)
     H    4    Vzz=    0.6796    axis=(  0.785395  0.204237  0.584330)
     H    4  Q=         1.0000 1e-30 m^2  Cq=         1.5969 MHz  eta= 0.95962

     C    5    Vxx=   -0.1900    axis=(  0.942220 -0.287167 -0.172504)
     C    5    Vyy=   -0.4568    axis=(  0.314625  0.581748  0.750053)
     C    5    Vzz=    0.6468    axis=(  0.115036  0.760989 -0.638485)
     C    5  Q=         1.0000 1e-30 m^2  Cq=         1.5197 MHz  eta= 0.41257

     H    6    Vxx=   -0.0458    axis=(  0.999920  0.010647  0.006881)
     H    6    Vyy=   -0.6459    axis=( -0.000289  0.561794 -0.827277)
     H    6    Vzz=    0.6917    axis=( -0.012674  0.827208  0.561752)
     H    6  Q=         1.0000 1e-30 m^2  Cq=         1.6253 MHz  eta= 0.86751

     H    7    Vxx=   -0.0265    axis=(  0.915678  0.212310  0.341261)
     H    7    Vyy=   -0.5401    axis=( -0.401067  0.427593  0.810129)
     H    7    Vzz=    0.5666    axis=(  0.026078 -0.878686  0.476688)
     H    7  Q=         1.0000 1e-30 m^2  Cq=         1.3314 MHz  eta= 0.90633

     C    8    Vxx=   -0.1067    axis=(  0.895944  0.399652  0.193810)
     C    8    Vyy=   -0.4444    axis=( -0.005406  0.446124 -0.894955)
     C    8    Vzz=    0.5510    axis=( -0.444134  0.800782  0.401862)
     C    8  Q=         1.0000 1e-30 m^2  Cq=         1.2947 MHz  eta= 0.61290

     H    9    Vxx=    0.0080    axis=(  0.539117  0.675664 -0.502823)
     H    9    Vyy=    0.6316    axis=( -0.807374  0.244620 -0.536944)
     H    9    Vzz=   -0.6396    axis=( -0.239793  0.695442  0.677392)
     H    9  Q=         1.0000 1e-30 m^2  Cq=        -1.5027 MHz  eta= 0.97511

     C   10    Vxx=   -0.1380    axis=( -0.187205 -0.597120  0.780002)
     C   10    Vyy=   -0.5286    axis=( -0.894249 -0.225025 -0.386890)
     C   10    Vzz=    0.6667    axis=(  0.406539 -0.769943 -0.491847)
     C   10  Q=         1.0000 1e-30 m^2  Cq=         1.5664 MHz  eta= 0.58587

     C   11    Vxx=   -0.0160    axis=(  0.398994  0.316389  0.860640)
     C   11    Vyy=   -0.2331    axis=( -0.292234  0.933520 -0.207701)
     C   11    Vzz=    0.2491    axis=( -0.869139 -0.168637  0.464928)
     C   11  Q=         1.0000 1e-30 m^2  Cq=         0.5853 MHz  eta= 0.87171

     Cl  12    Vxx=    1.2329    axis=( -0.480897  0.740479  0.469498)
     Cl  12    Vyy=    1.5429    axis=(  0.819536  0.569935 -0.059452)
     Cl  12    Vzz=   -2.7758    axis=(  0.311607 -0.356180  0.880930)
     Cl  12  Q=        -8.1650 1e-30 m^2  Cq=        53.2526 MHz  eta= 0.11165

     H   13    Vxx=   -0.0181    axis=(  0.882782  0.247714 -0.399166)
     H   13    Vyy=   -0.6329    axis=( -0.467956  0.538522 -0.700722)
     H   13    Vzz=    0.6510    axis=(  0.041381  0.805377  0.591317)
     H   13  Q=         1.0000 1e-30 m^2  Cq=         1.5295 MHz  eta= 0.94449

     C   14    Vxx=   -0.0990    axis=( -0.511690  0.472257  0.717738)
     C   14    Vyy=   -0.4521    axis=(  0.755658  0.644899  0.114394)
     C   14    Vzz=    0.5511    axis=( -0.408845  0.600899 -0.686853)
     C   14  Q=         1.0000 1e-30 m^2  Cq=         1.2950 MHz  eta= 0.64071

     H   15    Vxx=    0.0118    axis=( -0.581683  0.319875  0.747880)
     H   15    Vyy=    0.5721    axis=( -0.813372 -0.219236 -0.538852)
     H   15    Vzz=   -0.5838    axis=(  0.008403  0.921746 -0.387704)
     H   15  Q=         1.0000 1e-30 m^2  Cq=        -1.3718 MHz  eta= 0.95974

     C   16    Vxx=    0.0186    axis=(  0.705296  0.535770  0.464228)
     C   16    Vyy=    0.4512    axis=(  0.103302 -0.725530  0.680394)
     C   16    Vzz=   -0.4698    axis=(  0.701346 -0.431923 -0.567060)
     C   16  Q=         1.0000 1e-30 m^2  Cq=        -1.1038 MHz  eta= 0.92088

     C   17    Vxx=    0.0928    axis=(  0.250153  0.697963 -0.671023)
     C   17    Vyy=    0.4773    axis=( -0.893393  0.433534  0.117888)
     C   17    Vzz=   -0.5701    axis=(  0.373192  0.569997  0.732005)
     C   17  Q=         1.0000 1e-30 m^2  Cq=        -1.3396 MHz  eta= 0.67449

     Cl  18    Vxx=   -0.2556    axis=(  0.938911 -0.198379  0.281233)
     Cl  18    Vyy=   -2.3827    axis=(  0.343525  0.490595 -0.800816)
     Cl  18    Vzz=    2.6383    axis=(  0.020893  0.848506  0.528774)
     Cl  18  Q=        -8.1650 1e-30 m^2  Cq=       -50.6144 MHz  eta= 0.80625

     H   19    Vxx=   -0.0077    axis=(  0.993292 -0.104103  0.050326)
     H   19    Vyy=   -0.6341    axis=(  0.020348  0.585810  0.810193)
     H   19    Vzz=    0.6417    axis=( -0.113825 -0.803735  0.583998)
     H   19  Q=         1.0000 1e-30 m^2  Cq=         1.5078 MHz  eta= 0.97612

     C   20    Vxx=   -0.0332    axis=(  0.126951 -0.990144  0.059150)
     C   20    Vyy=   -0.5672    axis=(  0.954858  0.138137  0.262993)
     C   20    Vzz=    0.6004    axis=( -0.268572  0.023093  0.962983)
     C   20  Q=         1.0000 1e-30 m^2  Cq=         1.4107 MHz  eta= 0.88950

     H   21    Vxx=   -0.0129    axis=(  0.355027  0.929636 -0.098651)
     H   21    Vyy=   -0.6654    axis=( -0.601610  0.307967  0.737036)
     H   21    Vzz=    0.6783    axis=(  0.715557 -0.202319  0.668615)
     H   21  Q=         1.0000 1e-30 m^2  Cq=         1.5938 MHz  eta= 0.96187

     C   22    Vxx=   -0.0888    axis=(  0.959627 -0.060897  0.274604)
     C   22    Vyy=   -0.4126    axis=( -0.111256 -0.978843  0.171724)
     C   22    Vzz=    0.5014    axis=( -0.258337  0.195342  0.946099)
     C   22  Q=         1.0000 1e-30 m^2  Cq=         1.1781 MHz  eta= 0.64565

     C   23    Vxx=    0.0644    axis=(  0.544415  0.634221 -0.548977)
     C   23    Vyy=    0.3560    axis=(  0.071392  0.617058  0.783672)
     C   23    Vzz=   -0.4204    axis=(  0.835772 -0.465836  0.290657)
     C   23  Q=         1.0000 1e-30 m^2  Cq=        -0.9877 MHz  eta= 0.69349

     Cl  24    Vxx=   -1.3908    axis=(  0.073594 -0.120176 -0.990021)
     Cl  24    Vyy=   -1.9663    axis=( -0.603575  0.784893 -0.140143)
     Cl  24    Vzz=    3.3571    axis=(  0.793902  0.607866 -0.014771)
     Cl  24  Q=        -8.1650 1e-30 m^2  Cq=       -64.4050 MHz  eta= 0.17144

     Initialization:
     gipaw_setup  :      9.20s CPU     11.27s WALL (       1 calls)

     Linear response

     Apply operators

     Induced current

     Other routines
     efg          :      9.23s CPU     11.31s WALL (       1 calls)

     General routines
     calbec       :      3.16s CPU      3.93s WALL (      16 calls)
     fft          :      1.68s CPU      2.59s WALL (      15 calls)
     ffts         :      0.04s CPU      0.05s WALL (       2 calls)
     fftw         :      3.25s CPU      3.89s WALL (     672 calls)
     davcio       :      0.02s CPU      0.32s WALL (      32 calls)

     Parallel routines
     fft_scatter  :      2.38s CPU      3.75s WALL (     689 calls)

     Plugins

     GIPAW        :     60.57s CPU     71.36s WALL (       1 calls)
