
     Program QE v.6.0 (svn rev. 13079) starts on 27Dec2016 at 16: 0:10 

     This program is part of the open-source Quantum ESPRESSO suite
     for quantum simulation of materials; please cite
         "P. Giannozzi et al., J. Phys.:Condens. Matter 21 395502 (2009);
          URL http://www.quantum-espresso.org", 
     in publications or presentations arising from this work. More details at
     http://www.quantum-espresso.org/quote

     Parallel version (MPI), running on     8 processors
     R & G space division:  proc/nbgrp/npool/nimage =       8

     ***** This is GIPAW svn revision unknown      *****

     Parallelizing q-star over 1 images

     Reading data from directory:
     /users/majewski/paradichlorobenzene/pbe/9_constraint/scratch/pbe.ecut100.np8.dt60.pcl2phi-129368.save
     Message from routine read_xml_file:
     file /users/majewski/paradichlorobenzene/pbe/9_constraint/scratch/pbe.ecut100.np8.dt60.pcl2phi-129368.save not guaranteed to be safe for post-processing

   Info: using nr1, nr2, nr3 values from input

   Info: using nr1, nr2, nr3 values from input

     IMPORTANT: XC functional enforced from input :
     Exchange-correlation      =  SLA  PW   PBX  PBC ( 1  4  3  4 0 0)
     Any further DFT definition will be discarded
     Please, verify this is what you really want

               file C.pbe-n-kjpaw_psl.1.0.0.UPF: wavefunction(s)  2S 2P renormalized
               file Cl.pbe-n-kjpaw_psl.1.0.0.UPF: wavefunction(s)  3S 3P renormalized
               file H.pbe-kjpaw_psl.1.0.0.UPF: wavefunction(s)  1S renormalized

     Parallelization info
     --------------------
     sticks:   dense  smooth     PW     G-vecs:    dense   smooth      PW
     Min        3057    1223    332               144436    36536    5170
     Max        3059    1225    333               144437    36537    5171
     Sum       24467    9791   2657              1155489   292295   41363


     Subspace diagonalization in iterative solution of the eigenvalue problem:
     a serial algorithm will be used

     GIPAW projectors -----------------------------------------------
     atom=  C    l=0  rc=    1.2000  rs=    0.8000
     atom=  C    l=0  rc=    1.2000  rs=    0.8000
     atom=  C    l=1  rc=    1.4000  rs=    0.9333
     atom=  C    l=1  rc=    1.4000  rs=    0.9333
     projs nearly linearly dependent: l=1  n1,n2= 1, 2  s=  0.99951561

     atom=  Cl   l=0  rc=    1.6000  rs=    1.0667
     atom=  Cl   l=0  rc=    1.6000  rs=    1.0667
     atom=  Cl   l=1  rc=    1.6000  rs=    1.0667
     atom=  Cl   l=1  rc=    1.6000  rs=    1.0667
     atom=  Cl   l=2  rc=    1.6000  rs=    1.0667
     atom=  Cl   l=2  rc=    1.6000  rs=    1.0667
     projs nearly linearly dependent: l=2  n1,n2= 1, 2  s=  0.99993509

     atom=  H    l=0  rc=    1.0000  rs=    0.6667
     atom=  H    l=0  rc=    1.0000  rs=    0.6667
     projs nearly linearly dependent: l=0  n1,n2= 1, 2  s=  0.99968852
     -----------------------------------------------------------------

     GIPAW integrals: -------------------------------------------
     Atom  i/j   nmr_para   nmr_dia   epr_rmc  epr_para   epr_dia
       C   1 1   0.83E+03  0.17E-01  0.93E+01  0.24E+08  0.24E+03
       C   2 1   0.86E+03 -0.61E-01  0.94E+01  0.25E+08  0.25E+03
       C   2 2   0.90E+03 -0.15E+00  0.97E+01  0.26E+08  0.26E+03
       C   3 3   0.33E+01  0.34E+00  0.18E+01  0.55E+03  0.21E+02
       C   4 3   0.35E+01  0.37E+00  0.20E+01  0.59E+03  0.22E+02
       C   4 4   0.38E+01  0.39E+00  0.22E+01  0.63E+03  0.24E+02
       Cl  1 1   0.14E+04 -0.47E+00  0.84E+01  0.32E+09  0.42E+03
       Cl  2 1   0.21E+04 -0.37E+00  0.12E+02  0.49E+09  0.65E+03
       Cl  2 2   0.33E+04 -0.16E+00  0.21E+02  0.76E+09  0.10E+04
       Cl  3 3   0.21E+02  0.79E-01  0.89E+01  0.23E+05  0.13E+03
       Cl  4 3   0.24E+02  0.67E-01  0.99E+01  0.27E+05  0.15E+03
       Cl  4 4   0.28E+02  0.44E-01  0.11E+02  0.32E+05  0.18E+03
       Cl  5 5   0.77E+00  0.19E+00  0.18E+01  0.12E+03  0.22E+02
       Cl  6 5   0.80E+00  0.19E+00  0.19E+01  0.12E+03  0.23E+02
       Cl  6 6   0.83E+00  0.20E+00  0.19E+01  0.12E+03  0.23E+02
       H   1 1   0.39E+02  0.19E+00  0.29E+00  0.78E+05  0.13E+02
       H   2 1   0.41E+02  0.21E+00  0.32E+00  0.82E+05  0.14E+02
       H   2 2   0.43E+02  0.22E+00  0.36E+00  0.86E+05  0.15E+02
     ------------------------------------------------------------

     alpha_pv=     34.1674 eV

     Number of occupied bands for each k-point:
     k-point:     1    nbnd_occ=  42
     k-point:     2    nbnd_occ=  42
     k-point:     3    nbnd_occ=  42
     k-point:     4    nbnd_occ=  42
     k-point:     5    nbnd_occ=  42
     k-point:     6    nbnd_occ=  42
     k-point:     7    nbnd_occ=  42
     k-point:     8    nbnd_occ=  42
     k-point:     9    nbnd_occ=  42
     k-point:    10    nbnd_occ=  42
     k-point:    11    nbnd_occ=  42
     k-point:    12    nbnd_occ=  42
     k-point:    13    nbnd_occ=  42
     k-point:    14    nbnd_occ=  42
     k-point:    15    nbnd_occ=  42
     k-point:    16    nbnd_occ=  42


     q-space interpolation up to   110.00 Rydberg

     GIPAW job: efg                                                                             


     ELECTRIC FIELD GRADIENTS TENSORS IN Hartree/bohrradius^2:

     ----- bare term -----
     Cl   1       -0.044304        0.227546       -0.085825
     Cl   1        0.227546        0.008274       -0.070193
     Cl   1       -0.085825       -0.070193        0.036030

     C    2       -0.091860        0.088940       -0.550727
     C    2        0.088940       -0.147999       -0.484002
     C    2       -0.550727       -0.484002        0.239859

     C    3       -0.125419        0.428338       -0.313210
     C    3        0.428338       -0.269359       -0.442300
     C    3       -0.313210       -0.442300        0.394778

     H    4       -0.165308       -0.154584       -0.490665
     H    4       -0.154584        0.392353       -0.056435
     H    4       -0.490665       -0.056435       -0.227045

     C    5       -0.255328        0.120264       -0.503165
     C    5        0.120264       -0.020659       -0.409475
     C    5       -0.503165       -0.409475        0.275986

     H    6        0.280643        0.092208       -0.007667
     H    6        0.092208       -0.473071       -0.478252
     H    6       -0.007667       -0.478252        0.192428

     H    7        0.478783        0.084751       -0.030780
     H    7        0.084751       -0.777280        0.043591
     H    7       -0.030780        0.043591        0.298496

     C    8       -0.279319       -0.087933       -0.330441
     C    8       -0.087933       -0.031102        0.521281
     C    8       -0.330441        0.521281        0.310422

     H    9       -0.351192        0.462212       -0.235289
     H    9        0.462212        0.052524        0.001456
     H    9       -0.235289        0.001456        0.298669

     C   10       -0.462012       -0.356047       -0.142663
     C   10       -0.356047        0.026886        0.459986
     C   10       -0.142663        0.459986        0.435126

     C   11       -0.073258        0.334539       -0.377721
     C   11        0.334539       -0.057476        0.698967
     C   11       -0.377721        0.698967        0.130734

     Cl  12       -0.230723       -0.175235        0.085854
     Cl  12       -0.175235       -0.048346        0.150369
     Cl  12        0.085854        0.150369        0.279069

     H   13        0.380968       -0.054401       -0.039288
     H   13       -0.054401       -0.455557       -0.535581
     H   13       -0.039288       -0.535581        0.074590

     C   14       -0.168554        0.421159       -0.258590
     C   14        0.421159       -0.225738       -0.416665
     C   14       -0.258590       -0.416665        0.394292

     H   15       -0.154457        0.025211       -0.580939
     H   15        0.025211        0.241512        0.107740
     H   15       -0.580939        0.107740       -0.087055

     C   16       -0.236945        0.207579       -0.296346
     C   16        0.207579       -0.161408       -0.489265
     C   16       -0.296346       -0.489265        0.398353

     C   17       -0.143276        0.196738       -0.272034
     C   17        0.196738       -0.194182       -0.486401
     C   17       -0.272034       -0.486401        0.337457

     Cl  18       -0.148567        0.059080        0.011617
     Cl  18        0.059080       -0.106240        0.048691
     Cl  18        0.011617        0.048691        0.254806

     H   19        0.120823        0.262829       -0.010343
     H   19        0.262829       -0.422123        0.414819
     H   19       -0.010343        0.414819        0.301300

     C   20       -0.301886       -0.352897       -0.238415
     C   20       -0.352897       -0.116126        0.262377
     C   20       -0.238415        0.262377        0.418012

     H   21       -0.657937        0.133914       -0.026742
     H   21        0.133914        0.419916        0.193801
     H   21       -0.026742        0.193801        0.238021

     C   22       -0.019594       -0.012794       -0.364200
     C   22       -0.012794       -0.407374        0.464449
     C   22       -0.364200        0.464449        0.426968

     C   23       -0.408849       -0.272487       -0.325740
     C   23       -0.272487        0.006726        0.263202
     C   23       -0.325740        0.263202        0.402123

     Cl  24        0.050345       -0.001522       -0.145999
     Cl  24       -0.001522       -0.036955        0.078391
     Cl  24       -0.145999        0.078391       -0.013390

     ----- ionic term -----
     Cl   1        0.121493       -0.216512        0.012089
     Cl   1       -0.216512        0.029614        0.005182
     Cl   1        0.012089        0.005182       -0.151106

     C    2        0.095533       -0.218211        0.287786
     C    2       -0.218211        0.173995        0.380547
     C    2        0.287786        0.380547       -0.269528

     C    3        0.123709       -0.212993        0.243228
     C    3       -0.212993        0.201930        0.326837
     C    3        0.243228        0.326837       -0.325639

     H    4        0.630249        0.308147        0.668549
     H    4        0.308147       -0.409372        0.227041
     H    4        0.668549        0.227041       -0.220878

     C    5        0.235725       -0.156526        0.370030
     C    5       -0.156526        0.075774        0.257783
     C    5        0.370030        0.257783       -0.311499

     H    6       -0.524640        0.116848        0.061015
     H    6        0.116848        0.777233        0.624120
     H    6        0.061015        0.624120       -0.252593

     H    7       -0.519767       -0.096101        0.038346
     H    7       -0.096101        0.865799       -0.563337
     H    7        0.038346       -0.563337       -0.346033

     C    8        0.338660        0.202417        0.178997
     C    8        0.202417        0.115323       -0.270985
     C    8        0.178997       -0.270985       -0.453983

     H    9        0.712110       -0.337504        0.611022
     H    9       -0.337504       -0.419780       -0.224539
     H    9        0.611022       -0.224539       -0.292330

     C   10        0.220731        0.214010        0.160589
     C   10        0.214010        0.174624       -0.379239
     C   10        0.160589       -0.379239       -0.395355

     C   11        0.249727        0.105675        0.208776
     C   11        0.105675        0.118494       -0.410683
     C   11        0.208776       -0.410683       -0.368222

     Cl  12        0.138214        0.193127       -0.019373
     Cl  12        0.193127        0.000252       -0.022580
     Cl  12       -0.019373       -0.022580       -0.138466

     H   13       -0.509257       -0.067023       -0.026212
     H   13       -0.067023        0.517267        0.740858
     H   13       -0.026212        0.740858       -0.008010

     C   14        0.178246       -0.282179        0.293378
     C   14       -0.282179        0.080331        0.271868
     C   14        0.293378        0.271868       -0.258577

     H   15        0.455081        0.073821        0.759493
     H   15        0.073821       -0.481979        0.155512
     H   15        0.759493        0.155512        0.026898

     C   16        0.078351       -0.338889        0.245451
     C   16       -0.338889        0.203124        0.331613
     C   16        0.245451        0.331613       -0.281476

     C   17        0.195622       -0.194414        0.407432
     C   17       -0.194414        0.075998        0.344383
     C   17        0.407432        0.344383       -0.271620

     Cl  18        0.135147       -0.231424        0.066025
     Cl  18       -0.231424        0.023707       -0.037824
     Cl  18        0.066025       -0.037824       -0.158854

     H   19       -0.505432       -0.127162        0.069418
     H   19       -0.127162        0.791084       -0.616403
     H   19        0.069418       -0.616403       -0.285651

     C   20        0.335146        0.180559        0.173470
     C   20        0.180559        0.091631       -0.325525
     C   20        0.173470       -0.325525       -0.426776

     H   21        0.685077       -0.331868        0.586026
     H   21       -0.331868       -0.413488       -0.248329
     H   21        0.586026       -0.248329       -0.271589

     C   22        0.200487        0.262474        0.094918
     C   22        0.262474        0.225406       -0.406802
     C   22        0.094918       -0.406802       -0.425893

     C   23        0.288729        0.153005        0.162414
     C   23        0.153005        0.120735       -0.369553
     C   23        0.162414       -0.369553       -0.409463

     Cl  24        0.170162        0.209489       -0.029833
     Cl  24        0.209489       -0.025243       -0.014189
     Cl  24       -0.029833       -0.014189       -0.144919

     ----- GIPAW term -----
     Cl   1        1.244466        0.719826       -1.273085
     Cl   1        0.719826        0.486951       -1.227896
     Cl   1       -1.273085       -1.227896       -1.731417

     C    2        0.032968        0.016733       -0.215788
     C    2        0.016733       -0.053500       -0.172694
     C    2       -0.215788       -0.172694        0.020532

     C    3       -0.025606        0.117856       -0.187298
     C    3        0.117856       -0.098016       -0.133476
     C    3       -0.187298       -0.133476        0.123623

     H    4       -0.000000        0.000000        0.000000
     H    4        0.000000        0.000000        0.000000
     H    4        0.000000        0.000000        0.000000

     C    5        0.079532        0.043277       -0.139083
     C    5        0.043277       -0.072349       -0.088725
     C    5       -0.139083       -0.088725       -0.007182

     H    6       -0.000000        0.000000        0.000000
     H    6        0.000000        0.000000        0.000000
     H    6        0.000000        0.000000        0.000000

     H    7       -0.000000        0.000000        0.000000
     H    7        0.000000        0.000000        0.000000
     H    7        0.000000        0.000000        0.000000

     C    8       -0.073885        0.004774       -0.045385
     C    8        0.004774        0.081378        0.166723
     C    8       -0.045385        0.166723       -0.007493

     H    9       -0.000000        0.000000        0.000000
     H    9        0.000000        0.000000        0.000000
     H    9        0.000000        0.000000        0.000000

     C   10       -0.177791       -0.015584       -0.008541
     C   10       -0.015584        0.150172        0.169742
     C   10       -0.008541        0.169742        0.027619

     C   11        0.051951        0.268907       -0.009027
     C   11        0.268907        0.048952        0.173682
     C   11       -0.009027        0.173682       -0.100903

     Cl  12       -0.319677        1.601870        0.828163
     Cl  12        1.601870       -0.436628        1.581710
     Cl  12        0.828163        1.581710        0.756304

     H   13       -0.000000        0.000000        0.000000
     H   13        0.000000        0.000000        0.000000
     H   13        0.000000        0.000000        0.000000

     C   14        0.061233        0.155763       -0.066794
     C   14        0.155763       -0.068381       -0.112214
     C   14       -0.066794       -0.112214        0.007148

     H   15       -0.000000        0.000000        0.000000
     H   15        0.000000        0.000000        0.000000
     H   15        0.000000        0.000000        0.000000

     C   16       -0.057728        0.011060       -0.056899
     C   16        0.011060       -0.015880       -0.084231
     C   16       -0.056899       -0.084231        0.073608

     C   17        0.095370       -0.096716       -0.041461
     C   17       -0.096716       -0.045516       -0.074963
     C   17       -0.041461       -0.074963       -0.049853

     Cl  18       -0.520359       -1.557338        0.456282
     Cl  18       -1.557338       -1.351079        0.539091
     Cl  18        0.456282        0.539091        1.871438

     H   19       -0.000000        0.000000        0.000000
     H   19        0.000000        0.000000        0.000000
     H   19        0.000000        0.000000        0.000000

     C   20        0.082147        0.055015       -0.036344
     C   20        0.055015       -0.049435        0.019331
     C   20       -0.036344        0.019331       -0.032711

     H   21       -0.000000        0.000000        0.000000
     H   21        0.000000        0.000000        0.000000
     H   21        0.000000        0.000000        0.000000

     C   22       -0.023740        0.083044       -0.189599
     C   22        0.083044       -0.109702       -0.028488
     C   22       -0.189599       -0.028488        0.133442

     C   23        0.017395        0.172583       -0.100433
     C   23        0.172583        0.053445       -0.030760
     C   23       -0.100433       -0.030760       -0.070841

     Cl  24        2.016415        1.505150       -1.861009
     Cl  24        1.505150       -0.849430        0.660497
     Cl  24       -1.861009        0.660497       -1.166984

     ----- total EFG -----
     Cl   1        1.321656        0.730859       -1.346821
     Cl   1        0.730859        0.524838       -1.292907
     Cl   1       -1.346821       -1.292907       -1.846494

     C    2        0.036642       -0.112538       -0.478729
     C    2       -0.112538       -0.027505       -0.276148
     C    2       -0.478729       -0.276148       -0.009137

     C    3       -0.027315        0.333201       -0.257280
     C    3        0.333201       -0.165446       -0.248939
     C    3       -0.257280       -0.248939        0.192761

     H    4        0.464942        0.153563        0.177884
     H    4        0.153563       -0.017019        0.170605
     H    4        0.177884        0.170605       -0.447922

     C    5        0.059929        0.007016       -0.272218
     C    5        0.007016       -0.017234       -0.240417
     C    5       -0.272218       -0.240417       -0.042695

     H    6       -0.243997        0.209055        0.053347
     H    6        0.209055        0.304161        0.145867
     H    6        0.053347        0.145867       -0.060165

     H    7       -0.040984       -0.011350        0.007566
     H    7       -0.011350        0.088520       -0.519746
     H    7        0.007566       -0.519746       -0.047536

     C    8       -0.014544        0.119258       -0.196830
     C    8        0.119258        0.165599        0.417020
     C    8       -0.196830        0.417020       -0.151055

     H    9        0.360918        0.124708        0.375733
     H    9        0.124708       -0.367257       -0.223084
     H    9        0.375733       -0.223084        0.006339

     C   10       -0.419071       -0.157621        0.009385
     C   10       -0.157621        0.351682        0.250489
     C   10        0.009385        0.250489        0.067390

     C   11        0.228420        0.709121       -0.177971
     C   11        0.709121        0.109971        0.461965
     C   11       -0.177971        0.461965       -0.338391

     Cl  12       -0.412185        1.619761        0.894644
     Cl  12        1.619761       -0.484722        1.709498
     Cl  12        0.894644        1.709498        0.896907

     H   13       -0.128289       -0.121424       -0.065500
     H   13       -0.121424        0.061709        0.205277
     H   13       -0.065500        0.205277        0.066580

     C   14        0.070925        0.294743       -0.032006
     C   14        0.294743       -0.213788       -0.257011
     C   14       -0.032006       -0.257011        0.142863

     H   15        0.300624        0.099032        0.178554
     H   15        0.099032       -0.240467        0.263251
     H   15        0.178554        0.263251       -0.060157

     C   16       -0.216323       -0.120249       -0.107795
     C   16       -0.120249        0.025837       -0.241884
     C   16       -0.107795       -0.241884        0.190486

     C   17        0.147717       -0.094392        0.093936
     C   17       -0.094392       -0.163700       -0.216981
     C   17        0.093936       -0.216981        0.015984

     Cl  18       -0.533779       -1.729683        0.533924
     Cl  18       -1.729683       -1.433612        0.549958
     Cl  18        0.533924        0.549958        1.967390

     H   19       -0.384610        0.135667        0.059075
     H   19        0.135667        0.368961       -0.201583
     H   19        0.059075       -0.201583        0.015649

     C   20        0.115406       -0.117323       -0.101289
     C   20       -0.117323       -0.073930       -0.043817
     C   20       -0.101289       -0.043817       -0.041476

     H   21        0.027140       -0.197954        0.559284
     H   21       -0.197954        0.006428       -0.054528
     H   21        0.559284       -0.054528       -0.033568

     C   22        0.157152        0.332724       -0.458881
     C   22        0.332724       -0.291669        0.029159
     C   22       -0.458881        0.029159        0.134517

     C   23       -0.102725        0.053100       -0.263758
     C   23        0.053100        0.180906       -0.137111
     C   23       -0.263758       -0.137111       -0.078181

     Cl  24        2.236923        1.713117       -2.036840
     Cl  24        1.713117       -0.911628        0.724700
     Cl  24       -2.036840        0.724700       -1.325294

     ----- total EFG (symmetrized) -----
     Cl   1        1.321656        0.730859       -1.346821
     Cl   1        0.730859        0.524838       -1.292907
     Cl   1       -1.346821       -1.292907       -1.846494

     C    2        0.036642       -0.112538       -0.478729
     C    2       -0.112538       -0.027505       -0.276148
     C    2       -0.478729       -0.276148       -0.009137

     C    3       -0.027315        0.333201       -0.257280
     C    3        0.333201       -0.165446       -0.248939
     C    3       -0.257280       -0.248939        0.192761

     H    4        0.464942        0.153563        0.177884
     H    4        0.153563       -0.017019        0.170605
     H    4        0.177884        0.170605       -0.447922

     C    5        0.059929        0.007016       -0.272218
     C    5        0.007016       -0.017234       -0.240417
     C    5       -0.272218       -0.240417       -0.042695

     H    6       -0.243997        0.209055        0.053347
     H    6        0.209055        0.304161        0.145867
     H    6        0.053347        0.145867       -0.060165

     H    7       -0.040984       -0.011350        0.007566
     H    7       -0.011350        0.088520       -0.519746
     H    7        0.007566       -0.519746       -0.047536

     C    8       -0.014544        0.119258       -0.196830
     C    8        0.119258        0.165599        0.417020
     C    8       -0.196830        0.417020       -0.151055

     H    9        0.360918        0.124708        0.375733
     H    9        0.124708       -0.367257       -0.223084
     H    9        0.375733       -0.223084        0.006339

     C   10       -0.419071       -0.157621        0.009385
     C   10       -0.157621        0.351682        0.250489
     C   10        0.009385        0.250489        0.067390

     C   11        0.228420        0.709121       -0.177971
     C   11        0.709121        0.109971        0.461965
     C   11       -0.177971        0.461965       -0.338391

     Cl  12       -0.412185        1.619761        0.894644
     Cl  12        1.619761       -0.484722        1.709498
     Cl  12        0.894644        1.709498        0.896907

     H   13       -0.128289       -0.121424       -0.065500
     H   13       -0.121424        0.061709        0.205277
     H   13       -0.065500        0.205277        0.066580

     C   14        0.070925        0.294743       -0.032006
     C   14        0.294743       -0.213788       -0.257011
     C   14       -0.032006       -0.257011        0.142863

     H   15        0.300624        0.099032        0.178554
     H   15        0.099032       -0.240467        0.263251
     H   15        0.178554        0.263251       -0.060157

     C   16       -0.216323       -0.120249       -0.107795
     C   16       -0.120249        0.025837       -0.241884
     C   16       -0.107795       -0.241884        0.190486

     C   17        0.147717       -0.094392        0.093936
     C   17       -0.094392       -0.163700       -0.216981
     C   17        0.093936       -0.216981        0.015984

     Cl  18       -0.533779       -1.729683        0.533924
     Cl  18       -1.729683       -1.433612        0.549958
     Cl  18        0.533924        0.549958        1.967390

     H   19       -0.384610        0.135667        0.059075
     H   19        0.135667        0.368961       -0.201583
     H   19        0.059075       -0.201583        0.015649

     C   20        0.115406       -0.117323       -0.101289
     C   20       -0.117323       -0.073930       -0.043817
     C   20       -0.101289       -0.043817       -0.041476

     H   21        0.027140       -0.197954        0.559284
     H   21       -0.197954        0.006428       -0.054528
     H   21        0.559284       -0.054528       -0.033568

     C   22        0.157152        0.332724       -0.458881
     C   22        0.332724       -0.291669        0.029159
     C   22       -0.458881        0.029159        0.134517

     C   23       -0.102725        0.053100       -0.263758
     C   23        0.053100        0.180906       -0.137111
     C   23       -0.263758       -0.137111       -0.078181

     Cl  24        2.236923        1.713117       -2.036840
     Cl  24        1.713117       -0.911628        0.724700
     Cl  24       -2.036840        0.724700       -1.325294


     NQR/NMR SPECTROSCOPIC PARAMETERS:
     Cl   1    Vxx=    0.1355    axis=(  0.604750 -0.789580  0.104116)
     Cl   1    Vyy=    2.5249    axis=(  0.755483  0.527374 -0.388745)
     Cl   1    Vzz=   -2.6604    axis=(  0.252037  0.313752  0.915444)
     Cl   1  Q=        -8.1650 1e-30 m^2  Cq=        51.0388 MHz  eta= 0.89810

     C    2    Vxx=    0.0837    axis=(  0.470248 -0.868290  0.157921)
     C    2    Vyy=    0.5185    axis=( -0.659316 -0.226689  0.716879)
     C    2    Vzz=   -0.6021    axis=(  0.586660  0.441230  0.679077)
     C    2  Q=         1.0000 1e-30 m^2  Cq=        -1.4148 MHz  eta= 0.72210

     C    3    Vxx=   -0.1376    axis=(  0.575315  0.372045  0.728419)
     C    3    Vyy=   -0.4388    axis=( -0.601574  0.795863  0.068639)
     C    3    Vzz=    0.5764    axis=( -0.554185 -0.477687  0.681685)
     C    3  Q=         1.0000 1e-30 m^2  Cq=         1.3542 MHz  eta= 0.52256

     H    4    Vxx=   -0.0358    axis=(  0.357006 -0.907448 -0.221550)
     H    4    Vyy=   -0.5224    axis=( -0.127405 -0.282267  0.950838)
     H    4    Vzz=    0.5582    axis=( -0.925373 -0.311228 -0.216385)
     H    4  Q=         1.0000 1e-30 m^2  Cq=         1.3115 MHz  eta= 0.87180

     C    5    Vxx=    0.0091    axis=(  0.647632 -0.755159  0.101529)
     C    5    Vyy=    0.3625    axis=(  0.608540  0.432436 -0.665341)
     C    5    Vzz=   -0.3716    axis=(  0.458533  0.492680  0.739604)
     C    5  Q=         1.0000 1e-30 m^2  Cq=        -0.8731 MHz  eta= 0.95117

     H    6    Vxx=   -0.1098    axis=( -0.080673 -0.294746  0.952164)
     H    6    Vyy=   -0.3147    axis=( -0.948504  0.316279  0.017543)
     H    6    Vzz=    0.4245    axis=( -0.306321 -0.901716 -0.305083)
     H    6  Q=         1.0000 1e-30 m^2  Cq=         0.9975 MHz  eta= 0.48254

     H    7    Vxx=   -0.0413    axis=(  0.999726  0.014771 -0.018142)
     H    7    Vyy=   -0.5037    axis=(  0.003892  0.659661  0.751553)
     H    7    Vzz=    0.5450    axis=(  0.023069 -0.751418  0.659423)
     H    7  Q=         1.0000 1e-30 m^2  Cq=         1.2805 MHz  eta= 0.84848

     C    8    Vxx=    0.0856    axis=(  0.915428  0.255676 -0.310840)
     C    8    Vyy=    0.4538    axis=(  0.033271 -0.817737 -0.574630)
     C    8    Vzz=   -0.5394    axis=( -0.401104  0.515690 -0.757086)
     C    8  Q=         1.0000 1e-30 m^2  Cq=        -1.2673 MHz  eta= 0.68261

     H    9    Vxx=   -0.0356    axis=(  0.435845  0.609441 -0.662284)
     H    9    Vyy=   -0.5637    axis=( -0.318232  0.792672  0.519999)
     H    9    Vzz=    0.5993    axis=( -0.841883  0.015879 -0.539426)
     H    9  Q=         1.0000 1e-30 m^2  Cq=         1.4081 MHz  eta= 0.88105

     C   10    Vxx=   -0.0589    axis=(  0.217815 -0.445978  0.868136)
     C   10    Vyy=   -0.4574    axis=( -0.965740 -0.227058  0.125659)
     C   10    Vzz=    0.5163    axis=(  0.141076 -0.865765 -0.480155)
     C   10  Q=         1.0000 1e-30 m^2  Cq=         1.2131 MHz  eta= 0.77169

     C   11    Vxx=    0.0086    axis=( -0.544948  0.359110  0.757675)
     C   11    Vyy=    0.9107    axis=( -0.690353 -0.705015 -0.162376)
     C   11    Vzz=   -0.9193    axis=(  0.475862 -0.611550  0.632110)
     C   11  Q=         1.0000 1e-30 m^2  Cq=        -2.1600 MHz  eta= 0.98136

     Cl  12    Vxx=   -0.6730    axis=( -0.685362 -0.264412  0.678502)
     Cl  12    Vyy=   -2.2348    axis=( -0.564375  0.781671 -0.265464)
     Cl  12    Vzz=    2.9077    axis=( -0.460173 -0.564869 -0.684955)
     Cl  12  Q=        -8.1650 1e-30 m^2  Cq=       -55.7836 MHz  eta= 0.53712

     H   13    Vxx=   -0.1139    axis=( -0.549275  0.446102 -0.706605)
     H   13    Vyy=   -0.1956    axis=(  0.783472  0.569014 -0.249790)
     H   13    Vzz=    0.3095    axis=(  0.290636 -0.690809 -0.662053)
     H   13  Q=         1.0000 1e-30 m^2  Cq=         0.7273 MHz  eta= 0.26382

     C   14    Vxx=    0.0773    axis=(  0.704382  0.091747  0.703867)
     C   14    Vyy=    0.3915    axis=(  0.558936  0.539540 -0.629672)
     C   14    Vzz=   -0.4688    axis=(  0.437535 -0.836946 -0.328761)
     C   14  Q=         1.0000 1e-30 m^2  Cq=        -1.1016 MHz  eta= 0.67010

     H   15    Vxx=   -0.0058    axis=(  0.550172 -0.509762 -0.661403)
     H   15    Vyy=   -0.4294    axis=( -0.035380 -0.805569  0.591445)
     H   15    Vzz=    0.4352    axis=( -0.834302 -0.301996 -0.461237)
     H   15  Q=         1.0000 1e-30 m^2  Cq=         1.0225 MHz  eta= 0.97340

     C   16    Vxx=   -0.0180    axis=(  0.627264 -0.649674 -0.429494)
     C   16    Vyy=   -0.3463    axis=(  0.778097  0.499233  0.381224)
     C   16    Vzz=    0.3643    axis=( -0.033253 -0.573315  0.818660)
     C   16  Q=         1.0000 1e-30 m^2  Cq=         0.8559 MHz  eta= 0.90134

     C   17    Vxx=    0.0247    axis=( -0.720930 -0.336499  0.605829)
     C   17    Vyy=    0.2856    axis=(  0.690213 -0.427079  0.584131)
     C   17    Vzz=   -0.3103    axis=( -0.062177 -0.839269 -0.540150)
     C   17  Q=         1.0000 1e-30 m^2  Cq=        -0.7292 MHz  eta= 0.84069

     Cl  18    Vxx=    0.7980    axis=(  0.780989 -0.621212 -0.064433)
     Cl  18    Vyy=    2.0924    axis=( -0.146480 -0.081904 -0.985817)
     Cl  18    Vzz=   -2.8904    axis=(  0.607124  0.779351 -0.154961)
     Cl  18  Q=        -8.1650 1e-30 m^2  Cq=        55.4510 MHz  eta= 0.44783

     H   19    Vxx=   -0.0424    axis=(  0.289988  0.342321  0.893713)
     H   19    Vyy=   -0.4297    axis=( -0.949734  0.218025  0.224654)
     H   19    Vzz=    0.4721    axis=( -0.117948 -0.913937  0.388339)
     H   19  Q=         1.0000 1e-30 m^2  Cq=         1.1093 MHz  eta= 0.82040

     C   20    Vxx=   -0.0117    axis=( -0.041899  0.626528 -0.778272)
     C   20    Vyy=   -0.1842    axis=(  0.458971  0.703971  0.542005)
     C   20    Vzz=    0.1958    axis=(  0.887463 -0.334495 -0.317054)
     C   20  Q=         1.0000 1e-30 m^2  Cq=         0.4601 MHz  eta= 0.88096

     H   21    Vxx=   -0.0318    axis=(  0.092821  0.941662  0.323509)
     H   21    Vyy=   -0.5800    axis=( -0.697082 -0.170541  0.696414)
     H   21    Vzz=    0.6119    axis=(  0.710957 -0.290154  0.640586)
     H   21  Q=         1.0000 1e-30 m^2  Cq=         1.4376 MHz  eta= 0.89600

     C   22    Vxx=   -0.0826    axis=( -0.355650 -0.658482 -0.663261)
     C   22    Vyy=   -0.5759    axis=(  0.574636 -0.713737  0.400466)
     C   22    Vzz=    0.6585    axis=( -0.737093 -0.238708  0.632228)
     C   22  Q=         1.0000 1e-30 m^2  Cq=         1.5472 MHz  eta= 0.74915

     C   23    Vxx=    0.0452    axis=( -0.569031  0.683835  0.456698)
     C   23    Vyy=    0.3156    axis=(  0.432631  0.721262 -0.540935)
     C   23    Vzz=   -0.3607    axis=( -0.699309 -0.110227 -0.706269)
     C   23  Q=         1.0000 1e-30 m^2  Cq=        -0.8476 MHz  eta= 0.74968

     Cl  24    Vxx=   -0.3675    axis=( -0.019262  0.777158  0.629011)
     Cl  24    Vyy=   -3.1782    axis=( -0.440949  0.558033 -0.702967)
     Cl  24    Vzz=    3.5458    axis=( -0.897325 -0.290903  0.331938)
     Cl  24  Q=        -8.1650 1e-30 m^2  Cq=       -68.0237 MHz  eta= 0.79269

     Initialization:
     gipaw_setup  :     10.21s CPU     12.14s WALL (       1 calls)

     Linear response

     Apply operators

     Induced current

     Other routines
     efg          :      8.88s CPU     11.05s WALL (       1 calls)

     General routines
     calbec       :      3.04s CPU      3.95s WALL (      16 calls)
     fft          :      1.35s CPU      1.75s WALL (      15 calls)
     ffts         :      0.04s CPU      0.04s WALL (       2 calls)
     fftw         :      3.13s CPU      3.75s WALL (     672 calls)
     davcio       :      0.02s CPU      0.32s WALL (      32 calls)

     Parallel routines
     fft_scatter  :      1.84s CPU      2.69s WALL (     689 calls)

     Plugins

     GIPAW        :     62.24s CPU     89.11s WALL (       1 calls)
