
     Program QE v.6.0 (svn rev. 13079) starts on 12Jan2017 at  6:13:51 

     This program is part of the open-source Quantum ESPRESSO suite
     for quantum simulation of materials; please cite
         "P. Giannozzi et al., J. Phys.:Condens. Matter 21 395502 (2009);
          URL http://www.quantum-espresso.org", 
     in publications or presentations arising from this work. More details at
     http://www.quantum-espresso.org/quote

     Parallel version (MPI), running on     8 processors
     R & G space division:  proc/nbgrp/npool/nimage =       8

     ***** This is GIPAW svn revision unknown      *****

     Parallelizing q-star over 1 images

     Reading data from directory:
     /users/majewski/paradichlorobenzene/pbe/9_constraint/scratch/pbe.ecut100.np8.dt60.pcl2phi-129368.save
     Message from routine read_xml_file:
     file /users/majewski/paradichlorobenzene/pbe/9_constraint/scratch/pbe.ecut100.np8.dt60.pcl2phi-129368.save not guaranteed to be safe for post-processing

   Info: using nr1, nr2, nr3 values from input

   Info: using nr1, nr2, nr3 values from input

     IMPORTANT: XC functional enforced from input :
     Exchange-correlation      =  SLA  PW   PBX  PBC ( 1  4  3  4 0 0)
     Any further DFT definition will be discarded
     Please, verify this is what you really want

               file C.pbe-n-kjpaw_psl.1.0.0.UPF: wavefunction(s)  2S 2P renormalized
               file Cl.pbe-n-kjpaw_psl.1.0.0.UPF: wavefunction(s)  3S 3P renormalized
               file H.pbe-kjpaw_psl.1.0.0.UPF: wavefunction(s)  1S renormalized

     Parallelization info
     --------------------
     sticks:   dense  smooth     PW     G-vecs:    dense   smooth      PW
     Min        3057    1223    332               144436    36536    5170
     Max        3059    1225    333               144437    36537    5171
     Sum       24467    9791   2657              1155489   292295   41363


     Subspace diagonalization in iterative solution of the eigenvalue problem:
     a serial algorithm will be used

     GIPAW projectors -----------------------------------------------
     atom=  C    l=0  rc=    1.2000  rs=    0.8000
     atom=  C    l=0  rc=    1.2000  rs=    0.8000
     atom=  C    l=1  rc=    1.4000  rs=    0.9333
     atom=  C    l=1  rc=    1.4000  rs=    0.9333
     projs nearly linearly dependent: l=1  n1,n2= 1, 2  s=  0.99951561

     atom=  Cl   l=0  rc=    1.6000  rs=    1.0667
     atom=  Cl   l=0  rc=    1.6000  rs=    1.0667
     atom=  Cl   l=1  rc=    1.6000  rs=    1.0667
     atom=  Cl   l=1  rc=    1.6000  rs=    1.0667
     atom=  Cl   l=2  rc=    1.6000  rs=    1.0667
     atom=  Cl   l=2  rc=    1.6000  rs=    1.0667
     projs nearly linearly dependent: l=2  n1,n2= 1, 2  s=  0.99993509

     atom=  H    l=0  rc=    1.0000  rs=    0.6667
     atom=  H    l=0  rc=    1.0000  rs=    0.6667
     projs nearly linearly dependent: l=0  n1,n2= 1, 2  s=  0.99968852
     -----------------------------------------------------------------

     GIPAW integrals: -------------------------------------------
     Atom  i/j   nmr_para   nmr_dia   epr_rmc  epr_para   epr_dia
       C   1 1   0.83E+03  0.17E-01  0.93E+01  0.24E+08  0.24E+03
       C   2 1   0.86E+03 -0.61E-01  0.94E+01  0.25E+08  0.25E+03
       C   2 2   0.90E+03 -0.15E+00  0.97E+01  0.26E+08  0.26E+03
       C   3 3   0.33E+01  0.34E+00  0.18E+01  0.55E+03  0.21E+02
       C   4 3   0.35E+01  0.37E+00  0.20E+01  0.59E+03  0.22E+02
       C   4 4   0.38E+01  0.39E+00  0.22E+01  0.63E+03  0.24E+02
       Cl  1 1   0.14E+04 -0.47E+00  0.84E+01  0.32E+09  0.42E+03
       Cl  2 1   0.21E+04 -0.37E+00  0.12E+02  0.49E+09  0.65E+03
       Cl  2 2   0.33E+04 -0.16E+00  0.21E+02  0.76E+09  0.10E+04
       Cl  3 3   0.21E+02  0.79E-01  0.89E+01  0.23E+05  0.13E+03
       Cl  4 3   0.24E+02  0.67E-01  0.99E+01  0.27E+05  0.15E+03
       Cl  4 4   0.28E+02  0.44E-01  0.11E+02  0.32E+05  0.18E+03
       Cl  5 5   0.77E+00  0.19E+00  0.18E+01  0.12E+03  0.22E+02
       Cl  6 5   0.80E+00  0.19E+00  0.19E+01  0.12E+03  0.23E+02
       Cl  6 6   0.83E+00  0.20E+00  0.19E+01  0.12E+03  0.23E+02
       H   1 1   0.39E+02  0.19E+00  0.29E+00  0.78E+05  0.13E+02
       H   2 1   0.41E+02  0.21E+00  0.32E+00  0.82E+05  0.14E+02
       H   2 2   0.43E+02  0.22E+00  0.36E+00  0.86E+05  0.15E+02
     ------------------------------------------------------------

     alpha_pv=     34.7741 eV

     Number of occupied bands for each k-point:
     k-point:     1    nbnd_occ=  42
     k-point:     2    nbnd_occ=  42
     k-point:     3    nbnd_occ=  42
     k-point:     4    nbnd_occ=  42
     k-point:     5    nbnd_occ=  42
     k-point:     6    nbnd_occ=  42
     k-point:     7    nbnd_occ=  42
     k-point:     8    nbnd_occ=  42
     k-point:     9    nbnd_occ=  42
     k-point:    10    nbnd_occ=  42
     k-point:    11    nbnd_occ=  42
     k-point:    12    nbnd_occ=  42
     k-point:    13    nbnd_occ=  42
     k-point:    14    nbnd_occ=  42
     k-point:    15    nbnd_occ=  42
     k-point:    16    nbnd_occ=  42


     q-space interpolation up to   110.00 Rydberg

     GIPAW job: efg                                                                             


     ELECTRIC FIELD GRADIENTS TENSORS IN Hartree/bohrradius^2:

     ----- bare term -----
     Cl   1       -0.036730        0.012689       -0.064732
     Cl   1        0.012689       -0.019722        0.041422
     Cl   1       -0.064732        0.041422        0.056452

     C    2       -0.146504        0.275189       -0.174566
     C    2        0.275189       -0.247066       -0.302139
     C    2       -0.174566       -0.302139        0.393570

     C    3       -0.018799        0.282403       -0.152460
     C    3        0.282403       -0.140887       -0.348446
     C    3       -0.152460       -0.348446        0.159686

     H    4        0.067368       -0.090497       -0.223332
     H    4       -0.090497        0.511120       -0.197407
     H    4       -0.223332       -0.197407       -0.578488

     C    5       -0.517875        0.353435       -0.481490
     C    5        0.353435        0.335549       -0.151086
     C    5       -0.481490       -0.151086        0.182326

     H    6        0.053109        0.087997       -0.133386
     H    6        0.087997       -0.345674       -0.528263
     H    6       -0.133386       -0.528263        0.292564

     H    7        0.358788        0.126405       -0.315595
     H    7        0.126405       -0.049745        0.499288
     H    7       -0.315595        0.499288       -0.309043

     C    8       -0.157701       -0.308822       -0.172180
     C    8       -0.308822       -0.197576        0.395197
     C    8       -0.172180        0.395197        0.355277

     H    9       -0.321151        0.499312        0.054020
     H    9        0.499312        0.069086       -0.170692
     H    9        0.054020       -0.170692        0.252065

     C   10       -0.309641       -0.275895       -0.042184
     C   10       -0.275895       -0.106324        0.385435
     C   10       -0.042184        0.385435        0.415965

     C   11       -0.148465        0.177602       -0.231001
     C   11        0.177602       -0.019080        0.456458
     C   11       -0.231001        0.456458        0.167545

     Cl  12        0.290438       -0.096078        0.163366
     Cl  12       -0.096078        0.036720       -0.604738
     Cl  12        0.163366       -0.604738       -0.327158

     H   13        0.297676        0.213173       -0.154719
     H   13        0.213173       -0.619865        0.047599
     H   13       -0.154719        0.047599        0.322188

     C   14       -0.193798       -0.255201       -0.315571
     C   14       -0.255201       -0.036668       -0.457102
     C   14       -0.315571       -0.457102        0.230465

     H   15        0.058272       -0.107341       -0.261123
     H   15       -0.107341       -0.201422       -0.416371
     H   15       -0.261123       -0.416371        0.143150

     C   16       -0.713232        0.331320       -0.287673
     C   16        0.331320        0.224391       -0.096568
     C   16       -0.287673       -0.096568        0.488841

     C   17        0.129125        0.169964       -0.072959
     C   17        0.169964       -0.360407       -0.457025
     C   17       -0.072959       -0.457025        0.231282

     Cl  18        0.257396        0.173977       -0.104533
     Cl  18        0.173977        0.177909       -0.426902
     Cl  18       -0.104533       -0.426902       -0.435305

     H   19        0.134014       -0.030708       -0.363503
     H   19       -0.030708       -0.193234        0.436382
     H   19       -0.363503        0.436382        0.059221

     C   20       -0.586780       -0.307883       -0.152071
     C   20       -0.307883        0.215868        0.305987
     C   20       -0.152071        0.305987        0.370912

     H   21       -0.606628        0.098037        0.176664
     H   21        0.098037        0.396993        0.203715
     H   21        0.176664        0.203715        0.209635

     C   22        0.056317        0.149819       -0.292344
     C   22        0.149819       -0.402516        0.436947
     C   22       -0.292344        0.436947        0.346199

     C   23       -0.704365       -0.177335       -0.278431
     C   23       -0.177335        0.088127        0.127351
     C   23       -0.278431        0.127351        0.616237

     Cl  24        0.208810       -0.057791        0.026057
     Cl  24       -0.057791        0.234536        0.116041
     Cl  24        0.026057        0.116041       -0.443345

     ----- ionic term -----
     Cl   1        0.212756       -0.229435        0.042967
     Cl   1       -0.229435       -0.063998       -0.014492
     Cl   1        0.042967       -0.014492       -0.148758

     C    2        0.164657       -0.205143        0.310367
     C    2       -0.205143        0.103532        0.426758
     C    2        0.310367        0.426758       -0.268189

     C    3        0.008707       -0.214921        0.259690
     C    3       -0.214921        0.235882        0.374037
     C    3        0.259690        0.374037       -0.244589

     H    4        0.257012        0.437962        0.666587
     H    4        0.437962       -0.221043        0.417102
     H    4        0.666587        0.417102       -0.035969

     C    5        0.134860       -0.146685        0.394269
     C    5       -0.146685        0.103727        0.231537
     C    5        0.394269        0.231537       -0.238586

     H    6       -0.535284        0.018591        0.035373
     H    6        0.018591        0.847246        0.555051
     H    6        0.035373        0.555051       -0.311961

     H    7       -0.493879       -0.150785        0.136083
     H    7       -0.150785        0.329695       -0.800789
     H    7        0.136083       -0.800789        0.164184

     C    8        0.394758        0.109645        0.062133
     C    8        0.109645       -0.102117       -0.393779
     C    8        0.062133       -0.393779       -0.292640

     H    9        0.751935       -0.403676        0.486351
     H    9       -0.403676       -0.440595       -0.245746
     H    9        0.486351       -0.245746       -0.311339

     C   10        0.214198        0.152867       -0.007470
     C   10        0.152867        0.065324       -0.489602
     C   10       -0.007470       -0.489602       -0.279522

     C   11        0.361869        0.043233        0.087685
     C   11        0.043233       -0.020446       -0.442695
     C   11        0.087685       -0.442695       -0.341423

     Cl  12        0.147064        0.176304       -0.066813
     Cl  12        0.176304       -0.023190       -0.036692
     Cl  12       -0.066813       -0.036692       -0.123874

     H   13       -0.492120       -0.089402       -0.012883
     H   13       -0.089402        0.792285        0.596477
     H   13       -0.012883        0.596477       -0.300165

     C   14        0.277447       -0.203730        0.425376
     C   14       -0.203730        0.027248        0.233631
     C   14        0.425376        0.233631       -0.304695

     H   15        0.246658        0.416013        0.688959
     H   15        0.416013       -0.229666        0.415823
     H   15        0.688959        0.415823       -0.016992

     C   16        0.127345       -0.257152        0.308044
     C   16       -0.257152        0.200082        0.288116
     C   16        0.308044        0.288116       -0.327427

     C   17        0.092131       -0.220498        0.388513
     C   17       -0.220498        0.170483        0.288171
     C   17        0.388513        0.288171       -0.262615

     Cl  18        0.141550       -0.197912        0.106598
     Cl  18       -0.197912       -0.001826       -0.061619
     Cl  18        0.106598       -0.061619       -0.139724

     H   19       -0.492604       -0.238320        0.133983
     H   19       -0.238320        0.616088       -0.744542
     H   19        0.133983       -0.744542       -0.123483

     C   20        0.372922        0.014630        0.099100
     C   20        0.014630       -0.015140       -0.366265
     C   20        0.099100       -0.366265       -0.357781

     H   21        0.763922       -0.439278        0.439322
     H   21       -0.439278       -0.395240       -0.231476
     H   21        0.439322       -0.231476       -0.368682

     C   22        0.164048        0.076919        0.049408
     C   22        0.076919        0.105172       -0.495664
     C   22        0.049408       -0.495664       -0.269220

     C   23        0.260763        0.078012        0.123476
     C   23        0.078012        0.057990       -0.480725
     C   23        0.123476       -0.480725       -0.318753

     Cl  24        0.106073        0.228302       -0.059886
     Cl  24        0.228302        0.024931       -0.041865
     Cl  24       -0.059886       -0.041865       -0.131004

     ----- GIPAW term -----
     Cl   1       -0.422827       -1.648080        0.769913
     Cl   1       -1.648080       -1.325516       -0.563282
     Cl   1        0.769913       -0.563282        1.748343

     C    2       -0.077396       -0.017267       -0.015575
     C    2       -0.017267       -0.050470       -0.135954
     C    2       -0.015575       -0.135954        0.127866

     C    3       -0.052986        0.075661       -0.095280
     C    3        0.075661       -0.017717       -0.134121
     C    3       -0.095280       -0.134121        0.070702

     H    4       -0.000000        0.000000        0.000000
     H    4        0.000000        0.000000        0.000000
     H    4        0.000000        0.000000        0.000000

     C    5        0.023030        0.231276       -0.018998
     C    5        0.231276        0.097770        0.040757
     C    5       -0.018998        0.040757       -0.120799

     H    6       -0.000000        0.000000        0.000000
     H    6        0.000000        0.000000        0.000000
     H    6        0.000000        0.000000        0.000000

     H    7       -0.000000        0.000000        0.000000
     H    7        0.000000        0.000000        0.000000
     H    7        0.000000        0.000000        0.000000

     C    8       -0.040396       -0.116425        0.020446
     C    8       -0.116425        0.019182        0.003410
     C    8        0.020446        0.003410        0.021214

     H    9       -0.000000        0.000000        0.000000
     H    9        0.000000        0.000000        0.000000
     H    9        0.000000        0.000000        0.000000

     C   10       -0.141011       -0.044186       -0.027849
     C   10       -0.044186        0.031194        0.185019
     C   10       -0.027849        0.185019        0.109817

     C   11       -0.060000        0.073108       -0.015277
     C   11        0.073108       -0.004196        0.145379
     C   11       -0.015277        0.145379        0.064197

     Cl  12        0.378529        0.055032       -0.156355
     Cl  12        0.055032       -0.166395       -0.414355
     Cl  12       -0.156355       -0.414355       -0.212135

     H   13       -0.000000        0.000000        0.000000
     H   13        0.000000        0.000000        0.000000
     H   13        0.000000        0.000000        0.000000

     C   14       -0.055497       -0.128435        0.034869
     C   14       -0.128435        0.059270       -0.190501
     C   14        0.034869       -0.190501       -0.003773

     H   15       -0.000000        0.000000        0.000000
     H   15        0.000000        0.000000        0.000000
     H   15        0.000000        0.000000        0.000000

     C   16       -0.143245       -0.060192       -0.048859
     C   16       -0.060192        0.180404        0.057183
     C   16       -0.048859        0.057183       -0.037159

     C   17       -0.053071        0.026611        0.062192
     C   17        0.026611        0.089352        0.164367
     C   17        0.062192        0.164367       -0.036281

     Cl  18        0.132676       -0.153769        0.263315
     Cl  18       -0.153769       -0.127488       -0.085927
     Cl  18        0.263315       -0.085927       -0.005188

     H   19       -0.000000        0.000000        0.000000
     H   19        0.000000        0.000000        0.000000
     H   19        0.000000        0.000000        0.000000

     C   20       -0.118213        0.106234        0.042707
     C   20        0.106234        0.176824        0.100009
     C   20        0.042707        0.100009       -0.058611

     H   21       -0.000000        0.000000        0.000000
     H   21        0.000000        0.000000        0.000000
     H   21        0.000000        0.000000        0.000000

     C   22       -0.048535        0.141259       -0.142746
     C   22        0.141259       -0.028711       -0.123098
     C   22       -0.142746       -0.123098        0.077246

     C   23       -0.177133        0.053793       -0.049603
     C   23        0.053793       -0.069415       -0.110251
     C   23       -0.049603       -0.110251        0.246548

     Cl  24       -0.262919        0.819076       -0.025176
     Cl  24        0.819076       -0.659796       -0.390529
     Cl  24       -0.025176       -0.390529        0.922715

     ----- total EFG -----
     Cl   1       -0.246801       -1.864826        0.748149
     Cl   1       -1.864826       -1.409236       -0.536351
     Cl   1        0.748149       -0.536351        1.656037

     C    2       -0.059243        0.052779        0.120227
     C    2        0.052779       -0.194004       -0.011335
     C    2        0.120227       -0.011335        0.253247

     C    3       -0.063078        0.143143        0.011950
     C    3        0.143143        0.077278       -0.108531
     C    3        0.011950       -0.108531       -0.014200

     H    4        0.324380        0.347465        0.443255
     H    4        0.347465        0.290077        0.219695
     H    4        0.443255        0.219695       -0.614457

     C    5       -0.359985        0.438026       -0.106219
     C    5        0.438026        0.537045        0.121209
     C    5       -0.106219        0.121209       -0.177060

     H    6       -0.482175        0.106587       -0.098013
     H    6        0.106587        0.501572        0.026788
     H    6       -0.098013        0.026788       -0.019397

     H    7       -0.135091       -0.024381       -0.179511
     H    7       -0.024381        0.279950       -0.301501
     H    7       -0.179511       -0.301501       -0.144859

     C    8        0.196661       -0.315601       -0.089602
     C    8       -0.315601       -0.280512        0.004827
     C    8       -0.089602        0.004827        0.083851

     H    9        0.430784        0.095637        0.540371
     H    9        0.095637       -0.371509       -0.416438
     H    9        0.540371       -0.416438       -0.059274

     C   10       -0.236454       -0.167214       -0.077503
     C   10       -0.167214       -0.009805        0.080852
     C   10       -0.077503        0.080852        0.246259

     C   11        0.153404        0.293943       -0.158592
     C   11        0.293943       -0.043722        0.159142
     C   11       -0.158592        0.159142       -0.109682

     Cl  12        0.816031        0.135258       -0.059802
     Cl  12        0.135258       -0.152865       -1.055784
     Cl  12       -0.059802       -1.055784       -0.663166

     H   13       -0.194443        0.123772       -0.167602
     H   13        0.123772        0.172420        0.644076
     H   13       -0.167602        0.644076        0.022023

     C   14        0.028153       -0.587365        0.144675
     C   14       -0.587365        0.049850       -0.413973
     C   14        0.144675       -0.413973       -0.078003

     H   15        0.304930        0.308671        0.427837
     H   15        0.308671       -0.431088       -0.000548
     H   15        0.427837       -0.000548        0.126159

     C   16       -0.729132        0.013976       -0.028488
     C   16        0.013976        0.604877        0.248731
     C   16       -0.028488        0.248731        0.124255

     C   17        0.168186       -0.023923        0.377746
     C   17       -0.023923       -0.100572       -0.004488
     C   17        0.377746       -0.004488       -0.067614

     Cl  18        0.531621       -0.177704        0.265380
     Cl  18       -0.177704        0.048595       -0.574448
     Cl  18        0.265380       -0.574448       -0.580217

     H   19       -0.358591       -0.269028       -0.229520
     H   19       -0.269028        0.422854       -0.308160
     H   19       -0.229520       -0.308160       -0.064263

     C   20       -0.332072       -0.187019       -0.010264
     C   20       -0.187019        0.377552        0.039732
     C   20       -0.010264        0.039732       -0.045481

     H   21        0.157294       -0.341241        0.615987
     H   21       -0.341241        0.001753       -0.027761
     H   21        0.615987       -0.027761       -0.159047

     C   22        0.171831        0.367997       -0.385682
     C   22        0.367997       -0.326055       -0.181816
     C   22       -0.385682       -0.181816        0.154225

     C   23       -0.620735       -0.045530       -0.204558
     C   23       -0.045530        0.076702       -0.463625
     C   23       -0.204558       -0.463625        0.544033

     Cl  24        0.051964        0.989588       -0.059005
     Cl  24        0.989588       -0.400330       -0.316353
     Cl  24       -0.059005       -0.316353        0.348366

     ----- total EFG (symmetrized) -----
     Cl   1       -0.246801       -1.864826        0.748149
     Cl   1       -1.864826       -1.409236       -0.536351
     Cl   1        0.748149       -0.536351        1.656037

     C    2       -0.059243        0.052779        0.120227
     C    2        0.052779       -0.194004       -0.011335
     C    2        0.120227       -0.011335        0.253247

     C    3       -0.063078        0.143143        0.011950
     C    3        0.143143        0.077278       -0.108531
     C    3        0.011950       -0.108531       -0.014200

     H    4        0.324380        0.347465        0.443255
     H    4        0.347465        0.290077        0.219695
     H    4        0.443255        0.219695       -0.614457

     C    5       -0.359985        0.438026       -0.106219
     C    5        0.438026        0.537045        0.121209
     C    5       -0.106219        0.121209       -0.177060

     H    6       -0.482175        0.106587       -0.098013
     H    6        0.106587        0.501572        0.026788
     H    6       -0.098013        0.026788       -0.019397

     H    7       -0.135091       -0.024381       -0.179511
     H    7       -0.024381        0.279950       -0.301501
     H    7       -0.179511       -0.301501       -0.144859

     C    8        0.196661       -0.315601       -0.089602
     C    8       -0.315601       -0.280512        0.004827
     C    8       -0.089602        0.004827        0.083851

     H    9        0.430784        0.095637        0.540371
     H    9        0.095637       -0.371509       -0.416438
     H    9        0.540371       -0.416438       -0.059274

     C   10       -0.236454       -0.167214       -0.077503
     C   10       -0.167214       -0.009805        0.080852
     C   10       -0.077503        0.080852        0.246259

     C   11        0.153404        0.293943       -0.158592
     C   11        0.293943       -0.043722        0.159142
     C   11       -0.158592        0.159142       -0.109682

     Cl  12        0.816031        0.135258       -0.059802
     Cl  12        0.135258       -0.152865       -1.055784
     Cl  12       -0.059802       -1.055784       -0.663166

     H   13       -0.194443        0.123772       -0.167602
     H   13        0.123772        0.172420        0.644076
     H   13       -0.167602        0.644076        0.022023

     C   14        0.028153       -0.587365        0.144675
     C   14       -0.587365        0.049850       -0.413973
     C   14        0.144675       -0.413973       -0.078003

     H   15        0.304930        0.308671        0.427837
     H   15        0.308671       -0.431088       -0.000548
     H   15        0.427837       -0.000548        0.126159

     C   16       -0.729132        0.013976       -0.028488
     C   16        0.013976        0.604877        0.248731
     C   16       -0.028488        0.248731        0.124255

     C   17        0.168186       -0.023923        0.377746
     C   17       -0.023923       -0.100572       -0.004488
     C   17        0.377746       -0.004488       -0.067614

     Cl  18        0.531621       -0.177704        0.265380
     Cl  18       -0.177704        0.048595       -0.574448
     Cl  18        0.265380       -0.574448       -0.580217

     H   19       -0.358591       -0.269028       -0.229520
     H   19       -0.269028        0.422854       -0.308160
     H   19       -0.229520       -0.308160       -0.064263

     C   20       -0.332072       -0.187019       -0.010264
     C   20       -0.187019        0.377552        0.039732
     C   20       -0.010264        0.039732       -0.045481

     H   21        0.157294       -0.341241        0.615987
     H   21       -0.341241        0.001753       -0.027761
     H   21        0.615987       -0.027761       -0.159047

     C   22        0.171831        0.367997       -0.385682
     C   22        0.367997       -0.326055       -0.181816
     C   22       -0.385682       -0.181816        0.154225

     C   23       -0.620735       -0.045530       -0.204558
     C   23       -0.045530        0.076702       -0.463625
     C   23       -0.204558       -0.463625        0.544033

     Cl  24        0.051964        0.989588       -0.059005
     Cl  24        0.989588       -0.400330       -0.316353
     Cl  24       -0.059005       -0.316353        0.348366


     NQR/NMR SPECTROSCOPIC PARAMETERS:
     Cl   1    Vxx=    0.4327    axis=( -0.642367  0.475275  0.601230)
     Cl   1    Vyy=    2.3486    axis=(  0.485324 -0.354889  0.799071)
     Cl   1    Vzz=   -2.7814    axis=( -0.593149 -0.805088  0.002694)
     Cl   1  Q=        -8.1650 1e-30 m^2  Cq=        53.3588 MHz  eta= 0.68885

     C    2    Vxx=   -0.0758    axis=( -0.859974 -0.412881  0.299957)
     C    2    Vyy=   -0.2184    axis=( -0.394519  0.910692  0.122455)
     C    2    Vzz=    0.2942    axis=(  0.323728  0.013031  0.946060)
     C    2  Q=         1.0000 1e-30 m^2  Cq=         0.6913 MHz  eta= 0.48450

     C    3    Vxx=   -0.0194    axis=(  0.556861  0.100996  0.824443)
     C    3    Vyy=   -0.1832    axis=( -0.714296  0.564787  0.413276)
     C    3    Vzz=    0.2026    axis=( -0.423895 -0.819033  0.386649)
     C    3  Q=         1.0000 1e-30 m^2  Cq=         0.4760 MHz  eta= 0.80825

     H    4    Vxx=   -0.0176    axis=(  0.598210 -0.786236  0.154847)
     H    4    Vyy=   -0.7966    axis=( -0.345396 -0.078619  0.935158)
     H    4    Vzz=    0.8142    axis=( -0.723081 -0.612905 -0.318594)
     H    4  Q=         1.0000 1e-30 m^2  Cq=         1.9131 MHz  eta= 0.95686

     C    5    Vxx=   -0.1321    axis=( -0.338756  0.051577  0.939460)
     C    5    Vyy=   -0.5893    axis=( -0.866220  0.372694 -0.332808)
     C    5    Vzz=    0.7214    axis=( -0.367296 -0.926520 -0.081575)
     C    5  Q=         1.0000 1e-30 m^2  Cq=         1.6949 MHz  eta= 0.63374

     H    6    Vxx=    0.0005    axis=( -0.201044 -0.009601  0.979535)
     H    6    Vyy=    0.5135    axis=( -0.103378 -0.994160 -0.030963)
     H    6    Vzz=   -0.5139    axis=(  0.974112 -0.107488  0.198877)
     H    6  Q=         1.0000 1e-30 m^2  Cq=        -1.2076 MHz  eta= 0.99822

     H    7    Vxx=   -0.0341    axis=(  0.837866 -0.342798 -0.424818)
     H    7    Vyy=   -0.4092    axis=(  0.534180  0.354648  0.767383)
     H    7    Vzz=    0.4433    axis=( -0.112396 -0.869893  0.480263)
     H    7  Q=         1.0000 1e-30 m^2  Cq=         1.0415 MHz  eta= 0.84614

     C    8    Vxx=    0.0630    axis=(  0.213113 -0.182288  0.959872)
     C    8    Vyy=    0.3770    axis=( -0.866791  0.418062  0.271841)
     C    8    Vzz=   -0.4400    axis=( -0.450840 -0.889941 -0.068911)
     C    8  Q=         1.0000 1e-30 m^2  Cq=        -1.0339 MHz  eta= 0.71346

     H    9    Vxx=   -0.0012    axis=(  0.487916  0.704923 -0.514802)
     H    9    Vyy=   -0.7982    axis=( -0.333826  0.695625  0.636134)
     H    9    Vzz=    0.7994    axis=(  0.806535 -0.138526  0.574728)
     H    9  Q=         1.0000 1e-30 m^2  Cq=         1.8783 MHz  eta= 0.99702

     C   10    Vxx=    0.0266    axis=( -0.387793  0.812184 -0.435861)
     C   10    Vyy=    0.3002    axis=( -0.243675  0.365709  0.898265)
     C   10    Vzz=   -0.3268    axis=( -0.888954 -0.454549 -0.056090)
     C   10  Q=         1.0000 1e-30 m^2  Cq=        -0.7680 MHz  eta= 0.83696

     C   11    Vxx=    0.0483    axis=( -0.269295  0.530066  0.804059)
     C   11    Vyy=    0.3681    axis=( -0.826674 -0.555539  0.089363)
     C   11    Vzz=   -0.4164    axis=(  0.494054 -0.640630  0.587796)
     C   11  Q=         1.0000 1e-30 m^2  Cq=        -0.9784 MHz  eta= 0.76780

     Cl  12    Vxx=    0.5883    axis=( -0.531382  0.659834 -0.531274)
     Cl  12    Vyy=    0.9065    axis=( -0.846982 -0.425616  0.318547)
     Cl  12    Vzz=   -1.4948    axis=( -0.015931  0.619250  0.785032)
     Cl  12  Q=        -8.1650 1e-30 m^2  Cq=        28.6766 MHz  eta= 0.21288

     H   13    Vxx=   -0.0996    axis=(  0.908519  0.292704 -0.298191)
     H   13    Vyy=   -0.6465    axis=( -0.417321  0.599922 -0.682596)
     H   13    Vzz=    0.7461    axis=(  0.020907 -0.744592 -0.667192)
     H   13  Q=         1.0000 1e-30 m^2  Cq=         1.7530 MHz  eta= 0.73312

     C   14    Vxx=   -0.1790    axis=( -0.576652 -0.002163  0.816987)
     C   14    Vyy=   -0.6302    axis=(  0.560649  0.726327  0.397645)
     C   14    Vzz=    0.8092    axis=( -0.594260  0.687346 -0.417625)
     C   14  Q=         1.0000 1e-30 m^2  Cq=         1.9013 MHz  eta= 0.55753

     H   15    Vxx=   -0.1221    axis=( -0.448731 -0.449652  0.772304)
     H   15    Vyy=   -0.5828    axis=( -0.425771  0.867381  0.257622)
     H   15    Vzz=    0.7049    axis=( -0.785722 -0.213221 -0.580670)
     H   15  Q=         1.0000 1e-30 m^2  Cq=         1.6562 MHz  eta= 0.65353

     C   16    Vxx=    0.0200    axis=( -0.042253 -0.390175  0.919771)
     C   16    Vyy=    0.7104    axis=(  0.001208  0.920572  0.390571)
     C   16    Vzz=   -0.7305    axis=( -0.999106  0.017614 -0.038425)
     C   16  Q=         1.0000 1e-30 m^2  Cq=        -1.7163 MHz  eta= 0.94510

     C   17    Vxx=   -0.1010    axis=( -0.006694 -0.998268 -0.058452)
     C   17    Vyy=   -0.3459    axis=( -0.592889 -0.043109  0.804130)
     C   17    Vzz=    0.4469    axis=(  0.805257 -0.040039  0.591573)
     C   17  Q=         1.0000 1e-30 m^2  Cq=         1.0500 MHz  eta= 0.54800

     Cl  18    Vxx=    0.1700    axis=(  0.603458  0.721677 -0.339147)
     Cl  18    Vyy=    0.7642    axis=(  0.791393 -0.489961  0.365562)
     Cl  18    Vzz=   -0.9342    axis=( -0.097649  0.489000  0.866801)
     Cl  18  Q=        -8.1650 1e-30 m^2  Cq=        17.9219 MHz  eta= 0.63613

     H   19    Vxx=    0.0317    axis=(  0.596203 -0.202076 -0.776986)
     H   19    Vyy=    0.5965    axis=( -0.169214  0.914433 -0.367666)
     H   19    Vzz=   -0.6282    axis=(  0.784799  0.350680  0.510994)
     H   19  Q=         1.0000 1e-30 m^2  Cq=        -1.4761 MHz  eta= 0.89906

     C   20    Vxx=   -0.0490    axis=(  0.019527 -0.084228  0.996255)
     C   20    Vyy=   -0.3783    axis=( -0.970745 -0.240109 -0.001273)
     C   20    Vzz=    0.4274    axis=(  0.239317 -0.967085 -0.086453)
     C   20  Q=         1.0000 1e-30 m^2  Cq=         1.0042 MHz  eta= 0.77051

     H   21    Vxx=   -0.0566    axis=(  0.114814  0.885325  0.450574)
     H   21    Vyy=   -0.6923    axis=( -0.634931 -0.283431  0.718700)
     H   21    Vzz=    0.7489    axis=(  0.763989 -0.368600  0.529579)
     H   21  Q=         1.0000 1e-30 m^2  Cq=         1.7597 MHz  eta= 0.84877

     C   22    Vxx=   -0.1776    axis=(  0.521720  0.329411  0.786954)
     C   22    Vyy=   -0.5223    axis=( -0.486445  0.872663 -0.042793)
     C   22    Vzz=    0.6998    axis=( -0.700842 -0.360483  0.615526)
     C   22  Q=         1.0000 1e-30 m^2  Cq=         1.6444 MHz  eta= 0.49253

     C   23    Vxx=   -0.1643    axis=( -0.291247  0.836808  0.463603)
     C   23    Vyy=   -0.6809    axis=(  0.951043  0.200890  0.234861)
     C   23    Vzz=    0.8452    axis=( -0.103400 -0.509309  0.854349)
     C   23  Q=         1.0000 1e-30 m^2  Cq=         1.9858 MHz  eta= 0.61119

     Cl  24    Vxx=    0.2742    axis=(  0.387552  0.141342  0.910948)
     Cl  24    Vyy=    0.9439    axis=( -0.695537 -0.603702  0.389578)
     Cl  24    Vzz=   -1.2181    axis=(  0.605005 -0.784580 -0.135658)
     Cl  24  Q=        -8.1650 1e-30 m^2  Cq=        23.3690 MHz  eta= 0.54983

     Initialization:
     gipaw_setup  :      9.24s CPU     10.92s WALL (       1 calls)

     Linear response

     Apply operators

     Induced current

     Other routines
     efg          :      9.79s CPU     12.72s WALL (       1 calls)

     General routines
     calbec       :      3.58s CPU      4.96s WALL (      16 calls)
     fft          :      1.42s CPU      1.72s WALL (      15 calls)
     ffts         :      0.06s CPU      0.07s WALL (       2 calls)
     fftw         :      3.35s CPU      4.23s WALL (     672 calls)
     davcio       :      0.03s CPU      0.31s WALL (      32 calls)

     Parallel routines
     fft_scatter  :      2.16s CPU      3.10s WALL (     689 calls)

     Plugins

     GIPAW        :     61.10s CPU     71.89s WALL (       1 calls)
