
     Program QE v.6.0 (svn rev. 13079) starts on 26Dec2016 at  5: 7: 8 

     This program is part of the open-source Quantum ESPRESSO suite
     for quantum simulation of materials; please cite
         "P. Giannozzi et al., J. Phys.:Condens. Matter 21 395502 (2009);
          URL http://www.quantum-espresso.org", 
     in publications or presentations arising from this work. More details at
     http://www.quantum-espresso.org/quote

     Parallel version (MPI), running on     8 processors
     R & G space division:  proc/nbgrp/npool/nimage =       8

     ***** This is GIPAW svn revision unknown      *****

     Parallelizing q-star over 1 images

     Reading data from directory:
     /users/majewski/paradichlorobenzene/pbe/9_constraint/scratch/pbe.ecut100.np8.dt60.pcl2phi-129368.save
     Message from routine read_xml_file:
     file /users/majewski/paradichlorobenzene/pbe/9_constraint/scratch/pbe.ecut100.np8.dt60.pcl2phi-129368.save not guaranteed to be safe for post-processing

   Info: using nr1, nr2, nr3 values from input

   Info: using nr1, nr2, nr3 values from input

     IMPORTANT: XC functional enforced from input :
     Exchange-correlation      =  SLA  PW   PBX  PBC ( 1  4  3  4 0 0)
     Any further DFT definition will be discarded
     Please, verify this is what you really want

               file C.pbe-n-kjpaw_psl.1.0.0.UPF: wavefunction(s)  2S 2P renormalized
               file Cl.pbe-n-kjpaw_psl.1.0.0.UPF: wavefunction(s)  3S 3P renormalized
               file H.pbe-kjpaw_psl.1.0.0.UPF: wavefunction(s)  1S renormalized

     Parallelization info
     --------------------
     sticks:   dense  smooth     PW     G-vecs:    dense   smooth      PW
     Min        3057    1223    332               144436    36536    5170
     Max        3059    1225    333               144437    36537    5171
     Sum       24467    9791   2657              1155489   292295   41363


     Subspace diagonalization in iterative solution of the eigenvalue problem:
     a serial algorithm will be used

     GIPAW projectors -----------------------------------------------
     atom=  C    l=0  rc=    1.2000  rs=    0.8000
     atom=  C    l=0  rc=    1.2000  rs=    0.8000
     atom=  C    l=1  rc=    1.4000  rs=    0.9333
     atom=  C    l=1  rc=    1.4000  rs=    0.9333
     projs nearly linearly dependent: l=1  n1,n2= 1, 2  s=  0.99951561

     atom=  Cl   l=0  rc=    1.6000  rs=    1.0667
     atom=  Cl   l=0  rc=    1.6000  rs=    1.0667
     atom=  Cl   l=1  rc=    1.6000  rs=    1.0667
     atom=  Cl   l=1  rc=    1.6000  rs=    1.0667
     atom=  Cl   l=2  rc=    1.6000  rs=    1.0667
     atom=  Cl   l=2  rc=    1.6000  rs=    1.0667
     projs nearly linearly dependent: l=2  n1,n2= 1, 2  s=  0.99993509

     atom=  H    l=0  rc=    1.0000  rs=    0.6667
     atom=  H    l=0  rc=    1.0000  rs=    0.6667
     projs nearly linearly dependent: l=0  n1,n2= 1, 2  s=  0.99968852
     -----------------------------------------------------------------

     GIPAW integrals: -------------------------------------------
     Atom  i/j   nmr_para   nmr_dia   epr_rmc  epr_para   epr_dia
       C   1 1   0.83E+03  0.17E-01  0.93E+01  0.24E+08  0.24E+03
       C   2 1   0.86E+03 -0.61E-01  0.94E+01  0.25E+08  0.25E+03
       C   2 2   0.90E+03 -0.15E+00  0.97E+01  0.26E+08  0.26E+03
       C   3 3   0.33E+01  0.34E+00  0.18E+01  0.55E+03  0.21E+02
       C   4 3   0.35E+01  0.37E+00  0.20E+01  0.59E+03  0.22E+02
       C   4 4   0.38E+01  0.39E+00  0.22E+01  0.63E+03  0.24E+02
       Cl  1 1   0.14E+04 -0.47E+00  0.84E+01  0.32E+09  0.42E+03
       Cl  2 1   0.21E+04 -0.37E+00  0.12E+02  0.49E+09  0.65E+03
       Cl  2 2   0.33E+04 -0.16E+00  0.21E+02  0.76E+09  0.10E+04
       Cl  3 3   0.21E+02  0.79E-01  0.89E+01  0.23E+05  0.13E+03
       Cl  4 3   0.24E+02  0.67E-01  0.99E+01  0.27E+05  0.15E+03
       Cl  4 4   0.28E+02  0.44E-01  0.11E+02  0.32E+05  0.18E+03
       Cl  5 5   0.77E+00  0.19E+00  0.18E+01  0.12E+03  0.22E+02
       Cl  6 5   0.80E+00  0.19E+00  0.19E+01  0.12E+03  0.23E+02
       Cl  6 6   0.83E+00  0.20E+00  0.19E+01  0.12E+03  0.23E+02
       H   1 1   0.39E+02  0.19E+00  0.29E+00  0.78E+05  0.13E+02
       H   2 1   0.41E+02  0.21E+00  0.32E+00  0.82E+05  0.14E+02
       H   2 2   0.43E+02  0.22E+00  0.36E+00  0.86E+05  0.15E+02
     ------------------------------------------------------------

     alpha_pv=     34.6393 eV

     Number of occupied bands for each k-point:
     k-point:     1    nbnd_occ=  42
     k-point:     2    nbnd_occ=  42
     k-point:     3    nbnd_occ=  42
     k-point:     4    nbnd_occ=  42
     k-point:     5    nbnd_occ=  42
     k-point:     6    nbnd_occ=  42
     k-point:     7    nbnd_occ=  42
     k-point:     8    nbnd_occ=  42
     k-point:     9    nbnd_occ=  42
     k-point:    10    nbnd_occ=  42
     k-point:    11    nbnd_occ=  42
     k-point:    12    nbnd_occ=  42
     k-point:    13    nbnd_occ=  42
     k-point:    14    nbnd_occ=  42
     k-point:    15    nbnd_occ=  42
     k-point:    16    nbnd_occ=  42


     q-space interpolation up to   110.00 Rydberg

     GIPAW job: efg                                                                             


     ELECTRIC FIELD GRADIENTS TENSORS IN Hartree/bohrradius^2:

     ----- bare term -----
     Cl   1        0.006496        0.020761       -0.075116
     Cl   1        0.020761       -0.035575        0.027895
     Cl   1       -0.075116        0.027895        0.029080

     C    2       -0.388846        0.382592       -0.180324
     C    2        0.382592       -0.004836       -0.321660
     C    2       -0.180324       -0.321660        0.393682

     C    3        0.206462        0.060876       -0.024667
     C    3        0.060876       -0.053658       -0.067002
     C    3       -0.024667       -0.067002       -0.152804

     H    4        0.145633       -0.006916       -0.374915
     H    4       -0.006916        0.254248        0.225283
     H    4       -0.374915        0.225283       -0.399881

     C    5       -0.347940        0.174936       -0.088539
     C    5        0.174936        0.216588        0.072762
     C    5       -0.088539        0.072762        0.131353

     H    6        0.335408       -0.056767        0.323988
     H    6       -0.056767        0.146515       -0.168720
     H    6        0.323988       -0.168720       -0.481923

     H    7        0.405309        0.283865       -0.020446
     H    7        0.283865       -0.756673        0.221531
     H    7       -0.020446        0.221531        0.351364

     C    8       -0.039068       -0.289441       -0.056738
     C    8       -0.289441       -0.147362        0.381412
     C    8       -0.056738        0.381412        0.186429

     H    9       -0.345408        0.550866       -0.032574
     H    9        0.550866       -0.001570       -0.090790
     H    9       -0.032574       -0.090790        0.346978

     C   10       -0.643103       -0.406108       -0.305481
     C   10       -0.406108        0.317588        0.205751
     C   10       -0.305481        0.205751        0.325514

     C   11        0.013643        0.221175       -0.365500
     C   11        0.221175       -0.080370        0.555217
     C   11       -0.365500        0.555217        0.066728

     Cl  12       -0.320675       -0.289413       -0.010993
     Cl  12       -0.289413        0.206306       -0.052645
     Cl  12       -0.010993       -0.052645        0.114369

     H   13        0.008678        0.147049        0.352405
     H   13        0.147049        0.067348       -0.400822
     H   13        0.352405       -0.400822       -0.076026

     C   14       -0.029842       -0.345297       -0.536749
     C   14       -0.345297       -0.096744       -0.468260
     C   14       -0.536749       -0.468260        0.126586

     H   15        0.080631       -0.057162       -0.188880
     H   15       -0.057162        0.478339       -0.251519
     H   15       -0.188880       -0.251519       -0.558970

     C   16       -0.400452        0.381402       -0.383941
     C   16        0.381402        0.009114       -0.025743
     C   16       -0.383941       -0.025743        0.391338

     C   17        0.046413       -0.074119       -0.276630
     C   17       -0.074119        0.028907       -0.656502
     C   17       -0.276630       -0.656502       -0.075320

     Cl  18       -0.207288        0.288033       -0.005556
     Cl  18        0.288033        0.088160       -0.022761
     Cl  18       -0.005556       -0.022761        0.119128

     H   19        0.428175        0.126686        0.020962
     H   19        0.126686       -0.578526        0.457980
     H   19        0.020962        0.457980        0.150351

     C   20       -0.798607       -0.336367       -0.491794
     C   20       -0.336367        0.253588       -0.059455
     C   20       -0.491794       -0.059455        0.545019

     H   21       -0.494241       -0.184051       -0.079739
     H   21       -0.184051        0.160258        0.397558
     H   21       -0.079739        0.397558        0.333983

     C   22        0.137834       -0.051376       -0.121376
     C   22       -0.051376       -0.491038        0.454323
     C   22       -0.121376        0.454323        0.353205

     C   23       -0.822792       -0.418453       -0.329570
     C   23       -0.418453        0.304742        0.009235
     C   23       -0.329570        0.009235        0.518050

     Cl  24        0.067784       -0.035809        0.048817
     Cl  24       -0.035809       -0.079002        0.025212
     Cl  24        0.048817        0.025212        0.011217

     ----- ionic term -----
     Cl   1        0.156653       -0.274561        0.046374
     Cl   1       -0.274561       -0.009639       -0.021973
     Cl   1        0.046374       -0.021973       -0.147014

     C    2        0.102006       -0.372946        0.316957
     C    2       -0.372946       -0.032383        0.339921
     C    2        0.316957        0.339921       -0.069624

     C    3        0.171975       -0.325300        0.210067
     C    3       -0.325300        0.008450        0.337725
     C    3        0.210067        0.337725       -0.180425

     H    4        0.488537        0.237512        0.744453
     H    4        0.237512       -0.448650        0.253302
     H    4        0.744453        0.253302       -0.039887

     C    5        0.217418       -0.288557        0.310657
     C    5       -0.288557       -0.080142        0.276875
     C    5        0.310657        0.276875       -0.137276

     H    6       -0.508087       -0.127349       -0.074715
     H    6       -0.127349        0.504215        0.760716
     H    6       -0.074715        0.760716        0.003872

     H    7       -0.507204       -0.104379        0.048914
     H    7       -0.104379        0.831622       -0.571060
     H    7        0.048914       -0.571060       -0.324418

     C    8        0.310987        0.185130        0.173175
     C    8        0.185130        0.145739       -0.281662
     C    8        0.173175       -0.281662       -0.456726

     H    9        0.815848       -0.409785        0.428627
     H    9       -0.409785       -0.379522       -0.192944
     H    9        0.428627       -0.192944       -0.436327

     C   10        0.186268        0.150403        0.130547
     C   10        0.150403        0.267715       -0.402763
     C   10        0.130547       -0.402763       -0.453983

     C   11        0.283262        0.029248        0.264253
     C   11        0.029248        0.161982       -0.411493
     C   11        0.264253       -0.411493       -0.445244

     Cl  12        0.133388        0.193684       -0.004520
     Cl  12        0.193684        0.019884       -0.005539
     Cl  12       -0.004520       -0.005539       -0.153272

     H   13       -0.487946       -0.207205       -0.177983
     H   13       -0.207205        0.252961        0.752214
     H   13       -0.177983        0.752214        0.234985

     C   14        0.160906       -0.345149        0.282503
     C   14       -0.345149       -0.128254        0.253528
     C   14        0.282503        0.253528       -0.032653

     H   15        0.250183        0.104459        0.787910
     H   15        0.104459       -0.559149        0.164429
     H   15        0.787910        0.164429        0.308966

     C   16        0.075859       -0.365829        0.194278
     C   16       -0.365829       -0.055526        0.360001
     C   16        0.194278        0.360001       -0.020333

     C   17        0.121042       -0.270513        0.261223
     C   17       -0.270513       -0.119937        0.427776
     C   17        0.261223        0.427776       -0.001105

     Cl  18        0.167827       -0.185604        0.020245
     Cl  18       -0.185604       -0.031227       -0.001935
     Cl  18        0.020245       -0.001935       -0.136600

     H   19       -0.520010       -0.063214        0.023394
     H   19       -0.063214        0.761909       -0.642090
     H   19        0.023394       -0.642090       -0.241898

     C   20        0.318925        0.142909        0.210424
     C   20        0.142909        0.136796       -0.305681
     C   20        0.210424       -0.305681       -0.455721

     H   21        0.731298       -0.223998        0.618733
     H   21       -0.223998       -0.426433       -0.172790
     H   21        0.618733       -0.172790       -0.304866

     C   22        0.170203        0.241566        0.167320
     C   22        0.241566        0.245517       -0.366440
     C   22        0.167320       -0.366440       -0.415720

     C   23        0.225270        0.137693        0.212837
     C   23        0.137693        0.189479       -0.368636
     C   23        0.212837       -0.368636       -0.414749

     Cl  24        0.131737        0.224974        0.009947
     Cl  24        0.224974        0.022988       -0.001266
     Cl  24        0.009947       -0.001266       -0.154724

     ----- GIPAW term -----
     Cl   1       -0.540020       -1.194672       -0.553242
     Cl   1       -1.194672       -0.192983       -1.956332
     Cl   1       -0.553242       -1.956332        0.733003

     C    2       -0.113022       -0.032119        0.004774
     C    2       -0.032119        0.095266       -0.174110
     C    2        0.004774       -0.174110        0.017756

     C    3        0.002588       -0.002562       -0.002345
     C    3       -0.002562        0.013036       -0.009403
     C    3       -0.002345       -0.009403       -0.015625

     H    4       -0.000000        0.000000        0.000000
     H    4        0.000000        0.000000        0.000000
     H    4        0.000000        0.000000        0.000000

     C    5       -0.039504        0.011931       -0.000141
     C    5        0.011931        0.045406       -0.007539
     C    5       -0.000141       -0.007539       -0.005902

     H    6       -0.000000        0.000000        0.000000
     H    6        0.000000        0.000000        0.000000
     H    6        0.000000        0.000000        0.000000

     H    7       -0.000000        0.000000        0.000000
     H    7        0.000000        0.000000        0.000000
     H    7        0.000000        0.000000        0.000000

     C    8       -0.074880       -0.148996        0.048581
     C    8       -0.148996        0.174257       -0.042270
     C    8        0.048581       -0.042270       -0.099378

     H    9       -0.000000        0.000000        0.000000
     H    9        0.000000        0.000000        0.000000
     H    9        0.000000        0.000000        0.000000

     C   10       -0.210391       -0.144632       -0.065102
     C   10       -0.144632        0.293518        0.012884
     C   10       -0.065102        0.012884       -0.083127

     C   11       -0.052604        0.182488       -0.066807
     C   11        0.182488        0.196796       -0.065616
     C   11       -0.066807       -0.065616       -0.144192

     Cl  12       -1.002447        0.848636       -0.127608
     Cl  12        0.848636        2.689426       -0.814913
     Cl  12       -0.127608       -0.814913       -1.686979

     H   13       -0.000000        0.000000        0.000000
     H   13        0.000000        0.000000        0.000000
     H   13        0.000000        0.000000        0.000000

     C   14        0.125414       -0.234921       -0.163682
     C   14       -0.234921       -0.044179       -0.014785
     C   14       -0.163682       -0.014785       -0.081234

     H   15       -0.000000        0.000000        0.000000
     H   15        0.000000        0.000000        0.000000
     H   15        0.000000        0.000000        0.000000

     C   16       -0.024558       -0.097318       -0.185876
     C   16       -0.097318        0.004297        0.140787
     C   16       -0.185876        0.140787        0.020262

     C   17       -0.060888       -0.056574       -0.033844
     C   17       -0.056574        0.255818       -0.076202
     C   17       -0.033844       -0.076202       -0.194930

     Cl  18       -0.815474        0.451573       -0.202679
     Cl  18        0.451573        2.800150       -0.366126
     Cl  18       -0.202679       -0.366126       -1.984676

     H   19       -0.000000        0.000000        0.000000
     H   19        0.000000        0.000000        0.000000
     H   19        0.000000        0.000000        0.000000

     C   20       -0.166608        0.047770       -0.141556
     C   20        0.047770        0.072919       -0.194594
     C   20       -0.141556       -0.194594        0.093689

     H   21       -0.000000        0.000000        0.000000
     H   21        0.000000        0.000000        0.000000
     H   21        0.000000        0.000000        0.000000

     C   22       -0.090116        0.043397       -0.023240
     C   22        0.043397        0.021834       -0.168055
     C   22       -0.023240       -0.168055        0.068282

     C   23       -0.164089       -0.025977       -0.002873
     C   23       -0.025977        0.123892       -0.176165
     C   23       -0.002873       -0.176165        0.040198

     Cl  24       -0.261986        0.864154        0.434504
     Cl  24        0.864154        1.259068       -1.895129
     Cl  24        0.434504       -1.895129       -0.997082

     ----- total EFG -----
     Cl   1       -0.376871       -1.448472       -0.581984
     Cl   1       -1.448472       -0.238197       -1.950411
     Cl   1       -0.581984       -1.950411        0.615068

     C    2       -0.399863       -0.022473        0.141408
     C    2       -0.022473        0.058048       -0.155849
     C    2        0.141408       -0.155849        0.341815

     C    3        0.381025       -0.266987        0.183054
     C    3       -0.266987       -0.032172        0.261320
     C    3        0.183054        0.261320       -0.348853

     H    4        0.634170        0.230595        0.369538
     H    4        0.230595       -0.194402        0.478585
     H    4        0.369538        0.478585       -0.439768

     C    5       -0.170027       -0.101690        0.221977
     C    5       -0.101690        0.181852        0.342098
     C    5        0.221977        0.342098       -0.011825

     H    6       -0.172679       -0.184115        0.249273
     H    6       -0.184115        0.650730        0.591996
     H    6        0.249273        0.591996       -0.478051

     H    7       -0.101895        0.179486        0.028468
     H    7        0.179486        0.074950       -0.349529
     H    7        0.028468       -0.349529        0.026945

     C    8        0.197039       -0.253307        0.165018
     C    8       -0.253307        0.172635        0.057481
     C    8        0.165018        0.057481       -0.369674

     H    9        0.470441        0.141081        0.396053
     H    9        0.141081       -0.381092       -0.283735
     H    9        0.396053       -0.283735       -0.089349

     C   10       -0.667226       -0.400338       -0.240036
     C   10       -0.400338        0.878822       -0.184128
     C   10       -0.240036       -0.184128       -0.211596

     C   11        0.244301        0.432911       -0.168054
     C   11        0.432911        0.278408        0.078108
     C   11       -0.168054        0.078108       -0.522709

     Cl  12       -1.189735        0.752908       -0.143121
     Cl  12        0.752908        2.915616       -0.873097
     Cl  12       -0.143121       -0.873097       -1.725882

     H   13       -0.479268       -0.060156        0.174421
     H   13       -0.060156        0.320309        0.351392
     H   13        0.174421        0.351392        0.158958

     C   14        0.256478       -0.925367       -0.417927
     C   14       -0.925367       -0.269177       -0.229517
     C   14       -0.417927       -0.229517        0.012699

     H   15        0.330814        0.047297        0.599030
     H   15        0.047297       -0.080810       -0.087090
     H   15        0.599030       -0.087090       -0.250005

     C   16       -0.349151       -0.081745       -0.375538
     C   16       -0.081745       -0.042116        0.475045
     C   16       -0.375538        0.475045        0.391267

     C   17        0.106566       -0.401206       -0.049251
     C   17       -0.401206        0.164789       -0.304929
     C   17       -0.049251       -0.304929       -0.271355

     Cl  18       -0.854936        0.554002       -0.187989
     Cl  18        0.554002        2.857084       -0.390822
     Cl  18       -0.187989       -0.390822       -2.002148

     H   19       -0.091835        0.063472        0.044356
     H   19        0.063472        0.183383       -0.184110
     H   19        0.044356       -0.184110       -0.091547

     C   20       -0.646290       -0.145688       -0.422927
     C   20       -0.145688        0.463302       -0.559729
     C   20       -0.422927       -0.559729        0.182988

     H   21        0.237058       -0.408049        0.538994
     H   21       -0.408049       -0.266175        0.224768
     H   21        0.538994        0.224768        0.029117

     C   22        0.217921        0.233588        0.022704
     C   22        0.233588       -0.223687       -0.080171
     C   22        0.022704       -0.080171        0.005766

     C   23       -0.761612       -0.306737       -0.119606
     C   23       -0.306737        0.618113       -0.535567
     C   23       -0.119606       -0.535567        0.143498

     Cl  24       -0.062465        1.053319        0.493268
     Cl  24        1.053319        1.203054       -1.871183
     Cl  24        0.493268       -1.871183       -1.140589

     ----- total EFG (symmetrized) -----
     Cl   1       -0.376871       -1.448472       -0.581984
     Cl   1       -1.448472       -0.238197       -1.950411
     Cl   1       -0.581984       -1.950411        0.615068

     C    2       -0.399863       -0.022473        0.141408
     C    2       -0.022473        0.058048       -0.155849
     C    2        0.141408       -0.155849        0.341815

     C    3        0.381025       -0.266987        0.183054
     C    3       -0.266987       -0.032172        0.261320
     C    3        0.183054        0.261320       -0.348853

     H    4        0.634170        0.230595        0.369538
     H    4        0.230595       -0.194402        0.478585
     H    4        0.369538        0.478585       -0.439768

     C    5       -0.170027       -0.101690        0.221977
     C    5       -0.101690        0.181852        0.342098
     C    5        0.221977        0.342098       -0.011825

     H    6       -0.172679       -0.184115        0.249273
     H    6       -0.184115        0.650730        0.591996
     H    6        0.249273        0.591996       -0.478051

     H    7       -0.101895        0.179486        0.028468
     H    7        0.179486        0.074950       -0.349529
     H    7        0.028468       -0.349529        0.026945

     C    8        0.197039       -0.253307        0.165018
     C    8       -0.253307        0.172635        0.057481
     C    8        0.165018        0.057481       -0.369674

     H    9        0.470441        0.141081        0.396053
     H    9        0.141081       -0.381092       -0.283735
     H    9        0.396053       -0.283735       -0.089349

     C   10       -0.667226       -0.400338       -0.240036
     C   10       -0.400338        0.878822       -0.184128
     C   10       -0.240036       -0.184128       -0.211596

     C   11        0.244301        0.432911       -0.168054
     C   11        0.432911        0.278408        0.078108
     C   11       -0.168054        0.078108       -0.522709

     Cl  12       -1.189735        0.752908       -0.143121
     Cl  12        0.752908        2.915616       -0.873097
     Cl  12       -0.143121       -0.873097       -1.725882

     H   13       -0.479268       -0.060156        0.174421
     H   13       -0.060156        0.320309        0.351392
     H   13        0.174421        0.351392        0.158958

     C   14        0.256478       -0.925367       -0.417927
     C   14       -0.925367       -0.269177       -0.229517
     C   14       -0.417927       -0.229517        0.012699

     H   15        0.330814        0.047297        0.599030
     H   15        0.047297       -0.080810       -0.087090
     H   15        0.599030       -0.087090       -0.250005

     C   16       -0.349151       -0.081745       -0.375538
     C   16       -0.081745       -0.042116        0.475045
     C   16       -0.375538        0.475045        0.391267

     C   17        0.106566       -0.401206       -0.049251
     C   17       -0.401206        0.164789       -0.304929
     C   17       -0.049251       -0.304929       -0.271355

     Cl  18       -0.854936        0.554002       -0.187989
     Cl  18        0.554002        2.857084       -0.390822
     Cl  18       -0.187989       -0.390822       -2.002148

     H   19       -0.091835        0.063472        0.044356
     H   19        0.063472        0.183383       -0.184110
     H   19        0.044356       -0.184110       -0.091547

     C   20       -0.646290       -0.145688       -0.422927
     C   20       -0.145688        0.463302       -0.559729
     C   20       -0.422927       -0.559729        0.182988

     H   21        0.237058       -0.408049        0.538994
     H   21       -0.408049       -0.266175        0.224768
     H   21        0.538994        0.224768        0.029117

     C   22        0.217921        0.233588        0.022704
     C   22        0.233588       -0.223687       -0.080171
     C   22        0.022704       -0.080171        0.005766

     C   23       -0.761612       -0.306737       -0.119606
     C   23       -0.306737        0.618113       -0.535567
     C   23       -0.119606       -0.535567        0.143498

     Cl  24       -0.062465        1.053319        0.493268
     Cl  24        1.053319        1.203054       -1.871183
     Cl  24        0.493268       -1.871183       -1.140589


     NQR/NMR SPECTROSCOPIC PARAMETERS:
     Cl   1    Vxx=    0.4776    axis=(  0.817094 -0.279368 -0.504293)
     Cl   1    Vyy=    2.2828    axis=(  0.209677 -0.670825  0.711357)
     Cl   1    Vzz=   -2.7604    axis=( -0.537023 -0.686984 -0.489550)
     Cl   1  Q=        -8.1650 1e-30 m^2  Cq=        52.9561 MHz  eta= 0.65399

     C    2    Vxx=   -0.0078    axis=(  0.083274  0.922268  0.377475)
     C    2    Vyy=   -0.4260    axis=(  0.982877 -0.013534 -0.183764)
     C    2    Vzz=    0.4338    axis=(  0.164371 -0.386314  0.907603)
     C    2  Q=         1.0000 1e-30 m^2  Cq=         1.0192 MHz  eta= 0.96418

     C    3    Vxx=    0.0707    axis=(  0.293455  0.748694  0.594425)
     C    3    Vyy=    0.5154    axis=( -0.909211  0.410678 -0.068403)
     C    3    Vzz=   -0.5860    axis=( -0.295330 -0.520385  0.801236)
     C    3  Q=         1.0000 1e-30 m^2  Cq=        -1.3770 MHz  eta= 0.75887

     H    4    Vxx=   -0.0552    axis=(  0.491610 -0.743650 -0.453105)
     H    4    Vyy=   -0.8286    axis=(  0.115226  0.571298 -0.812614)
     H    4    Vzz=    0.8839    axis=(  0.863158  0.347280  0.366544)
     H    4  Q=         1.0000 1e-30 m^2  Cq=         2.0767 MHz  eta= 0.87500

     C    5    Vxx=    0.0194    axis=( -0.768808  0.458159 -0.446121)
     C    5    Vyy=    0.4457    axis=(  0.097867  0.773712  0.625933)
     C    5    Vzz=   -0.4651    axis=( -0.631946 -0.437562  0.639675)
     C    5  Q=         1.0000 1e-30 m^2  Cq=        -1.0929 MHz  eta= 0.91666

     H    6    Vxx=   -0.0454    axis=(  0.913313 -0.095186  0.395979)
     H    6    Vyy=   -0.8638    axis=(  0.401352  0.375366 -0.835474)
     H    6    Vzz=    0.9092    axis=( -0.069112  0.921976  0.381029)
     H    6  Q=         1.0000 1e-30 m^2  Cq=         2.1362 MHz  eta= 0.90010

     H    7    Vxx=   -0.0480    axis=(  0.849168  0.175948  0.497952)
     H    7    Vyy=   -0.3783    axis=(  0.481036 -0.646863 -0.591755)
     H    7    Vzz=    0.4263    axis=( -0.217988 -0.742032  0.633932)
     H    7  Q=         1.0000 1e-30 m^2  Cq=         1.0016 MHz  eta= 0.77475

     C    8    Vxx=   -0.0050    axis=(  0.587483  0.715221  0.378580)
     C    8    Vyy=   -0.4417    axis=( -0.324880 -0.220016  0.919808)
     C    8    Vzz=    0.4467    axis=(  0.741159 -0.663364  0.103105)
     C    8  Q=         1.0000 1e-30 m^2  Cq=         1.0496 MHz  eta= 0.97759

     H    9    Vxx=   -0.0180    axis=( -0.350840 -0.657424  0.666862)
     H    9    Vyy=   -0.6576    axis=( -0.299700  0.753501  0.585163)
     H    9    Vzz=    0.6755    axis=(  0.887182 -0.005439  0.461388)
     H    9  Q=         1.0000 1e-30 m^2  Cq=         1.5873 MHz  eta= 0.94672

     C   10    Vxx=   -0.1086    axis=( -0.400021  0.008712  0.916464)
     C   10    Vyy=   -0.8806    axis=(  0.889898  0.242889  0.386117)
     C   10    Vzz=    0.9892    axis=( -0.219235  0.970015 -0.104914)
     C   10  Q=         1.0000 1e-30 m^2  Cq=         2.3243 MHz  eta= 0.78049

     C   11    Vxx=   -0.1000    axis=( -0.646768  0.661638  0.379377)
     C   11    Vyy=   -0.5977    axis=(  0.303982 -0.232579  0.923852)
     C   11    Vzz=    0.6977    axis=( -0.699490 -0.712841  0.050701)
     C   11  Q=         1.0000 1e-30 m^2  Cq=         1.6392 MHz  eta= 0.71336

     Cl  12    Vxx=   -1.3232    axis=(  0.985097 -0.170808  0.020226)
     Cl  12    Vyy=   -1.8847    axis=(  0.010543  0.177335  0.984094)
     Cl  12    Vzz=    3.2080    axis=( -0.171678 -0.969215  0.176493)
     Cl  12  Q=        -8.1650 1e-30 m^2  Cq=       -61.5433 MHz  eta= 0.17504

     H   13    Vxx=   -0.0512    axis=( -0.371813  0.605420 -0.703720)
     H   13    Vyy=   -0.5526    axis=( -0.926428 -0.193774  0.322775)
     H   13    Vzz=    0.6038    axis=(  0.059052  0.771958  0.632925)
     H   13  Q=         1.0000 1e-30 m^2  Cq=         1.4187 MHz  eta= 0.83043

     C   14    Vxx=    0.1374    axis=( -0.042657 -0.415784  0.908463)
     C   14    Vyy=    0.9984    axis=(  0.807015 -0.550389 -0.214008)
     C   14    Vzz=   -1.1358    axis=(  0.588988  0.724014  0.359021)
     C   14  Q=         1.0000 1e-30 m^2  Cq=        -2.6686 MHz  eta= 0.75811

     H   15    Vxx=   -0.0634    axis=(  0.098726  0.984825 -0.142735)
     H   15    Vyy=   -0.6427    axis=( -0.522214  0.173372  0.835006)
     H   15    Vzz=    0.7062    axis=(  0.847081 -0.007898  0.531405)
     H   15  Q=         1.0000 1e-30 m^2  Cq=         1.6592 MHz  eta= 0.82031

     C   16    Vxx=   -0.2651    axis=(  0.513371  0.807443 -0.290665)
     C   16    Vyy=   -0.5450    axis=( -0.803968  0.334059 -0.491975)
     C   16    Vzz=    0.8101    axis=( -0.300143  0.486251  0.820655)
     C   16  Q=         1.0000 1e-30 m^2  Cq=         1.9034 MHz  eta= 0.34551

     C   17    Vxx=   -0.0535    axis=(  0.680068  0.350336 -0.644028)
     C   17    Vyy=   -0.5303    axis=(  0.404725  0.553066  0.728228)
     C   17    Vzz=    0.5838    axis=(  0.611314 -0.755899  0.234333)
     C   17  Q=         1.0000 1e-30 m^2  Cq=         1.3717 MHz  eta= 0.81680

     Cl  18    Vxx=   -0.9209    axis=(  0.981167 -0.155702 -0.114315)
     Cl  18    Vyy=   -2.0515    axis=( -0.125600 -0.064646 -0.989973)
     Cl  18    Vzz=    2.9725    axis=(  0.146750  0.985687 -0.082984)
     Cl  18  Q=        -8.1650 1e-30 m^2  Cq=       -57.0253 MHz  eta= 0.38035

     H   19    Vxx=   -0.0588    axis=(  0.874121  0.127246  0.468744)
     H   19    Vyy=   -0.2206    axis=( -0.474986  0.425609  0.770224)
     H   19    Vzz=    0.2794    axis=( -0.101494 -0.895916  0.432474)
     H   19  Q=         1.0000 1e-30 m^2  Cq=         0.6566 MHz  eta= 0.57910

     C   20    Vxx=    0.0095    axis=( -0.526553  0.588129  0.613878)
     C   20    Vyy=    0.9152    axis=( -0.102597 -0.760772  0.640858)
     C   20    Vzz=   -0.9247    axis=(  0.843929  0.274463  0.460927)
     C   20  Q=         1.0000 1e-30 m^2  Cq=        -2.1726 MHz  eta= 0.97945

     H   21    Vxx=    0.0710    axis=(  0.255811 -0.731199 -0.632383)
     H   21    Vyy=    0.7180    axis=( -0.802196  0.204492 -0.560950)
     H   21    Vzz=   -0.7890    axis=( -0.539483 -0.650793  0.534253)
     H   21  Q=         1.0000 1e-30 m^2  Cq=        -1.8537 MHz  eta= 0.82008

     C   22    Vxx=    0.0249    axis=(  0.124075 -0.197048  0.972511)
     C   22    Vyy=    0.3189    axis=( -0.915981 -0.399612  0.035894)
     C   22    Vzz=   -0.3438    axis=(  0.381554 -0.895255 -0.230074)
     C   22  Q=         1.0000 1e-30 m^2  Cq=        -0.8079 MHz  eta= 0.85513

     C   23    Vxx=   -0.1019    axis=( -0.358868  0.453826  0.815632)
     C   23    Vyy=   -0.8865    axis=(  0.926551  0.278785  0.252552)
     C   23    Vzz=    0.9884    axis=( -0.112772  0.846357 -0.520540)
     C   23  Q=         1.0000 1e-30 m^2  Cq=         2.3223 MHz  eta= 0.79386

     Cl  24    Vxx=    0.1073    axis=(  0.886467 -0.071269  0.457272)
     Cl  24    Vyy=    2.4407    axis=( -0.282787 -0.865569  0.413305)
     Cl  24    Vzz=   -2.5480    axis=(  0.366345 -0.495692 -0.787452)
     Cl  24  Q=        -8.1650 1e-30 m^2  Cq=        48.8813 MHz  eta= 0.91578

     Initialization:
     gipaw_setup  :      9.31s CPU     10.96s WALL (       1 calls)

     Linear response

     Apply operators

     Induced current

     Other routines
     efg          :      9.06s CPU     10.95s WALL (       1 calls)

     General routines
     calbec       :      3.15s CPU      3.76s WALL (      16 calls)
     fft          :      1.60s CPU      2.36s WALL (      15 calls)
     ffts         :      0.04s CPU      0.04s WALL (       2 calls)
     fftw         :      3.18s CPU      3.78s WALL (     672 calls)
     davcio       :      0.04s CPU      0.34s WALL (      32 calls)

     Parallel routines
     fft_scatter  :      2.24s CPU      3.34s WALL (     689 calls)

     Plugins

     GIPAW        :     61.45s CPU     72.65s WALL (       1 calls)
