
     Program QE v.6.0 (svn rev. 13079) starts on 15Dec2016 at  9:22:42 

     This program is part of the open-source Quantum ESPRESSO suite
     for quantum simulation of materials; please cite
         "P. Giannozzi et al., J. Phys.:Condens. Matter 21 395502 (2009);
          URL http://www.quantum-espresso.org", 
     in publications or presentations arising from this work. More details at
     http://www.quantum-espresso.org/quote

     Parallel version (MPI), running on     8 processors
     R & G space division:  proc/nbgrp/npool/nimage =       8

     ***** This is GIPAW svn revision unknown      *****

     Parallelizing q-star over 1 images

     Reading data from directory:
     /users/majewski/paradichlorobenzene/pbe/9_constraint/scratch/pbe.ecut100.np8.dt60.pcl2phi-129368.save
     Message from routine read_xml_file:
     file /users/majewski/paradichlorobenzene/pbe/9_constraint/scratch/pbe.ecut100.np8.dt60.pcl2phi-129368.save not guaranteed to be safe for post-processing

   Info: using nr1, nr2, nr3 values from input

   Info: using nr1, nr2, nr3 values from input

     IMPORTANT: XC functional enforced from input :
     Exchange-correlation      =  SLA  PW   PBX  PBC ( 1  4  3  4 0 0)
     Any further DFT definition will be discarded
     Please, verify this is what you really want

               file C.pbe-n-kjpaw_psl.1.0.0.UPF: wavefunction(s)  2S 2P renormalized
               file Cl.pbe-n-kjpaw_psl.1.0.0.UPF: wavefunction(s)  3S 3P renormalized
               file H.pbe-kjpaw_psl.1.0.0.UPF: wavefunction(s)  1S renormalized

     Parallelization info
     --------------------
     sticks:   dense  smooth     PW     G-vecs:    dense   smooth      PW
     Min        3057    1223    332               144436    36536    5170
     Max        3059    1225    333               144437    36537    5171
     Sum       24467    9791   2657              1155489   292295   41363


     Subspace diagonalization in iterative solution of the eigenvalue problem:
     a serial algorithm will be used

     GIPAW projectors -----------------------------------------------
     atom=  C    l=0  rc=    1.2000  rs=    0.8000
     atom=  C    l=0  rc=    1.2000  rs=    0.8000
     atom=  C    l=1  rc=    1.4000  rs=    0.9333
     atom=  C    l=1  rc=    1.4000  rs=    0.9333
     projs nearly linearly dependent: l=1  n1,n2= 1, 2  s=  0.99951561

     atom=  Cl   l=0  rc=    1.6000  rs=    1.0667
     atom=  Cl   l=0  rc=    1.6000  rs=    1.0667
     atom=  Cl   l=1  rc=    1.6000  rs=    1.0667
     atom=  Cl   l=1  rc=    1.6000  rs=    1.0667
     atom=  Cl   l=2  rc=    1.6000  rs=    1.0667
     atom=  Cl   l=2  rc=    1.6000  rs=    1.0667
     projs nearly linearly dependent: l=2  n1,n2= 1, 2  s=  0.99993509

     atom=  H    l=0  rc=    1.0000  rs=    0.6667
     atom=  H    l=0  rc=    1.0000  rs=    0.6667
     projs nearly linearly dependent: l=0  n1,n2= 1, 2  s=  0.99968852
     -----------------------------------------------------------------

     GIPAW integrals: -------------------------------------------
     Atom  i/j   nmr_para   nmr_dia   epr_rmc  epr_para   epr_dia
       C   1 1   0.83E+03  0.17E-01  0.93E+01  0.24E+08  0.24E+03
       C   2 1   0.86E+03 -0.61E-01  0.94E+01  0.25E+08  0.25E+03
       C   2 2   0.90E+03 -0.15E+00  0.97E+01  0.26E+08  0.26E+03
       C   3 3   0.33E+01  0.34E+00  0.18E+01  0.55E+03  0.21E+02
       C   4 3   0.35E+01  0.37E+00  0.20E+01  0.59E+03  0.22E+02
       C   4 4   0.38E+01  0.39E+00  0.22E+01  0.63E+03  0.24E+02
       Cl  1 1   0.14E+04 -0.47E+00  0.84E+01  0.32E+09  0.42E+03
       Cl  2 1   0.21E+04 -0.37E+00  0.12E+02  0.49E+09  0.65E+03
       Cl  2 2   0.33E+04 -0.16E+00  0.21E+02  0.76E+09  0.10E+04
       Cl  3 3   0.21E+02  0.79E-01  0.89E+01  0.23E+05  0.13E+03
       Cl  4 3   0.24E+02  0.67E-01  0.99E+01  0.27E+05  0.15E+03
       Cl  4 4   0.28E+02  0.44E-01  0.11E+02  0.32E+05  0.18E+03
       Cl  5 5   0.77E+00  0.19E+00  0.18E+01  0.12E+03  0.22E+02
       Cl  6 5   0.80E+00  0.19E+00  0.19E+01  0.12E+03  0.23E+02
       Cl  6 6   0.83E+00  0.20E+00  0.19E+01  0.12E+03  0.23E+02
       H   1 1   0.39E+02  0.19E+00  0.29E+00  0.78E+05  0.13E+02
       H   2 1   0.41E+02  0.21E+00  0.32E+00  0.82E+05  0.14E+02
       H   2 2   0.43E+02  0.22E+00  0.36E+00  0.86E+05  0.15E+02
     ------------------------------------------------------------

     alpha_pv=     34.1901 eV

     Number of occupied bands for each k-point:
     k-point:     1    nbnd_occ=  42
     k-point:     2    nbnd_occ=  42
     k-point:     3    nbnd_occ=  42
     k-point:     4    nbnd_occ=  42
     k-point:     5    nbnd_occ=  42
     k-point:     6    nbnd_occ=  42
     k-point:     7    nbnd_occ=  42
     k-point:     8    nbnd_occ=  42
     k-point:     9    nbnd_occ=  42
     k-point:    10    nbnd_occ=  42
     k-point:    11    nbnd_occ=  42
     k-point:    12    nbnd_occ=  42
     k-point:    13    nbnd_occ=  42
     k-point:    14    nbnd_occ=  42
     k-point:    15    nbnd_occ=  42
     k-point:    16    nbnd_occ=  42


     q-space interpolation up to   110.00 Rydberg

     GIPAW job: efg                                                                             


     ELECTRIC FIELD GRADIENTS TENSORS IN Hartree/bohrradius^2:

     ----- bare term -----
     Cl   1       -0.012172        0.051183        0.000379
     Cl   1        0.051183        0.014319       -0.020988
     Cl   1        0.000379       -0.020988       -0.002147

     C    2       -0.574413       -0.046343       -0.199426
     C    2       -0.046343        0.039996       -0.243360
     C    2       -0.199426       -0.243360        0.534417

     C    3        0.006683        0.251945       -0.095782
     C    3        0.251945       -0.415351       -0.419292
     C    3       -0.095782       -0.419292        0.408667

     H    4       -0.437668        0.173616       -0.276766
     H    4        0.173616        0.079833       -0.354486
     H    4       -0.276766       -0.354486        0.357836

     C    5       -0.555254        0.313071       -0.234889
     C    5        0.313071        0.151068       -0.305536
     C    5       -0.234889       -0.305536        0.404186

     H    6        0.360053        0.049524       -0.339840
     H    6        0.049524       -0.144015       -0.345007
     H    6       -0.339840       -0.345007       -0.216038

     H    7        0.398993        0.038173       -0.022759
     H    7        0.038173       -0.348771        0.563425
     H    7       -0.022759        0.563425       -0.050222

     C    8       -0.298211       -0.193225       -0.366540
     C    8       -0.193225       -0.151613        0.424557
     C    8       -0.366540        0.424557        0.449824

     H    9       -0.356152       -0.013165       -0.534116
     H    9       -0.013165        0.204565        0.062874
     H    9       -0.534116        0.062874        0.151586

     C   10       -0.200858       -0.339524       -0.270568
     C   10       -0.339524       -0.225325        0.498664
     C   10       -0.270568        0.498664        0.426183

     C   11       -0.099720        0.061249       -0.460856
     C   11        0.061249       -0.082761        0.496963
     C   11       -0.460856        0.496963        0.182481

     Cl  12       -0.045636       -0.113432        0.084003
     Cl  12       -0.113432       -0.066819       -0.023548
     Cl  12        0.084003       -0.023548        0.112456

     H   13        0.398645       -0.009061       -0.184157
     H   13       -0.009061        0.121776       -0.222271
     H   13       -0.184157       -0.222271       -0.520421

     C   14       -0.087862        0.338254        0.063764
     C   14        0.338254       -0.162663       -0.283301
     C   14        0.063764       -0.283301        0.250526

     H   15       -0.096278        0.184140       -0.534376
     H   15        0.184140        0.070771        0.170957
     H   15       -0.534376        0.170957        0.025507

     C   16       -0.236120        0.039428       -0.227723
     C   16        0.039428       -0.125356       -0.607274
     C   16       -0.227723       -0.607274        0.361476

     C   17       -0.157458       -0.104431       -0.384038
     C   17       -0.104431       -0.095571       -0.553760
     C   17       -0.384038       -0.553760        0.253029

     Cl  18       -0.154725        0.154156        0.024334
     Cl  18        0.154156       -0.055182       -0.027671
     Cl  18        0.024334       -0.027671        0.209908

     H   19        0.509496       -0.008479       -0.141122
     H   19       -0.008479        0.059453        0.229700
     H   19       -0.141122        0.229700       -0.568948

     C   20       -0.419848       -0.334405       -0.047566
     C   20       -0.334405       -0.031965        0.456978
     C   20       -0.047566        0.456978        0.451813

     H   21        0.118099       -0.005398       -0.428953
     H   21       -0.005398        0.229355       -0.255942
     H   21       -0.428953       -0.255942       -0.347453

     C   22       -0.175978       -0.081076       -0.238016
     C   22       -0.081076       -0.095068        0.658056
     C   22       -0.238016        0.658056        0.271046

     C   23       -0.312395       -0.133910       -0.368221
     C   23       -0.133910       -0.029561        0.411113
     C   23       -0.368221        0.411113        0.341957

     Cl  24       -0.069529       -0.146833       -0.134225
     Cl  24       -0.146833        0.000216        0.137794
     Cl  24       -0.134225        0.137794        0.069313

     ----- ionic term -----
     Cl   1        0.088146       -0.197956       -0.010720
     Cl   1       -0.197956        0.037078        0.020017
     Cl   1       -0.010720        0.020017       -0.125224

     C    2        0.113175       -0.186218        0.289324
     C    2       -0.186218        0.020299        0.456724
     C    2        0.289324        0.456724       -0.133474

     C    3        0.144661       -0.288741        0.124056
     C    3       -0.288741        0.087572        0.491599
     C    3        0.124056        0.491599       -0.232233

     H    4        0.753445        0.145371        0.641491
     H    4        0.145371       -0.516468        0.159105
     H    4        0.641491        0.159105       -0.236978

     C    5        0.303706       -0.231290        0.203649
     C    5       -0.231290       -0.047534        0.377502
     C    5        0.203649        0.377502       -0.256172

     H    6       -0.509268        0.164313        0.135463
     H    6        0.164313        0.410063        0.819397
     H    6        0.135463        0.819397        0.099205

     H    7       -0.525956       -0.105232        0.081561
     H    7       -0.105232        0.664929       -0.713847
     H    7        0.081561       -0.713847       -0.138974

     C    8        0.239306        0.204995        0.292299
     C    8        0.204995        0.030557       -0.298971
     C    8        0.292299       -0.298971       -0.269863

     H    9        0.728111       -0.162896        0.649534
     H    9       -0.162896       -0.495044       -0.159895
     H    9        0.649534       -0.159895       -0.233067

     C   10        0.173721        0.257575        0.190291
     C   10        0.257575        0.112259       -0.363390
     C   10        0.190291       -0.363390       -0.285980

     C   11        0.130494        0.228843        0.295181
     C   11        0.228843        0.040853       -0.378702
     C   11        0.295181       -0.378702       -0.171347

     Cl  12        0.130748        0.206242       -0.003943
     Cl  12        0.206242        0.006900       -0.017188
     Cl  12       -0.003943       -0.017188       -0.137649

     H   13       -0.530628        0.131842        0.135426
     H   13        0.131842        0.368660        0.814208
     H   13        0.135426        0.814208        0.161968

     C   14        0.235969       -0.239763        0.226770
     C   14       -0.239763       -0.075424        0.356951
     C   14        0.226770        0.356951       -0.160545

     H   15        0.661515        0.031645        0.710499
     H   15        0.031645       -0.569102        0.103771
     H   15        0.710499        0.103771       -0.092413

     C   16        0.156741       -0.291451        0.135047
     C   16       -0.291451       -0.018242        0.432584
     C   16        0.135047        0.432584       -0.138499

     C   17        0.245176       -0.182428        0.208057
     C   17       -0.182428       -0.105911        0.469054
     C   17        0.208057        0.469054       -0.139266

     Cl  18        0.105051       -0.207348       -0.065575
     Cl  18       -0.207348        0.005409        0.042470
     Cl  18       -0.065575        0.042470       -0.110460

     H   19       -0.528380       -0.057480        0.059074
     H   19       -0.057480        0.366324       -0.796911
     H   19        0.059074       -0.796911        0.162056

     C   20        0.201776        0.288917        0.274097
     C   20        0.288917       -0.046015       -0.304204
     C   20        0.274097       -0.304204       -0.155761

     H   21        0.317614       -0.034524        0.795113
     H   21       -0.034524       -0.509211       -0.118697
     H   21        0.795113       -0.118697        0.191597

     C   22        0.072472        0.337266        0.198668
     C   22        0.337266        0.079018       -0.393496
     C   22        0.198668       -0.393496       -0.151490

     C   23        0.123086        0.235363        0.347846
     C   23        0.235363        0.056363       -0.366398
     C   23        0.347846       -0.366398       -0.179450

     Cl  24        0.091724        0.241233        0.055629
     Cl  24        0.241233        0.056781        0.031093
     Cl  24        0.055629        0.031093       -0.148505

     ----- GIPAW term -----
     Cl   1       -0.553263       -0.907666        0.764373
     Cl   1       -0.907666       -0.923740        1.363768
     Cl   1        0.764373        1.363768        1.477003

     C    2       -0.118779       -0.067900        0.110572
     C    2       -0.067900       -0.112306        0.045799
     C    2        0.110572        0.045799        0.231085

     C    3       -0.108101        0.039931        0.016018
     C    3        0.039931        0.021361        0.149597
     C    3        0.016018        0.149597        0.086740

     H    4       -0.000000        0.000000        0.000000
     H    4        0.000000        0.000000        0.000000
     H    4        0.000000        0.000000        0.000000

     C    5       -0.109403       -0.053249        0.001873
     C    5       -0.053249        0.129768       -0.074108
     C    5        0.001873       -0.074108       -0.020365

     H    6       -0.000000        0.000000        0.000000
     H    6        0.000000        0.000000        0.000000
     H    6        0.000000        0.000000        0.000000

     H    7       -0.000000        0.000000        0.000000
     H    7        0.000000        0.000000        0.000000
     H    7        0.000000        0.000000        0.000000

     C    8       -0.044229       -0.026175       -0.098733
     C    8       -0.026175       -0.093474        0.090189
     C    8       -0.098733        0.090189        0.137703

     H    9       -0.000000        0.000000        0.000000
     H    9        0.000000        0.000000        0.000000
     H    9        0.000000        0.000000        0.000000

     C   10       -0.059363       -0.061689       -0.087444
     C   10       -0.061689       -0.032174        0.103682
     C   10       -0.087444        0.103682        0.091537

     C   11        0.138753        0.115447       -0.075505
     C   11        0.115447       -0.031547        0.070860
     C   11       -0.075505        0.070860       -0.107206

     Cl  12        1.262531        1.650793        0.666956
     Cl  12        1.650793       -0.425650       -0.204091
     Cl  12        0.666956       -0.204091       -0.836881

     H   13       -0.000000        0.000000        0.000000
     H   13        0.000000        0.000000        0.000000
     H   13        0.000000        0.000000        0.000000

     C   14       -0.050515        0.012111        0.071248
     C   14        0.012111       -0.090784       -0.089507
     C   14        0.071248       -0.089507        0.141298

     H   15       -0.000000        0.000000        0.000000
     H   15        0.000000        0.000000        0.000000
     H   15        0.000000        0.000000        0.000000

     C   16       -0.149831       -0.064964        0.005673
     C   16       -0.064964       -0.003882       -0.232087
     C   16        0.005673       -0.232087        0.153713

     C   17        0.066071       -0.175302       -0.044268
     C   17       -0.175302       -0.018627       -0.099688
     C   17       -0.044268       -0.099688       -0.047443

     Cl  18       -0.826438       -1.156098        0.600498
     Cl  18       -1.156098       -1.415256       -0.850384
     Cl  18        0.600498       -0.850384        2.241694

     H   19       -0.000000        0.000000        0.000000
     H   19        0.000000        0.000000        0.000000
     H   19        0.000000        0.000000        0.000000

     C   20       -0.143873        0.000496        0.071836
     C   20        0.000496       -0.014280        0.226059
     C   20        0.071836        0.226059        0.158153

     H   21       -0.000000        0.000000        0.000000
     H   21        0.000000        0.000000        0.000000
     H   21        0.000000        0.000000        0.000000

     C   22       -0.144980        0.039899       -0.027112
     C   22        0.039899        0.072235        0.251972
     C   22       -0.027112        0.251972        0.072745

     C   23        0.006352        0.115925       -0.071619
     C   23        0.115925        0.034459        0.041945
     C   23       -0.071619        0.041945       -0.040811

     Cl  24        0.493188        0.456770       -1.404695
     Cl  24        0.456770        0.274270        1.746540
     Cl  24       -1.404695        1.746540       -0.767458

     ----- total EFG -----
     Cl   1       -0.477289       -1.054440        0.754031
     Cl   1       -1.054440       -0.872343        1.362797
     Cl   1        0.754031        1.362797        1.349632

     C    2       -0.580017       -0.300462        0.200470
     C    2       -0.300462       -0.052011        0.259162
     C    2        0.200470        0.259162        0.632028

     C    3        0.043243        0.003135        0.044292
     C    3        0.003135       -0.306418        0.221905
     C    3        0.044292        0.221905        0.263174

     H    4        0.315777        0.318987        0.364724
     H    4        0.318987       -0.436635       -0.195381
     H    4        0.364724       -0.195381        0.120858

     C    5       -0.360951        0.028532       -0.029366
     C    5        0.028532        0.233303       -0.002143
     C    5       -0.029366       -0.002143        0.127648

     H    6       -0.149215        0.213837       -0.204377
     H    6        0.213837        0.266048        0.474390
     H    6       -0.204377        0.474390       -0.116833

     H    7       -0.126963       -0.067060        0.058802
     H    7       -0.067060        0.316159       -0.150422
     H    7        0.058802       -0.150422       -0.189196

     C    8       -0.103135       -0.014404       -0.172974
     C    8       -0.014404       -0.214530        0.215774
     C    8       -0.172974        0.215774        0.317664

     H    9        0.371959       -0.176061        0.115418
     H    9       -0.176061       -0.290479       -0.097022
     H    9        0.115418       -0.097022       -0.081480

     C   10       -0.086500       -0.143637       -0.167721
     C   10       -0.143637       -0.145240        0.238956
     C   10       -0.167721        0.238956        0.231740

     C   11        0.169527        0.405539       -0.241180
     C   11        0.405539       -0.073455        0.189121
     C   11       -0.241180        0.189121       -0.096072

     Cl  12        1.347643        1.743603        0.747017
     Cl  12        1.743603       -0.485569       -0.244827
     Cl  12        0.747017       -0.244827       -0.862074

     H   13       -0.131983        0.122780       -0.048731
     H   13        0.122780        0.490436        0.591937
     H   13       -0.048731        0.591937       -0.358453

     C   14        0.097592        0.110601        0.361782
     C   14        0.110601       -0.328871       -0.015857
     C   14        0.361782       -0.015857        0.231279

     H   15        0.565237        0.215785        0.176123
     H   15        0.215785       -0.498331        0.274728
     H   15        0.176123        0.274728       -0.066906

     C   16       -0.229210       -0.316987       -0.087004
     C   16       -0.316987       -0.147480       -0.406777
     C   16       -0.087004       -0.406777        0.376690

     C   17        0.153789       -0.462161       -0.220248
     C   17       -0.462161       -0.220109       -0.184395
     C   17       -0.220248       -0.184395        0.066320

     Cl  18       -0.876112       -1.209289        0.559257
     Cl  18       -1.209289       -1.465030       -0.835584
     Cl  18        0.559257       -0.835584        2.341142

     H   19       -0.018885       -0.065959       -0.082048
     H   19       -0.065959        0.425777       -0.567211
     H   19       -0.082048       -0.567211       -0.406892

     C   20       -0.361945       -0.044992        0.298366
     C   20       -0.044992       -0.092260        0.378833
     C   20        0.298366        0.378833        0.454205

     H   21        0.435712       -0.039922        0.366160
     H   21       -0.039922       -0.279856       -0.374638
     H   21        0.366160       -0.374638       -0.155856

     C   22       -0.248486        0.296090       -0.066459
     C   22        0.296090        0.056185        0.516533
     C   22       -0.066459        0.516533        0.192301

     C   23       -0.182957        0.217378       -0.091995
     C   23        0.217378        0.061261        0.086660
     C   23       -0.091995        0.086660        0.121696

     Cl  24        0.515383        0.551169       -1.483291
     Cl  24        0.551169        0.331266        1.915427
     Cl  24       -1.483291        1.915427       -0.846650

     ----- total EFG (symmetrized) -----
     Cl   1       -0.477289       -1.054440        0.754031
     Cl   1       -1.054440       -0.872343        1.362797
     Cl   1        0.754031        1.362797        1.349632

     C    2       -0.580017       -0.300462        0.200470
     C    2       -0.300462       -0.052011        0.259162
     C    2        0.200470        0.259162        0.632028

     C    3        0.043243        0.003135        0.044292
     C    3        0.003135       -0.306418        0.221905
     C    3        0.044292        0.221905        0.263174

     H    4        0.315777        0.318987        0.364724
     H    4        0.318987       -0.436635       -0.195381
     H    4        0.364724       -0.195381        0.120858

     C    5       -0.360951        0.028532       -0.029366
     C    5        0.028532        0.233303       -0.002143
     C    5       -0.029366       -0.002143        0.127648

     H    6       -0.149215        0.213837       -0.204377
     H    6        0.213837        0.266048        0.474390
     H    6       -0.204377        0.474390       -0.116833

     H    7       -0.126963       -0.067060        0.058802
     H    7       -0.067060        0.316159       -0.150422
     H    7        0.058802       -0.150422       -0.189196

     C    8       -0.103135       -0.014404       -0.172974
     C    8       -0.014404       -0.214530        0.215774
     C    8       -0.172974        0.215774        0.317664

     H    9        0.371959       -0.176061        0.115418
     H    9       -0.176061       -0.290479       -0.097022
     H    9        0.115418       -0.097022       -0.081480

     C   10       -0.086500       -0.143637       -0.167721
     C   10       -0.143637       -0.145240        0.238956
     C   10       -0.167721        0.238956        0.231740

     C   11        0.169527        0.405539       -0.241180
     C   11        0.405539       -0.073455        0.189121
     C   11       -0.241180        0.189121       -0.096072

     Cl  12        1.347643        1.743603        0.747017
     Cl  12        1.743603       -0.485569       -0.244827
     Cl  12        0.747017       -0.244827       -0.862074

     H   13       -0.131983        0.122780       -0.048731
     H   13        0.122780        0.490436        0.591937
     H   13       -0.048731        0.591937       -0.358453

     C   14        0.097592        0.110601        0.361782
     C   14        0.110601       -0.328871       -0.015857
     C   14        0.361782       -0.015857        0.231279

     H   15        0.565237        0.215785        0.176123
     H   15        0.215785       -0.498331        0.274728
     H   15        0.176123        0.274728       -0.066906

     C   16       -0.229210       -0.316987       -0.087004
     C   16       -0.316987       -0.147480       -0.406777
     C   16       -0.087004       -0.406777        0.376690

     C   17        0.153789       -0.462161       -0.220248
     C   17       -0.462161       -0.220109       -0.184395
     C   17       -0.220248       -0.184395        0.066320

     Cl  18       -0.876112       -1.209289        0.559257
     Cl  18       -1.209289       -1.465030       -0.835584
     Cl  18        0.559257       -0.835584        2.341142

     H   19       -0.018885       -0.065959       -0.082048
     H   19       -0.065959        0.425777       -0.567211
     H   19       -0.082048       -0.567211       -0.406892

     C   20       -0.361945       -0.044992        0.298366
     C   20       -0.044992       -0.092260        0.378833
     C   20        0.298366        0.378833        0.454205

     H   21        0.435712       -0.039922        0.366160
     H   21       -0.039922       -0.279856       -0.374638
     H   21        0.366160       -0.374638       -0.155856

     C   22       -0.248486        0.296090       -0.066459
     C   22        0.296090        0.056185        0.516533
     C   22       -0.066459        0.516533        0.192301

     C   23       -0.182957        0.217378       -0.091995
     C   23        0.217378        0.061261        0.086660
     C   23       -0.091995        0.086660        0.121696

     Cl  24        0.515383        0.551169       -1.483291
     Cl  24        0.551169        0.331266        1.915427
     Cl  24       -1.483291        1.915427       -0.846650


     NQR/NMR SPECTROSCOPIC PARAMETERS:
     Cl   1    Vxx=    0.3579    axis=(  0.821629 -0.553563  0.135989)
     Cl   1    Vyy=    2.0226    axis=( -0.111319 -0.389796 -0.914148)
     Cl   1    Vzz=   -2.3805    axis=(  0.559047  0.735953 -0.381890)
     Cl   1  Q=        -8.1650 1e-30 m^2  Cq=        45.6684 MHz  eta= 0.69928

     C    2    Vxx=    0.0499    axis=(  0.475495 -0.852809  0.215920)
     C    2    Vyy=    0.7268    axis=( -0.080551 -0.286618 -0.954653)
     C    2    Vzz=   -0.7767    axis=(  0.876023  0.436540 -0.204980)
     C    2  Q=         1.0000 1e-30 m^2  Cq=        -1.8248 MHz  eta= 0.87150

     C    3    Vxx=    0.0375    axis=(  0.989696 -0.071157 -0.124251)
     C    3    Vyy=    0.3455    axis=( -0.140623 -0.319630 -0.937049)
     C    3    Vzz=   -0.3830    axis=(  0.026963  0.944867 -0.326343)
     C    3  Q=         1.0000 1e-30 m^2  Cq=        -0.8998 MHz  eta= 0.80439

     H    4    Vxx=    0.0675    axis=( -0.397576 -0.539303  0.742351)
     H    4    Vyy=    0.6159    axis=(  0.823202  0.147723  0.548194)
     H    4    Vzz=   -0.6834    axis=(  0.405305 -0.829054 -0.385224)
     H    4  Q=         1.0000 1e-30 m^2  Cq=        -1.6056 MHz  eta= 0.80255

     C    5    Vxx=    0.1293    axis=( -0.057649  0.036359  0.997675)
     C    5    Vyy=    0.2348    axis=(  0.049460  0.998213 -0.033520)
     C    5    Vzz=   -0.3641    axis=( -0.997111  0.047412 -0.059344)
     C    5  Q=         1.0000 1e-30 m^2  Cq=        -0.8554 MHz  eta= 0.28985

     H    6    Vxx=    0.0247    axis=(  0.843786  0.217105 -0.490806)
     H    6    Vyy=    0.5922    axis=( -0.094860 -0.839792 -0.534557)
     H    6    Vzz=   -0.6169    axis=( -0.528230  0.497610 -0.688010)
     H    6  Q=         1.0000 1e-30 m^2  Cq=        -1.4494 MHz  eta= 0.91996

     H    7    Vxx=   -0.1258    axis=(  0.926269  0.239546  0.290934)
     H    7    Vyy=   -0.2447    axis=( -0.341195  0.205221  0.917317)
     H    7    Vzz=    0.3706    axis=(  0.160034 -0.948948  0.271822)
     H    7  Q=         1.0000 1e-30 m^2  Cq=         0.8707 MHz  eta= 0.32082

     C    8    Vxx=   -0.1425    axis=(  0.918074  0.353519  0.179345)
     C    8    Vyy=   -0.3033    axis=( -0.266246  0.885091 -0.381742)
     C    8    Vzz=    0.4457    axis=( -0.293689  0.302718  0.906702)
     C    8  Q=         1.0000 1e-30 m^2  Cq=         1.0473 MHz  eta= 0.36073

     H    9    Vxx=   -0.0986    axis=( -0.301842 -0.194870  0.933229)
     H    9    Vyy=   -0.3521    axis=(  0.189038  0.947216  0.258933)
     H    9    Vzz=    0.4507    axis=( -0.934428  0.254573 -0.249072)
     H    9  Q=         1.0000 1e-30 m^2  Cq=         1.0589 MHz  eta= 0.56266

     C   10    Vxx=   -0.1499    axis=( -0.833729  0.222183 -0.505500)
     C   10    Vyy=   -0.2858    axis=( -0.399480 -0.874710  0.274405)
     C   10    Vzz=    0.4357    axis=( -0.381198  0.430717  0.818029)
     C   10  Q=         1.0000 1e-30 m^2  Cq=         1.0238 MHz  eta= 0.31187

     C   11    Vxx=    0.0796    axis=( -0.184429  0.532273  0.826239)
     C   11    Vyy=    0.4849    axis=( -0.823765 -0.542253  0.165449)
     C   11    Vzz=   -0.5645    axis=(  0.536094 -0.650113  0.538475)
     C   11  Q=         1.0000 1e-30 m^2  Cq=        -1.3264 MHz  eta= 0.71800

     Cl  12    Vxx=   -0.5800    axis=( -0.146283  0.521797 -0.840434)
     Cl  12    Vyy=   -1.9016    axis=( -0.493730  0.697683  0.519104)
     Cl  12    Vzz=    2.4817    axis=(  0.857224  0.490883  0.155568)
     Cl  12  Q=        -8.1650 1e-30 m^2  Cq=       -47.6096 MHz  eta= 0.53254

     H   13    Vxx=   -0.1219    axis=(  0.979237 -0.000382 -0.202719)
     H   13    Vyy=   -0.6806    axis=( -0.179960  0.458726 -0.870164)
     H   13    Vzz=    0.8025    axis=(  0.093325  0.888578  0.449133)
     H   13  Q=         1.0000 1e-30 m^2  Cq=         1.8856 MHz  eta= 0.69610

     C   14    Vxx=   -0.1533    axis=( -0.654014 -0.465875  0.596008)
     C   14    Vyy=   -0.3830    axis=(  0.395439 -0.882196 -0.255651)
     C   14    Vzz=    0.5364    axis=(  0.644898  0.068486  0.761194)
     C   14  Q=         1.0000 1e-30 m^2  Cq=         1.2602 MHz  eta= 0.42830

     H   15    Vxx=   -0.0357    axis=(  0.374443 -0.338087 -0.863417)
     H   15    Vyy=   -0.6442    axis=(  0.103912 -0.909994  0.401388)
     H   15    Vzz=    0.6799    axis=( -0.921409 -0.240016 -0.305610)
     H   15  Q=         1.0000 1e-30 m^2  Cq=         1.5974 MHz  eta= 0.89495

     C   16    Vxx=    0.0223    axis=(  0.770465 -0.504393 -0.389836)
     C   16    Vyy=    0.6063    axis=( -0.102565  0.505477 -0.856723)
     C   16    Vzz=   -0.6286    axis=(  0.629178  0.700058  0.337719)
     C   16  Q=         1.0000 1e-30 m^2  Cq=        -1.4770 MHz  eta= 0.92895

     C   17    Vxx=    0.1565    axis=( -0.009621 -0.430141  0.902711)
     C   17    Vyy=    0.4839    axis=(  0.840444 -0.492625 -0.225777)
     C   17    Vzz=   -0.6404    axis=(  0.541813  0.756505  0.366249)
     C   17  Q=         1.0000 1e-30 m^2  Cq=        -1.5046 MHz  eta= 0.51113

     Cl  18    Vxx=   -0.2700    axis=( -0.769312  0.542004  0.338217)
     Cl  18    Vyy=   -2.4372    axis=(  0.595007  0.800634  0.070367)
     Cl  18    Vzz=    2.7072    axis=(  0.232649 -0.255376  0.938434)
     Cl  18  Q=        -8.1650 1e-30 m^2  Cq=       -51.9358 MHz  eta= 0.80053

     H   19    Vxx=   -0.0042    axis=(  0.988596 -0.039904 -0.145207)
     H   19    Vyy=   -0.7095    axis=(  0.147569  0.448889  0.881319)
     H   19    Vzz=    0.7137    axis=(  0.030014 -0.892696  0.449658)
     H   19  Q=         1.0000 1e-30 m^2  Cq=         1.6769 MHz  eta= 0.98831

     C   20    Vxx=   -0.1696    axis=(  0.544612 -0.806702  0.229410)
     C   20    Vyy=   -0.5364    axis=(  0.806565  0.428799 -0.406921)
     C   20    Vzz=    0.7060    axis=(  0.229893  0.406648  0.884187)
     C   20  Q=         1.0000 1e-30 m^2  Cq=         1.6588 MHz  eta= 0.51950

     H   21    Vxx=   -0.0156    axis=(  0.494994  0.684293 -0.535467)
     H   21    Vyy=   -0.6419    axis=( -0.209149  0.691976  0.690961)
     H   21    Vzz=    0.6575    axis=(  0.843349 -0.230029  0.485642)
     H   21  Q=         1.0000 1e-30 m^2  Cq=         1.5448 MHz  eta= 0.95262

     C   22    Vxx=   -0.0645    axis=( -0.770359 -0.360583  0.525858)
     C   22    Vyy=   -0.6055    axis=( -0.615103  0.637471 -0.463982)
     C   22    Vzz=    0.6700    axis=(  0.167914  0.680890  0.712877)
     C   22  Q=         1.0000 1e-30 m^2  Cq=         1.5742 MHz  eta= 0.80738

     C   23    Vxx=    0.1392    axis=( -0.444380 -0.301538  0.843565)
     C   23    Vyy=    0.2038    axis=( -0.344209 -0.811892 -0.471541)
     C   23    Vzz=   -0.3429    axis=(  0.827071 -0.499906  0.256997)
     C   23  Q=         1.0000 1e-30 m^2  Cq=        -0.8058 MHz  eta= 0.18829

     Cl  24    Vxx=    0.9789    axis=( -0.804259 -0.593482  0.030775)
     Cl  24    Vyy=    1.9601    axis=(  0.433388 -0.621166 -0.652937)
     Cl  24    Vzz=   -2.9390    axis=(  0.406623 -0.511793  0.756786)
     Cl  24  Q=        -8.1650 1e-30 m^2  Cq=        56.3827 MHz  eta= 0.33387

     Initialization:
     gipaw_setup  :      9.36s CPU     11.34s WALL (       1 calls)

     Linear response

     Apply operators

     Induced current

     Other routines
     efg          :      9.58s CPU     11.92s WALL (       1 calls)

     General routines
     calbec       :      3.16s CPU      4.26s WALL (      16 calls)
     fft          :      1.36s CPU      1.69s WALL (      15 calls)
     ffts         :      0.06s CPU      0.09s WALL (       2 calls)
     fftw         :      3.50s CPU      4.12s WALL (     672 calls)
     davcio       :      0.06s CPU      0.34s WALL (      32 calls)

     Parallel routines
     fft_scatter  :      1.96s CPU      2.78s WALL (     689 calls)

     Plugins

     GIPAW        :     62.29s CPU     73.01s WALL (       1 calls)
