
     Program QE v.6.0 (svn rev. 13079) starts on 23Dec2016 at 19: 8: 7 

     This program is part of the open-source Quantum ESPRESSO suite
     for quantum simulation of materials; please cite
         "P. Giannozzi et al., J. Phys.:Condens. Matter 21 395502 (2009);
          URL http://www.quantum-espresso.org", 
     in publications or presentations arising from this work. More details at
     http://www.quantum-espresso.org/quote

     Parallel version (MPI), running on     8 processors
     R & G space division:  proc/nbgrp/npool/nimage =       8

     ***** This is GIPAW svn revision unknown      *****

     Parallelizing q-star over 1 images

     Reading data from directory:
     /users/majewski/paradichlorobenzene/pbe/9_constraint/scratch/pbe.ecut100.np8.dt60.pcl2phi-129368.save
     Message from routine read_xml_file:
     file /users/majewski/paradichlorobenzene/pbe/9_constraint/scratch/pbe.ecut100.np8.dt60.pcl2phi-129368.save not guaranteed to be safe for post-processing

   Info: using nr1, nr2, nr3 values from input

   Info: using nr1, nr2, nr3 values from input

     IMPORTANT: XC functional enforced from input :
     Exchange-correlation      =  SLA  PW   PBX  PBC ( 1  4  3  4 0 0)
     Any further DFT definition will be discarded
     Please, verify this is what you really want

               file C.pbe-n-kjpaw_psl.1.0.0.UPF: wavefunction(s)  2S 2P renormalized
               file Cl.pbe-n-kjpaw_psl.1.0.0.UPF: wavefunction(s)  3S 3P renormalized
               file H.pbe-kjpaw_psl.1.0.0.UPF: wavefunction(s)  1S renormalized

     Parallelization info
     --------------------
     sticks:   dense  smooth     PW     G-vecs:    dense   smooth      PW
     Min        3057    1223    332               144436    36536    5170
     Max        3059    1225    333               144437    36537    5171
     Sum       24467    9791   2657              1155489   292295   41363


     Subspace diagonalization in iterative solution of the eigenvalue problem:
     a serial algorithm will be used

     GIPAW projectors -----------------------------------------------
     atom=  C    l=0  rc=    1.2000  rs=    0.8000
     atom=  C    l=0  rc=    1.2000  rs=    0.8000
     atom=  C    l=1  rc=    1.4000  rs=    0.9333
     atom=  C    l=1  rc=    1.4000  rs=    0.9333
     projs nearly linearly dependent: l=1  n1,n2= 1, 2  s=  0.99951561

     atom=  Cl   l=0  rc=    1.6000  rs=    1.0667
     atom=  Cl   l=0  rc=    1.6000  rs=    1.0667
     atom=  Cl   l=1  rc=    1.6000  rs=    1.0667
     atom=  Cl   l=1  rc=    1.6000  rs=    1.0667
     atom=  Cl   l=2  rc=    1.6000  rs=    1.0667
     atom=  Cl   l=2  rc=    1.6000  rs=    1.0667
     projs nearly linearly dependent: l=2  n1,n2= 1, 2  s=  0.99993509

     atom=  H    l=0  rc=    1.0000  rs=    0.6667
     atom=  H    l=0  rc=    1.0000  rs=    0.6667
     projs nearly linearly dependent: l=0  n1,n2= 1, 2  s=  0.99968852
     -----------------------------------------------------------------

     GIPAW integrals: -------------------------------------------
     Atom  i/j   nmr_para   nmr_dia   epr_rmc  epr_para   epr_dia
       C   1 1   0.83E+03  0.17E-01  0.93E+01  0.24E+08  0.24E+03
       C   2 1   0.86E+03 -0.61E-01  0.94E+01  0.25E+08  0.25E+03
       C   2 2   0.90E+03 -0.15E+00  0.97E+01  0.26E+08  0.26E+03
       C   3 3   0.33E+01  0.34E+00  0.18E+01  0.55E+03  0.21E+02
       C   4 3   0.35E+01  0.37E+00  0.20E+01  0.59E+03  0.22E+02
       C   4 4   0.38E+01  0.39E+00  0.22E+01  0.63E+03  0.24E+02
       Cl  1 1   0.14E+04 -0.47E+00  0.84E+01  0.32E+09  0.42E+03
       Cl  2 1   0.21E+04 -0.37E+00  0.12E+02  0.49E+09  0.65E+03
       Cl  2 2   0.33E+04 -0.16E+00  0.21E+02  0.76E+09  0.10E+04
       Cl  3 3   0.21E+02  0.79E-01  0.89E+01  0.23E+05  0.13E+03
       Cl  4 3   0.24E+02  0.67E-01  0.99E+01  0.27E+05  0.15E+03
       Cl  4 4   0.28E+02  0.44E-01  0.11E+02  0.32E+05  0.18E+03
       Cl  5 5   0.77E+00  0.19E+00  0.18E+01  0.12E+03  0.22E+02
       Cl  6 5   0.80E+00  0.19E+00  0.19E+01  0.12E+03  0.23E+02
       Cl  6 6   0.83E+00  0.20E+00  0.19E+01  0.12E+03  0.23E+02
       H   1 1   0.39E+02  0.19E+00  0.29E+00  0.78E+05  0.13E+02
       H   2 1   0.41E+02  0.21E+00  0.32E+00  0.82E+05  0.14E+02
       H   2 2   0.43E+02  0.22E+00  0.36E+00  0.86E+05  0.15E+02
     ------------------------------------------------------------

     alpha_pv=     34.0990 eV

     Number of occupied bands for each k-point:
     k-point:     1    nbnd_occ=  42
     k-point:     2    nbnd_occ=  42
     k-point:     3    nbnd_occ=  42
     k-point:     4    nbnd_occ=  42
     k-point:     5    nbnd_occ=  42
     k-point:     6    nbnd_occ=  42
     k-point:     7    nbnd_occ=  42
     k-point:     8    nbnd_occ=  42
     k-point:     9    nbnd_occ=  42
     k-point:    10    nbnd_occ=  42
     k-point:    11    nbnd_occ=  42
     k-point:    12    nbnd_occ=  42
     k-point:    13    nbnd_occ=  42
     k-point:    14    nbnd_occ=  42
     k-point:    15    nbnd_occ=  42
     k-point:    16    nbnd_occ=  42


     q-space interpolation up to   110.00 Rydberg

     GIPAW job: efg                                                                             


     ELECTRIC FIELD GRADIENTS TENSORS IN Hartree/bohrradius^2:

     ----- bare term -----
     Cl   1        0.319264        0.040202        0.227946
     Cl   1        0.040202        0.351354        0.329532
     Cl   1        0.227946        0.329532       -0.670618

     C    2       -0.623926        0.047149       -0.248090
     C    2        0.047149        0.018676       -0.238285
     C    2       -0.248090       -0.238285        0.605250

     C    3        0.061362        0.521803        0.087439
     C    3        0.521803       -0.550180       -0.449265
     C    3        0.087439       -0.449265        0.488818

     H    4       -0.507094       -0.260136       -0.570585
     H    4       -0.260136        0.322770       -0.240356
     H    4       -0.570585       -0.240356        0.184324

     C    5       -0.520774        0.367160       -0.474611
     C    5        0.367160        0.287537       -0.294174
     C    5       -0.474611       -0.294174        0.233238

     H    6        0.396530       -0.068917        0.188927
     H    6       -0.068917       -0.169657       -0.400222
     H    6        0.188927       -0.400222       -0.226873

     H    7        0.465615       -0.030853       -0.128756
     H    7       -0.030853       -0.652373        0.055977
     H    7       -0.128756        0.055977        0.186758

     C    8       -0.516996        0.066032       -0.263755
     C    8        0.066032       -0.032623        0.315773
     C    8       -0.263755        0.315773        0.549619

     H    9       -0.462700        0.336299       -0.315562
     H    9        0.336299        0.322248        0.096573
     H    9       -0.315562        0.096573        0.140451

     C   10       -0.099497       -0.447032        0.141881
     C   10       -0.447032       -0.475434        0.542041
     C   10        0.141881        0.542041        0.574932

     C   11       -0.246642        0.055792       -0.347977
     C   11        0.055792       -0.032677        0.415345
     C   11       -0.347977        0.415345        0.279318

     Cl  12       -0.011573       -0.131857       -0.079919
     Cl  12       -0.131857        0.034663        0.069668
     Cl  12       -0.079919        0.069668       -0.023090

     H   13        0.338889       -0.101094       -0.355372
     H   13       -0.101094        0.005067       -0.444333
     H   13       -0.355372       -0.444333       -0.343955

     C   14       -0.176798        0.372004       -0.002657
     C   14        0.372004       -0.401762       -0.387601
     C   14       -0.002657       -0.387601        0.578560

     H   15       -0.532280       -0.410037       -0.323685
     H   15       -0.410037        0.244534       -0.149502
     H   15       -0.323685       -0.149502        0.287745

     C   16       -0.329444        0.326928       -0.351050
     C   16        0.326928        0.003027       -0.392664
     C   16       -0.351050       -0.392664        0.326417

     C   17       -0.075140        0.225868       -0.240864
     C   17        0.225868       -0.036930       -0.672531
     C   17       -0.240864       -0.672531        0.112070

     Cl  18       -0.077216        0.192999       -0.088582
     Cl  18        0.192999        0.095074       -0.121476
     Cl  18       -0.088582       -0.121476       -0.017858

     H   19        0.418339        0.017530        0.222864
     H   19        0.017530       -0.024295        0.400951
     H   19        0.222864        0.400951       -0.394044

     C   20       -0.401100       -0.320237       -0.139481
     C   20       -0.320237       -0.095898        0.463579
     C   20       -0.139481        0.463579        0.496998

     H   21        0.111821        0.083233       -0.444931
     H   21        0.083233        0.465156        0.035852
     H   21       -0.444931        0.035852       -0.576977

     C   22       -0.206645       -0.024290       -0.165457
     C   22       -0.024290       -0.028890        0.274119
     C   22       -0.165457        0.274119        0.235535

     C   23       -0.138830       -0.296815       -0.090997
     C   23       -0.296815       -0.437391        0.410828
     C   23       -0.090997        0.410828        0.576220

     Cl  24       -0.084276        0.004852       -0.078670
     Cl  24        0.004852       -0.033013        0.124524
     Cl  24       -0.078670        0.124524        0.117289

     ----- ionic term -----
     Cl   1        0.168923       -0.172023       -0.060017
     Cl   1       -0.172023       -0.069600        0.025302
     Cl   1       -0.060017        0.025302       -0.099324

     C    2        0.289763       -0.152677        0.085679
     C    2       -0.152677       -0.095039        0.465654
     C    2        0.085679        0.465654       -0.194724

     C    3        0.142153       -0.227997        0.064340
     C    3       -0.227997        0.037900        0.494044
     C    3        0.064340        0.494044       -0.180053

     H    4        0.497220        0.389766        0.652750
     H    4        0.389766       -0.391108        0.325637
     H    4        0.652750        0.325637       -0.106112

     C    5        0.340871       -0.139758        0.197968
     C    5       -0.139758       -0.063493        0.382952
     C    5        0.197968        0.382952       -0.277378

     H    6       -0.527008        0.068144        0.059940
     H    6        0.068144        0.542757        0.787044
     H    6        0.059940        0.787044       -0.015749

     H    7       -0.500428       -0.058879        0.038102
     H    7       -0.058879        0.631592       -0.708030
     H    7        0.038102       -0.708030       -0.131164

     C    8        0.266248        0.209732        0.310205
     C    8        0.209732        0.100502       -0.266753
     C    8        0.310205       -0.266753       -0.366750

     H    9        0.736640       -0.313460        0.618034
     H    9       -0.313460       -0.396104       -0.204036
     H    9        0.618034       -0.204036       -0.340536

     C   10        0.161979        0.260123        0.235207
     C   10        0.260123        0.252060       -0.294422
     C   10        0.235207       -0.294422       -0.414039

     C   11        0.148145        0.188211        0.408344
     C   11        0.188211        0.122186       -0.307065
     C   11        0.408344       -0.307065       -0.270331

     Cl  12        0.128724        0.197317        0.053676
     Cl  12        0.197317        0.020862        0.026059
     Cl  12        0.053676        0.026059       -0.149586

     H   13       -0.489502        0.172331        0.119159
     H   13        0.172331        0.500976        0.777059
     H   13        0.119159        0.777059       -0.011475

     C   14        0.379172       -0.144738        0.145641
     C   14       -0.144738       -0.087554        0.372713
     C   14        0.145641        0.372713       -0.291618

     H   15        0.644428        0.316635        0.638498
     H   15        0.316635       -0.468050        0.259118
     H   15        0.638498        0.259118       -0.176378

     C   16        0.199186       -0.226592        0.073411
     C   16       -0.226592        0.046975        0.500951
     C   16        0.073411        0.500951       -0.246161

     C   17        0.254172       -0.139010        0.255575
     C   17       -0.139010        0.002286        0.463986
     C   17        0.255575        0.463986       -0.256458

     Cl  18        0.131555       -0.212242       -0.001984
     Cl  18       -0.212242        0.008014        0.002554
     Cl  18       -0.001984        0.002554       -0.139569

     H   19       -0.515845        0.098452       -0.024480
     H   19        0.098452        0.562167       -0.737530
     H   19       -0.024480       -0.737530       -0.046322

     C   20        0.236802        0.250024        0.397068
     C   20        0.250024       -0.007856       -0.256374
     C   20        0.397068       -0.256374       -0.228946

     H   21        0.380068       -0.341623        0.737756
     H   21       -0.341623       -0.394207       -0.322217
     H   21        0.737756       -0.322217        0.014139

     C   22        0.059070        0.217819        0.258727
     C   22        0.217819        0.156123       -0.379733
     C   22        0.258727       -0.379733       -0.215193

     C   23        0.158431        0.198420        0.256903
     C   23        0.198420        0.127141       -0.422431
     C   23        0.256903       -0.422431       -0.285572

     Cl  24        0.118984        0.234311        0.006568
     Cl  24        0.234311        0.025416       -0.001334
     Cl  24        0.006568       -0.001334       -0.144400

     ----- GIPAW term -----
     Cl   1        0.360975       -0.382600       -0.150228
     Cl   1       -0.382600       -0.012319        0.179125
     Cl   1       -0.150228        0.179125       -0.348656

     C    2       -0.168202       -0.071864        0.003539
     C    2       -0.071864       -0.110671        0.040766
     C    2        0.003539        0.040766        0.278873

     C    3       -0.010853        0.162152        0.147394
     C    3        0.162152       -0.098664        0.086828
     C    3        0.147394        0.086828        0.109517

     H    4       -0.000000        0.000000        0.000000
     H    4        0.000000        0.000000        0.000000
     H    4        0.000000        0.000000        0.000000

     C    5       -0.059519        0.197663       -0.107741
     C    5        0.197663        0.128401       -0.083091
     C    5       -0.107741       -0.083091       -0.068882

     H    6       -0.000000        0.000000        0.000000
     H    6        0.000000        0.000000        0.000000
     H    6        0.000000        0.000000        0.000000

     H    7       -0.000000        0.000000        0.000000
     H    7        0.000000        0.000000        0.000000
     H    7        0.000000        0.000000        0.000000

     C    8       -0.153703        0.047021        0.052835
     C    8        0.047021       -0.084531        0.139642
     C    8        0.052835        0.139642        0.238233

     H    9       -0.000000        0.000000        0.000000
     H    9        0.000000        0.000000        0.000000
     H    9        0.000000        0.000000        0.000000

     C   10       -0.014850       -0.015881        0.181719
     C   10       -0.015881       -0.151235        0.133202
     C   10        0.181719        0.133202        0.166085

     C   11        0.074663        0.100777        0.043396
     C   11        0.100777       -0.049654        0.016896
     C   11        0.043396        0.016896       -0.025009

     Cl  12        1.321371        1.164073       -0.630826
     Cl  12        1.164073        0.467555        0.617780
     Cl  12       -0.630826        0.617780       -1.788925

     H   13       -0.000000        0.000000        0.000000
     H   13        0.000000        0.000000        0.000000
     H   13        0.000000        0.000000        0.000000

     C   14       -0.058265        0.068249        0.121104
     C   14        0.068249       -0.204643       -0.049131
     C   14        0.121104       -0.049131        0.262908

     H   15       -0.000000        0.000000        0.000000
     H   15        0.000000        0.000000        0.000000
     H   15        0.000000        0.000000        0.000000

     C   16       -0.054730        0.136338       -0.099508
     C   16        0.136338        0.071204       -0.065481
     C   16       -0.099508       -0.065481       -0.016473

     C   17        0.014479        0.075180       -0.104108
     C   17        0.075180        0.098797       -0.204711
     C   17       -0.104108       -0.204711       -0.113276

     Cl  18        0.676450       -0.014239       -1.100877
     Cl  18       -0.014239        1.038479       -1.415028
     Cl  18       -1.100877       -1.415028       -1.714929

     H   19       -0.000000        0.000000        0.000000
     H   19        0.000000        0.000000        0.000000
     H   19        0.000000        0.000000        0.000000

     C   20       -0.145118       -0.033243        0.015778
     C   20       -0.033243       -0.063711        0.210501
     C   20        0.015778        0.210501        0.208829

     H   21       -0.000000        0.000000        0.000000
     H   21        0.000000        0.000000        0.000000
     H   21        0.000000        0.000000        0.000000

     C   22       -0.120519        0.036667        0.018301
     C   22        0.036667       -0.047345        0.100134
     C   22        0.018301        0.100134        0.167864

     C   23       -0.079305        0.049231        0.068441
     C   23        0.049231       -0.150662        0.127430
     C   23        0.068441        0.127430        0.229968

     Cl  24       -0.282829        1.753581       -0.406147
     Cl  24        1.753581       -0.064177        1.999868
     Cl  24       -0.406147        1.999868        0.347006

     ----- total EFG -----
     Cl   1        0.849163       -0.514421        0.017701
     Cl   1       -0.514421        0.269435        0.533958
     Cl   1        0.017701        0.533958       -1.118598

     C    2       -0.502365       -0.177392       -0.158872
     C    2       -0.177392       -0.187034        0.268136
     C    2       -0.158872        0.268136        0.689398

     C    3        0.192662        0.455958        0.299173
     C    3        0.455958       -0.610944        0.131607
     C    3        0.299173        0.131607        0.418282

     H    4       -0.009875        0.129630        0.082165
     H    4        0.129630       -0.068337        0.085281
     H    4        0.082165        0.085281        0.078212

     C    5       -0.239422        0.425064       -0.384385
     C    5        0.425064        0.352444        0.005687
     C    5       -0.384385        0.005687       -0.113022

     H    6       -0.130478       -0.000773        0.248866
     H    6       -0.000773        0.373100        0.386823
     H    6        0.248866        0.386823       -0.242623

     H    7       -0.034813       -0.089732       -0.090654
     H    7       -0.089732       -0.020781       -0.652053
     H    7       -0.090654       -0.652053        0.055594

     C    8       -0.404451        0.322785        0.099285
     C    8        0.322785       -0.016652        0.188662
     C    8        0.099285        0.188662        0.421103

     H    9        0.273941        0.022839        0.302472
     H    9        0.022839       -0.073856       -0.107463
     H    9        0.302472       -0.107463       -0.200084

     C   10        0.047632       -0.202790        0.558806
     C   10       -0.202790       -0.374609        0.380821
     C   10        0.558806        0.380821        0.326977

     C   11       -0.023833        0.344780        0.103764
     C   11        0.344780        0.039855        0.125176
     C   11        0.103764        0.125176       -0.016022

     Cl  12        1.438522        1.229532       -0.657069
     Cl  12        1.229532        0.523079        0.713508
     Cl  12       -0.657069        0.713508       -1.961601

     H   13       -0.150613        0.071237       -0.236213
     H   13        0.071237        0.506043        0.332727
     H   13       -0.236213        0.332727       -0.355430

     C   14        0.144109        0.295515        0.264088
     C   14        0.295515       -0.693958       -0.064020
     C   14        0.264088       -0.064020        0.549850

     H   15        0.112149       -0.093402        0.314813
     H   15       -0.093402       -0.223516        0.109616
     H   15        0.314813        0.109616        0.111367

     C   16       -0.184988        0.236675       -0.377147
     C   16        0.236675        0.121206        0.042806
     C   16       -0.377147        0.042806        0.063782

     C   17        0.193511        0.162037       -0.089396
     C   17        0.162037        0.064153       -0.413256
     C   17       -0.089396       -0.413256       -0.257664

     Cl  18        0.730789       -0.033482       -1.191443
     Cl  18       -0.033482        1.141567       -1.533950
     Cl  18       -1.191443       -1.533950       -1.872356

     H   19       -0.097506        0.115982        0.198384
     H   19        0.115982        0.537873       -0.336579
     H   19        0.198384       -0.336579       -0.440367

     C   20       -0.309416       -0.103456        0.273365
     C   20       -0.103456       -0.167465        0.417706
     C   20        0.273365        0.417706        0.476881

     H   21        0.491889       -0.258390        0.292825
     H   21       -0.258390        0.070950       -0.286366
     H   21        0.292825       -0.286366       -0.562839

     C   22       -0.268094        0.230196        0.111571
     C   22        0.230196        0.079888       -0.005480
     C   22        0.111571       -0.005480        0.188206

     C   23       -0.059704       -0.049164        0.234347
     C   23       -0.049164       -0.460912        0.115826
     C   23        0.234347        0.115826        0.520616

     Cl  24       -0.248120        1.992743       -0.478248
     Cl  24        1.992743       -0.071774        2.123058
     Cl  24       -0.478248        2.123058        0.319894

     ----- total EFG (symmetrized) -----
     Cl   1        0.849163       -0.514421        0.017701
     Cl   1       -0.514421        0.269435        0.533958
     Cl   1        0.017701        0.533958       -1.118598

     C    2       -0.502365       -0.177392       -0.158872
     C    2       -0.177392       -0.187034        0.268136
     C    2       -0.158872        0.268136        0.689398

     C    3        0.192662        0.455958        0.299173
     C    3        0.455958       -0.610944        0.131607
     C    3        0.299173        0.131607        0.418282

     H    4       -0.009875        0.129630        0.082165
     H    4        0.129630       -0.068337        0.085281
     H    4        0.082165        0.085281        0.078212

     C    5       -0.239422        0.425064       -0.384385
     C    5        0.425064        0.352444        0.005687
     C    5       -0.384385        0.005687       -0.113022

     H    6       -0.130478       -0.000773        0.248866
     H    6       -0.000773        0.373100        0.386823
     H    6        0.248866        0.386823       -0.242623

     H    7       -0.034813       -0.089732       -0.090654
     H    7       -0.089732       -0.020781       -0.652053
     H    7       -0.090654       -0.652053        0.055594

     C    8       -0.404451        0.322785        0.099285
     C    8        0.322785       -0.016652        0.188662
     C    8        0.099285        0.188662        0.421103

     H    9        0.273941        0.022839        0.302472
     H    9        0.022839       -0.073856       -0.107463
     H    9        0.302472       -0.107463       -0.200084

     C   10        0.047632       -0.202790        0.558806
     C   10       -0.202790       -0.374609        0.380821
     C   10        0.558806        0.380821        0.326977

     C   11       -0.023833        0.344780        0.103764
     C   11        0.344780        0.039855        0.125176
     C   11        0.103764        0.125176       -0.016022

     Cl  12        1.438522        1.229532       -0.657069
     Cl  12        1.229532        0.523079        0.713508
     Cl  12       -0.657069        0.713508       -1.961601

     H   13       -0.150613        0.071237       -0.236213
     H   13        0.071237        0.506043        0.332727
     H   13       -0.236213        0.332727       -0.355430

     C   14        0.144109        0.295515        0.264088
     C   14        0.295515       -0.693958       -0.064020
     C   14        0.264088       -0.064020        0.549850

     H   15        0.112149       -0.093402        0.314813
     H   15       -0.093402       -0.223516        0.109616
     H   15        0.314813        0.109616        0.111367

     C   16       -0.184988        0.236675       -0.377147
     C   16        0.236675        0.121206        0.042806
     C   16       -0.377147        0.042806        0.063782

     C   17        0.193511        0.162037       -0.089396
     C   17        0.162037        0.064153       -0.413256
     C   17       -0.089396       -0.413256       -0.257664

     Cl  18        0.730789       -0.033482       -1.191443
     Cl  18       -0.033482        1.141567       -1.533950
     Cl  18       -1.191443       -1.533950       -1.872356

     H   19       -0.097506        0.115982        0.198384
     H   19        0.115982        0.537873       -0.336579
     H   19        0.198384       -0.336579       -0.440367

     C   20       -0.309416       -0.103456        0.273365
     C   20       -0.103456       -0.167465        0.417706
     C   20        0.273365        0.417706        0.476881

     H   21        0.491889       -0.258390        0.292825
     H   21       -0.258390        0.070950       -0.286366
     H   21        0.292825       -0.286366       -0.562839

     C   22       -0.268094        0.230196        0.111571
     C   22        0.230196        0.079888       -0.005480
     C   22        0.111571       -0.005480        0.188206

     C   23       -0.059704       -0.049164        0.234347
     C   23       -0.049164       -0.460912        0.115826
     C   23        0.234347        0.115826        0.520616

     Cl  24       -0.248120        1.992743       -0.478248
     Cl  24        1.992743       -0.071774        2.123058
     Cl  24       -0.478248        2.123058        0.319894


     NQR/NMR SPECTROSCOPIC PARAMETERS:
     Cl   1    Vxx=    0.1363    axis=(  0.545993  0.768105  0.334525)
     Cl   1    Vyy=    1.1803    axis=(  0.833020 -0.540276 -0.119076)
     Cl   1    Vzz=   -1.3166    axis=( -0.089273 -0.343681  0.934834)
     Cl   1  Q=        -8.1650 1e-30 m^2  Cq=        25.2581 MHz  eta= 0.79292

     C    2    Vxx=   -0.2132    axis=( -0.359421  0.875381 -0.323304)
     C    2    Vyy=   -0.5832    axis=(  0.920261  0.389935  0.032727)
     C    2    Vzz=    0.7964    axis=( -0.154716  0.285761  0.945729)
     C    2  Q=         1.0000 1e-30 m^2  Cq=         1.8712 MHz  eta= 0.46452

     C    3    Vxx=    0.0815    axis=(  0.653037  0.297668 -0.696374)
     C    3    Vyy=    0.7354    axis=(  0.635259  0.285290  0.717674)
     C    3    Vzz=   -0.8169    axis=( -0.412297  0.911045  0.002792)
     C    3  Q=         1.0000 1e-30 m^2  Cq=        -1.9194 MHz  eta= 0.80053

     H    4    Vxx=   -0.0308    axis=( -0.583109 -0.365639  0.725460)
     H    4    Vyy=   -0.1732    axis=( -0.596117  0.799263 -0.076310)
     H    4    Vzz=    0.2040    axis=( -0.551931 -0.476956 -0.684021)
     H    4  Q=         1.0000 1e-30 m^2  Cq=         0.4793 MHz  eta= 0.69787

     C    5    Vxx=    0.0567    axis=( -0.347506  0.484082  0.803060)
     C    5    Vyy=    0.6222    axis=(  0.519142  0.812523 -0.265139)
     C    5    Vzz=   -0.6789    axis=( -0.780853  0.324764 -0.533663)
     C    5  Q=         1.0000 1e-30 m^2  Cq=        -1.5952 MHz  eta= 0.83285

     H    6    Vxx=   -0.0254    axis=(  0.862950 -0.351094  0.363387)
     H    6    Vyy=   -0.5518    axis=(  0.478925  0.339060 -0.809734)
     H    6    Vzz=    0.5772    axis=(  0.161083  0.872795  0.460740)
     H    6  Q=         1.0000 1e-30 m^2  Cq=         1.3561 MHz  eta= 0.91210

     H    7    Vxx=   -0.0089    axis=(  0.979922 -0.149310 -0.132135)
     H    7    Vyy=   -0.6617    axis=(  0.199281  0.712442  0.672840)
     H    7    Vzz=    0.6706    axis=( -0.006323 -0.685662  0.727892)
     H    7  Q=         1.0000 1e-30 m^2  Cq=         1.5757 MHz  eta= 0.97341

     C    8    Vxx=    0.0452    axis=(  0.432843  0.754655 -0.493096)
     C    8    Vyy=    0.5419    axis=(  0.238488  0.431641  0.869948)
     C    8    Vzz=   -0.5871    axis=( -0.869351  0.494148 -0.006857)
     C    8  Q=         1.0000 1e-30 m^2  Cq=        -1.3795 MHz  eta= 0.84599

     H    9    Vxx=   -0.0386    axis=(  0.191579  0.943836 -0.269203)
     H    9    Vyy=   -0.3841    axis=( -0.404176  0.325815  0.854685)
     H    9    Vzz=    0.4227    axis=(  0.894393 -0.054934  0.443895)
     H    9  Q=         1.0000 1e-30 m^2  Cq=         0.9931 MHz  eta= 0.81749

     C   10    Vxx=   -0.0072    axis=(  0.655631 -0.686885 -0.313588)
     C   10    Vyy=   -0.7858    axis=(  0.504227  0.707409 -0.495306)
     C   10    Vzz=    0.7930    axis=(  0.562053  0.166618  0.810145)
     C   10  Q=         1.0000 1e-30 m^2  Cq=         1.8632 MHz  eta= 0.98187

     C   11    Vxx=   -0.0770    axis=( -0.257698 -0.241825  0.935475)
     C   11    Vyy=   -0.3384    axis=( -0.734362  0.678221 -0.026973)
     C   11    Vzz=    0.4154    axis=( -0.627936 -0.693928 -0.352363)
     C   11  Q=         1.0000 1e-30 m^2  Cq=         0.9760 MHz  eta= 0.62945

     Cl  12    Vxx=    0.1123    axis=( -0.496991  0.759943  0.418912)
     Cl  12    Vyy=    2.2973    axis=( -0.827777 -0.560033  0.033887)
     Cl  12    Vzz=   -2.4096    axis=(  0.260357 -0.329925  0.907394)
     Cl  12  Q=        -8.1650 1e-30 m^2  Cq=        46.2262 MHz  eta= 0.90679

     H   13    Vxx=   -0.0164    axis=(  0.878068  0.166088 -0.448788)
     H   13    Vyy=   -0.6033    axis=( -0.478374  0.280328 -0.832211)
     H   13    Vzz=    0.6197    axis=( -0.012412  0.945426  0.325599)
     H   13  Q=         1.0000 1e-30 m^2  Cq=         1.4560 MHz  eta= 0.94705

     C   14    Vxx=    0.1187    axis=( -0.824652 -0.335757  0.455209)
     C   14    Vyy=    0.6843    axis=(  0.464091  0.058453  0.883857)
     C   14    Vzz=   -0.8029    axis=( -0.323370  0.940133  0.107619)
     C   14  Q=         1.0000 1e-30 m^2  Cq=        -1.8866 MHz  eta= 0.70446

     H   15    Vxx=   -0.0695    axis=( -0.528349  0.681100  0.506903)
     H   15    Vyy=   -0.3573    axis=(  0.473913  0.731959 -0.489533)
     H   15    Vzz=    0.4268    axis=( -0.704453 -0.018417 -0.709512)
     H   15  Q=         1.0000 1e-30 m^2  Cq=         1.0028 MHz  eta= 0.67440

     C   16    Vxx=    0.1434    axis=( -0.019551  0.839115  0.543603)
     C   16    Vyy=    0.3878    axis=( -0.613564 -0.439355  0.656129)
     C   16    Vzz=   -0.5312    axis=( -0.789403  0.320708 -0.523440)
     C   16  Q=         1.0000 1e-30 m^2  Cq=        -1.2482 MHz  eta= 0.46003

     C   17    Vxx=    0.0710    axis=(  0.831288 -0.444847  0.333274)
     C   17    Vyy=    0.4697    axis=(  0.555263  0.691966 -0.461375)
     C   17    Vzz=   -0.5407    axis=( -0.025373  0.568590  0.822230)
     C   17  Q=         1.0000 1e-30 m^2  Cq=        -1.2704 MHz  eta= 0.73752

     Cl  18    Vxx=    0.8878    axis=(  0.865042 -0.491592 -0.100200)
     Cl  18    Vyy=    1.9756    axis=(  0.403324  0.800192 -0.443872)
     Cl  18    Vzz=   -2.8634    axis=(  0.298383  0.343555  0.890470)
     Cl  18  Q=        -8.1650 1e-30 m^2  Cq=        54.9330 MHz  eta= 0.37988

     H   19    Vxx=   -0.0083    axis=(  0.920445  0.043893  0.388399)
     H   19    Vyy=   -0.6381    axis=(  0.383858 -0.288888 -0.877038)
     H   19    Vzz=    0.6463    axis=(  0.073708  0.956356 -0.282754)
     H   19  Q=         1.0000 1e-30 m^2  Cq=         1.5186 MHz  eta= 0.97443

     C   20    Vxx=   -0.1514    axis=(  0.709405 -0.688811  0.149277)
     C   20    Vyy=   -0.5710    axis=(  0.676560  0.606176 -0.418112)
     C   20    Vzz=    0.7225    axis=(  0.197511  0.397605  0.896046)
     C   20  Q=         1.0000 1e-30 m^2  Cq=         1.6976 MHz  eta= 0.58078

     H   21    Vxx=   -0.0288    axis=(  0.513054  0.841383 -0.169853)
     H   21    Vyy=   -0.7038    axis=( -0.167455  0.292191  0.941586)
     H   21    Vzz=    0.7326    axis=(  0.841864 -0.454642  0.290803)
     H   21  Q=         1.0000 1e-30 m^2  Cq=         1.7213 MHz  eta= 0.92137

     C   22    Vxx=    0.1558    axis=(  0.224310  0.727363 -0.648558)
     C   22    Vyy=    0.2448    axis=(  0.402332  0.537032  0.741435)
     C   22    Vzz=   -0.4005    axis=(  0.887589 -0.427247 -0.172179)
     C   22  Q=         1.0000 1e-30 m^2  Cq=        -0.9411 MHz  eta= 0.22224

     C   23    Vxx=   -0.1220    axis=(  0.925992 -0.235220 -0.295313)
     C   23    Vyy=   -0.4896    axis=( -0.196004 -0.968041  0.156461)
     C   23    Vzz=    0.6115    axis=(  0.322678  0.086999  0.942502)
     C   23  Q=         1.0000 1e-30 m^2  Cq=         1.4369 MHz  eta= 0.60116

     Cl  24    Vxx=    0.4883    axis=(  0.739200  0.113864 -0.663790)
     Cl  24    Vyy=    2.6906    axis=( -0.397402 -0.721988 -0.566396)
     Cl  24    Vzz=   -3.1789    axis=(  0.543741 -0.682472  0.488444)
     Cl  24  Q=        -8.1650 1e-30 m^2  Cq=        60.9857 MHz  eta= 0.69279

     Initialization:
     gipaw_setup  :      9.86s CPU     11.88s WALL (       1 calls)

     Linear response

     Apply operators

     Induced current

     Other routines
     efg          :     10.04s CPU     17.51s WALL (       1 calls)

     General routines
     calbec       :      3.30s CPU      4.23s WALL (      16 calls)
     fft          :      1.63s CPU      2.48s WALL (      15 calls)
     ffts         :      0.04s CPU      0.04s WALL (       2 calls)
     fftw         :      3.94s CPU      6.29s WALL (     672 calls)
     davcio       :      0.08s CPU      3.97s WALL (      32 calls)

     Parallel routines
     fft_scatter  :      2.92s CPU      5.98s WALL (     689 calls)

     Plugins

     GIPAW        :     62.30s CPU     79.62s WALL (       1 calls)
