
     Program QE v.6.0 (svn rev. 13079) starts on 18Jan2017 at 21:49:45 

     This program is part of the open-source Quantum ESPRESSO suite
     for quantum simulation of materials; please cite
         "P. Giannozzi et al., J. Phys.:Condens. Matter 21 395502 (2009);
          URL http://www.quantum-espresso.org", 
     in publications or presentations arising from this work. More details at
     http://www.quantum-espresso.org/quote

     Parallel version (MPI), running on     8 processors
     R & G space division:  proc/nbgrp/npool/nimage =       8

     ***** This is GIPAW svn revision unknown      *****

     Parallelizing q-star over 1 images

     Reading data from directory:
     /users/majewski/paradichlorobenzene/pbe/9_constraint/scratch/pbe.ecut100.np8.dt60.pcl2phi-129368.save
     Message from routine read_xml_file:
     file /users/majewski/paradichlorobenzene/pbe/9_constraint/scratch/pbe.ecut100.np8.dt60.pcl2phi-129368.save not guaranteed to be safe for post-processing

   Info: using nr1, nr2, nr3 values from input

   Info: using nr1, nr2, nr3 values from input

     IMPORTANT: XC functional enforced from input :
     Exchange-correlation      =  SLA  PW   PBX  PBC ( 1  4  3  4 0 0)
     Any further DFT definition will be discarded
     Please, verify this is what you really want

               file C.pbe-n-kjpaw_psl.1.0.0.UPF: wavefunction(s)  2S 2P renormalized
               file Cl.pbe-n-kjpaw_psl.1.0.0.UPF: wavefunction(s)  3S 3P renormalized
               file H.pbe-kjpaw_psl.1.0.0.UPF: wavefunction(s)  1S renormalized

     Parallelization info
     --------------------
     sticks:   dense  smooth     PW     G-vecs:    dense   smooth      PW
     Min        3057    1223    332               144436    36536    5170
     Max        3059    1225    333               144437    36537    5171
     Sum       24467    9791   2657              1155489   292295   41363


     Subspace diagonalization in iterative solution of the eigenvalue problem:
     a serial algorithm will be used

     GIPAW projectors -----------------------------------------------
     atom=  C    l=0  rc=    1.2000  rs=    0.8000
     atom=  C    l=0  rc=    1.2000  rs=    0.8000
     atom=  C    l=1  rc=    1.4000  rs=    0.9333
     atom=  C    l=1  rc=    1.4000  rs=    0.9333
     projs nearly linearly dependent: l=1  n1,n2= 1, 2  s=  0.99951561

     atom=  Cl   l=0  rc=    1.6000  rs=    1.0667
     atom=  Cl   l=0  rc=    1.6000  rs=    1.0667
     atom=  Cl   l=1  rc=    1.6000  rs=    1.0667
     atom=  Cl   l=1  rc=    1.6000  rs=    1.0667
     atom=  Cl   l=2  rc=    1.6000  rs=    1.0667
     atom=  Cl   l=2  rc=    1.6000  rs=    1.0667
     projs nearly linearly dependent: l=2  n1,n2= 1, 2  s=  0.99993509

     atom=  H    l=0  rc=    1.0000  rs=    0.6667
     atom=  H    l=0  rc=    1.0000  rs=    0.6667
     projs nearly linearly dependent: l=0  n1,n2= 1, 2  s=  0.99968852
     -----------------------------------------------------------------

     GIPAW integrals: -------------------------------------------
     Atom  i/j   nmr_para   nmr_dia   epr_rmc  epr_para   epr_dia
       C   1 1   0.83E+03  0.17E-01  0.93E+01  0.24E+08  0.24E+03
       C   2 1   0.86E+03 -0.61E-01  0.94E+01  0.25E+08  0.25E+03
       C   2 2   0.90E+03 -0.15E+00  0.97E+01  0.26E+08  0.26E+03
       C   3 3   0.33E+01  0.34E+00  0.18E+01  0.55E+03  0.21E+02
       C   4 3   0.35E+01  0.37E+00  0.20E+01  0.59E+03  0.22E+02
       C   4 4   0.38E+01  0.39E+00  0.22E+01  0.63E+03  0.24E+02
       Cl  1 1   0.14E+04 -0.47E+00  0.84E+01  0.32E+09  0.42E+03
       Cl  2 1   0.21E+04 -0.37E+00  0.12E+02  0.49E+09  0.65E+03
       Cl  2 2   0.33E+04 -0.16E+00  0.21E+02  0.76E+09  0.10E+04
       Cl  3 3   0.21E+02  0.79E-01  0.89E+01  0.23E+05  0.13E+03
       Cl  4 3   0.24E+02  0.67E-01  0.99E+01  0.27E+05  0.15E+03
       Cl  4 4   0.28E+02  0.44E-01  0.11E+02  0.32E+05  0.18E+03
       Cl  5 5   0.77E+00  0.19E+00  0.18E+01  0.12E+03  0.22E+02
       Cl  6 5   0.80E+00  0.19E+00  0.19E+01  0.12E+03  0.23E+02
       Cl  6 6   0.83E+00  0.20E+00  0.19E+01  0.12E+03  0.23E+02
       H   1 1   0.39E+02  0.19E+00  0.29E+00  0.78E+05  0.13E+02
       H   2 1   0.41E+02  0.21E+00  0.32E+00  0.82E+05  0.14E+02
       H   2 2   0.43E+02  0.22E+00  0.36E+00  0.86E+05  0.15E+02
     ------------------------------------------------------------

     alpha_pv=     34.0271 eV

     Number of occupied bands for each k-point:
     k-point:     1    nbnd_occ=  42
     k-point:     2    nbnd_occ=  42
     k-point:     3    nbnd_occ=  42
     k-point:     4    nbnd_occ=  42
     k-point:     5    nbnd_occ=  42
     k-point:     6    nbnd_occ=  42
     k-point:     7    nbnd_occ=  42
     k-point:     8    nbnd_occ=  42
     k-point:     9    nbnd_occ=  42
     k-point:    10    nbnd_occ=  42
     k-point:    11    nbnd_occ=  42
     k-point:    12    nbnd_occ=  42
     k-point:    13    nbnd_occ=  42
     k-point:    14    nbnd_occ=  42
     k-point:    15    nbnd_occ=  42
     k-point:    16    nbnd_occ=  42


     q-space interpolation up to   110.00 Rydberg

     GIPAW job: efg                                                                             


     ELECTRIC FIELD GRADIENTS TENSORS IN Hartree/bohrradius^2:

     ----- bare term -----
     Cl   1       -0.071468        0.100427       -0.046641
     Cl   1        0.100427       -0.020642       -0.027976
     Cl   1       -0.046641       -0.027976        0.092110

     C    2       -0.136809        0.141100       -0.343692
     C    2        0.141100       -0.306530       -0.434448
     C    2       -0.343692       -0.434448        0.443339

     C    3       -0.225475        0.307992       -0.297206
     C    3        0.307992       -0.198437       -0.513400
     C    3       -0.297206       -0.513400        0.423911

     H    4       -0.023458       -0.135496       -0.438650
     H    4       -0.135496        0.466879       -0.059105
     H    4       -0.438650       -0.059105       -0.443421

     C    5       -0.256922        0.124596       -0.441125
     C    5        0.124596       -0.147032       -0.423484
     C    5       -0.441125       -0.423484        0.403954

     H    6        0.324432        0.062535        0.163895
     H    6        0.062535       -0.220994       -0.555448
     H    6        0.163895       -0.555448       -0.103437

     H    7        0.474104        0.028683        0.002447
     H    7        0.028683       -0.109138        0.547106
     H    7        0.002447        0.547106       -0.364966

     C    8       -0.214393       -0.090786       -0.371711
     C    8       -0.090786       -0.231141        0.383497
     C    8       -0.371711        0.383497        0.445534

     H    9       -0.127555        0.101595       -0.534205
     H    9        0.101595        0.370404       -0.014185
     H    9       -0.534205       -0.014185       -0.242848

     C   10       -0.259661       -0.356363       -0.342759
     C   10       -0.356363       -0.216750        0.380532
     C   10       -0.342759        0.380532        0.476411

     C   11       -0.004814        0.187353       -0.491882
     C   11        0.187353       -0.179195        0.557265
     C   11       -0.491882        0.557265        0.184009

     Cl  12        0.008158       -0.155846        0.038575
     Cl  12       -0.155846       -0.032870       -0.022342
     Cl  12        0.038575       -0.022342        0.024712

     H   13        0.474169       -0.213717        0.043381
     H   13       -0.213717       -0.694413        0.145390
     H   13        0.043381        0.145390        0.220244

     C   14       -0.343772        0.144681       -0.299434
     C   14        0.144681       -0.100354       -0.334369
     C   14       -0.299434       -0.334369        0.444126

     H   15       -0.575048       -0.141356       -0.289231
     H   15       -0.141356        0.350845       -0.215134
     H   15       -0.289231       -0.215134        0.224203

     C   16       -0.304499        0.325789       -0.170730
     C   16        0.325789       -0.219070       -0.536974
     C   16       -0.170730       -0.536974        0.523568

     C   17       -0.233831        0.136565       -0.346333
     C   17        0.136565       -0.122100       -0.476545
     C   17       -0.346333       -0.476545        0.355931

     Cl  18       -0.136339        0.060226       -0.078363
     Cl  18        0.060226       -0.097502       -0.067869
     Cl  18       -0.078363       -0.067869        0.233841

     H   19        0.113140        0.046353       -0.218867
     H   19        0.046353       -0.317900        0.511819
     H   19       -0.218867        0.511819        0.204761

     C   20       -0.587526       -0.305703       -0.277294
     C   20       -0.305703        0.186789        0.210081
     C   20       -0.277294        0.210081        0.400737

     H   21       -0.628220       -0.020948       -0.083891
     H   21       -0.020948        0.354818        0.276019
     H   21       -0.083891        0.276019        0.273402

     C   22        0.001745        0.059717       -0.309363
     C   22        0.059717       -0.250893        0.498245
     C   22       -0.309363        0.498245        0.249148

     C   23       -0.594250       -0.242862       -0.378696
     C   23       -0.242862        0.170713        0.169032
     C   23       -0.378696        0.169032        0.423536

     Cl  24       -0.092472       -0.012480        0.057152
     Cl  24       -0.012480       -0.018945       -0.154435
     Cl  24        0.057152       -0.154435        0.111416

     ----- ionic term -----
     Cl   1        0.131198       -0.227491        0.034296
     Cl   1       -0.227491        0.030554       -0.007949
     Cl   1        0.034296       -0.007949       -0.161753

     C    2        0.136866       -0.188744        0.279053
     C    2       -0.188744        0.256938        0.379326
     C    2        0.279053        0.379326       -0.393804

     C    3        0.048061       -0.191873        0.233504
     C    3       -0.191873        0.292560        0.373432
     C    3        0.233504        0.373432       -0.340621

     H    4        0.465787        0.309361        0.742426
     H    4        0.309361       -0.388435        0.284019
     H    4        0.742426        0.284019       -0.077352

     C    5        0.203286       -0.158358        0.315839
     C    5       -0.158358        0.087180        0.279689
     C    5        0.315839        0.279689       -0.290466

     H    6       -0.532461        0.034246        0.024621
     H    6        0.034246        0.630684        0.698113
     H    6        0.024621        0.698113       -0.098223

     H    7       -0.517895       -0.103517        0.100818
     H    7       -0.103517        0.501021       -0.781226
     H    7        0.100818       -0.781226        0.016874

     C    8        0.243997        0.193991        0.342878
     C    8        0.193991        0.019311       -0.293824
     C    8        0.342878       -0.293824       -0.263308

     H    9        0.667693       -0.234002        0.710080
     H    9       -0.234002       -0.495256       -0.203829
     H    9        0.710080       -0.203829       -0.172437

     C   10        0.106142        0.251997        0.226924
     C   10        0.251997        0.107761       -0.376423
     C   10        0.226924       -0.376423       -0.213903

     C   11        0.171019        0.202200        0.278357
     C   11        0.202200        0.018827       -0.418858
     C   11        0.278357       -0.418858       -0.189846

     Cl  12        0.097733        0.192524       -0.007359
     Cl  12        0.192524        0.025465       -0.014167
     Cl  12       -0.007359       -0.014167       -0.123198

     H   13       -0.492632        0.082772        0.036631
     H   13        0.082772        0.784759        0.594248
     H   13        0.036631        0.594248       -0.292127

     C   14        0.248432       -0.202458        0.294757
     C   14       -0.202458        0.156734        0.242897
     C   14        0.294757        0.242897       -0.405166

     H   15        0.615282        0.108724        0.721573
     H   15        0.108724       -0.442143        0.141574
     H   15        0.721573        0.141574       -0.173138

     C   16        0.151205       -0.316165        0.246861
     C   16       -0.316165        0.258746        0.258176
     C   16        0.246861        0.258176       -0.409951

     C   17        0.143681       -0.173702        0.387273
     C   17       -0.173702        0.195612        0.263130
     C   17        0.387273        0.263130       -0.339293

     Cl  18        0.113139       -0.198392        0.082406
     Cl  18       -0.198392        0.040192       -0.052837
     Cl  18        0.082406       -0.052837       -0.153331

     H   19       -0.501620       -0.173768        0.117850
     H   19       -0.173768        0.639472       -0.713774
     H   19        0.117850       -0.713774       -0.137852

     C   20        0.287453        0.222161        0.266457
     C   20        0.222161        0.014384       -0.315450
     C   20        0.266457       -0.315450       -0.301837

     H   21        0.726538       -0.362785        0.561078
     H   21       -0.362785       -0.415531       -0.234945
     H   21        0.561078       -0.234945       -0.311007

     C   22        0.148751        0.213454        0.143654
     C   22        0.213454        0.201080       -0.445003
     C   22        0.143654       -0.445003       -0.349831

     C   23        0.175452        0.194618        0.289548
     C   23        0.194618        0.119396       -0.444898
     C   23        0.289548       -0.444898       -0.294848

     Cl  24        0.126494        0.230488       -0.023621
     Cl  24        0.230488        0.030203       -0.023372
     Cl  24       -0.023621       -0.023372       -0.156697

     ----- GIPAW term -----
     Cl   1       -0.159716       -0.336029       -1.504796
     Cl   1       -0.336029       -0.407924       -1.796034
     Cl   1       -1.504796       -1.796034        0.567640

     C    2       -0.079131       -0.027274       -0.108614
     C    2       -0.027274       -0.106282       -0.166661
     C    2       -0.108614       -0.166661        0.185413

     C    3       -0.118756        0.070622       -0.131089
     C    3        0.070622       -0.052975       -0.177439
     C    3       -0.131089       -0.177439        0.171732

     H    4       -0.000000        0.000000        0.000000
     H    4        0.000000        0.000000        0.000000
     H    4        0.000000        0.000000        0.000000

     C    5       -0.012307        0.009115       -0.154570
     C    5        0.009115       -0.111983       -0.087405
     C    5       -0.154570       -0.087405        0.124290

     H    6       -0.000000        0.000000        0.000000
     H    6        0.000000        0.000000        0.000000
     H    6        0.000000        0.000000        0.000000

     H    7       -0.000000        0.000000        0.000000
     H    7        0.000000        0.000000        0.000000
     H    7        0.000000        0.000000        0.000000

     C    8       -0.047570        0.026629       -0.121245
     C    8        0.026629       -0.116101        0.011743
     C    8       -0.121245        0.011743        0.163671

     H    9       -0.000000        0.000000        0.000000
     H    9        0.000000        0.000000        0.000000
     H    9        0.000000        0.000000        0.000000

     C   10       -0.104110       -0.069121       -0.180324
     C   10       -0.069121       -0.108043        0.105478
     C   10       -0.180324        0.105478        0.212152

     C   11        0.133261        0.204400       -0.129863
     C   11        0.204400       -0.048157        0.069742
     C   11       -0.129863        0.069742       -0.085105

     Cl  12        1.697331        1.299480        0.307439
     Cl  12        1.299480       -0.118328       -0.187610
     Cl  12        0.307439       -0.187610       -1.579003

     H   13       -0.000000        0.000000        0.000000
     H   13        0.000000        0.000000        0.000000
     H   13        0.000000        0.000000        0.000000

     C   14       -0.112863        0.059292       -0.100147
     C   14        0.059292       -0.038927       -0.185979
     C   14       -0.100147       -0.185979        0.151790

     H   15       -0.000000        0.000000        0.000000
     H   15        0.000000        0.000000        0.000000
     H   15        0.000000        0.000000        0.000000

     C   16       -0.148165        0.062985       -0.063861
     C   16        0.062985       -0.023722       -0.202846
     C   16       -0.063861       -0.202846        0.171887

     C   17        0.045612       -0.105661       -0.097069
     C   17       -0.105661       -0.034135       -0.072403
     C   17       -0.097069       -0.072403       -0.011478

     Cl  18       -0.495256       -1.456027       -0.756478
     Cl  18       -1.456027       -1.158014       -1.087851
     Cl  18       -0.756478       -1.087851        1.653269

     H   19       -0.000000        0.000000        0.000000
     H   19        0.000000        0.000000        0.000000
     H   19        0.000000        0.000000        0.000000

     C   20       -0.093762        0.097296       -0.031434
     C   20        0.097296        0.147787       -0.000693
     C   20       -0.031434       -0.000693       -0.054025

     H   21       -0.000000        0.000000        0.000000
     H   21        0.000000        0.000000        0.000000
     H   21        0.000000        0.000000        0.000000

     C   22       -0.070762        0.139831       -0.110176
     C   22        0.139831        0.091188       -0.075831
     C   22       -0.110176       -0.075831       -0.020426

     C   23       -0.122053        0.087666       -0.075685
     C   23        0.087666        0.133064       -0.113771
     C   23       -0.075685       -0.113771       -0.011012

     Cl  24        0.034608        1.664945        0.451568
     Cl  24        1.664945       -0.029934       -1.737137
     Cl  24        0.451568       -1.737137       -0.004674

     ----- total EFG -----
     Cl   1       -0.099986       -0.463094       -1.517141
     Cl   1       -0.463094       -0.398012       -1.831960
     Cl   1       -1.517141       -1.831960        0.497997

     C    2       -0.079074       -0.074918       -0.173253
     C    2       -0.074918       -0.155874       -0.221782
     C    2       -0.173253       -0.221782        0.234948

     C    3       -0.296170        0.186740       -0.194791
     C    3        0.186740        0.041147       -0.317407
     C    3       -0.194791       -0.317407        0.255022

     H    4        0.442328        0.173865        0.303777
     H    4        0.173865        0.078445        0.224913
     H    4        0.303777        0.224913       -0.520773

     C    5       -0.065943       -0.024647       -0.279855
     C    5       -0.024647       -0.171835       -0.231200
     C    5       -0.279855       -0.231200        0.237778

     H    6       -0.208029        0.096781        0.188516
     H    6        0.096781        0.409689        0.142665
     H    6        0.188516        0.142665       -0.201660

     H    7       -0.043791       -0.074834        0.103265
     H    7       -0.074834        0.391883       -0.234120
     H    7        0.103265       -0.234120       -0.348092

     C    8       -0.017966        0.129834       -0.150078
     C    8        0.129834       -0.327931        0.101415
     C    8       -0.150078        0.101415        0.345897

     H    9        0.540137       -0.132408        0.175875
     H    9       -0.132408       -0.124852       -0.218014
     H    9        0.175875       -0.218014       -0.415285

     C   10       -0.257629       -0.173487       -0.296159
     C   10       -0.173487       -0.217031        0.109587
     C   10       -0.296159        0.109587        0.474661

     C   11        0.299466        0.593952       -0.343389
     C   11        0.593952       -0.208525        0.208150
     C   11       -0.343389        0.208150       -0.090941

     Cl  12        1.803221        1.336157        0.338655
     Cl  12        1.336157       -0.125733       -0.224119
     Cl  12        0.338655       -0.224119       -1.677488

     H   13       -0.018463       -0.130945        0.080012
     H   13       -0.130945        0.090346        0.739637
     H   13        0.080012        0.739637       -0.071884

     C   14       -0.208203        0.001514       -0.104823
     C   14        0.001514        0.017453       -0.277451
     C   14       -0.104823       -0.277451        0.190750

     H   15        0.040234       -0.032632        0.432343
     H   15       -0.032632       -0.091299       -0.073560
     H   15        0.432343       -0.073560        0.051065

     C   16       -0.301459        0.072609        0.012270
     C   16        0.072609        0.015955       -0.481645
     C   16        0.012270       -0.481645        0.285504

     C   17       -0.044538       -0.142799       -0.056129
     C   17       -0.142799        0.039377       -0.285817
     C   17       -0.056129       -0.285817        0.005161

     Cl  18       -0.518455       -1.594193       -0.752435
     Cl  18       -1.594193       -1.215324       -1.208557
     Cl  18       -0.752435       -1.208557        1.733779

     H   19       -0.388480       -0.127415       -0.101017
     H   19       -0.127415        0.321571       -0.201955
     H   19       -0.101017       -0.201955        0.066909

     C   20       -0.393835        0.013754       -0.042271
     C   20        0.013754        0.348959       -0.106062
     C   20       -0.042271       -0.106062        0.044875

     H   21        0.098318       -0.383733        0.477187
     H   21       -0.383733       -0.060713        0.041074
     H   21        0.477187        0.041074       -0.037605

     C   22        0.079735        0.413002       -0.275885
     C   22        0.413002        0.041375       -0.022589
     C   22       -0.275885       -0.022589       -0.121110

     C   23       -0.540850        0.039422       -0.164834
     C   23        0.039422        0.423174       -0.389637
     C   23       -0.164834       -0.389637        0.117677

     Cl  24        0.068631        1.882953        0.485100
     Cl  24        1.882953       -0.018676       -1.914943
     Cl  24        0.485100       -1.914943       -0.049955

     ----- total EFG (symmetrized) -----
     Cl   1       -0.099986       -0.463094       -1.517141
     Cl   1       -0.463094       -0.398012       -1.831960
     Cl   1       -1.517141       -1.831960        0.497997

     C    2       -0.079074       -0.074918       -0.173253
     C    2       -0.074918       -0.155874       -0.221782
     C    2       -0.173253       -0.221782        0.234948

     C    3       -0.296170        0.186740       -0.194791
     C    3        0.186740        0.041147       -0.317407
     C    3       -0.194791       -0.317407        0.255022

     H    4        0.442328        0.173865        0.303777
     H    4        0.173865        0.078445        0.224913
     H    4        0.303777        0.224913       -0.520773

     C    5       -0.065943       -0.024647       -0.279855
     C    5       -0.024647       -0.171835       -0.231200
     C    5       -0.279855       -0.231200        0.237778

     H    6       -0.208029        0.096781        0.188516
     H    6        0.096781        0.409689        0.142665
     H    6        0.188516        0.142665       -0.201660

     H    7       -0.043791       -0.074834        0.103265
     H    7       -0.074834        0.391883       -0.234120
     H    7        0.103265       -0.234120       -0.348092

     C    8       -0.017966        0.129834       -0.150078
     C    8        0.129834       -0.327931        0.101415
     C    8       -0.150078        0.101415        0.345897

     H    9        0.540137       -0.132408        0.175875
     H    9       -0.132408       -0.124852       -0.218014
     H    9        0.175875       -0.218014       -0.415285

     C   10       -0.257629       -0.173487       -0.296159
     C   10       -0.173487       -0.217031        0.109587
     C   10       -0.296159        0.109587        0.474661

     C   11        0.299466        0.593952       -0.343389
     C   11        0.593952       -0.208525        0.208150
     C   11       -0.343389        0.208150       -0.090941

     Cl  12        1.803221        1.336157        0.338655
     Cl  12        1.336157       -0.125733       -0.224119
     Cl  12        0.338655       -0.224119       -1.677488

     H   13       -0.018463       -0.130945        0.080012
     H   13       -0.130945        0.090346        0.739637
     H   13        0.080012        0.739637       -0.071884

     C   14       -0.208203        0.001514       -0.104823
     C   14        0.001514        0.017453       -0.277451
     C   14       -0.104823       -0.277451        0.190750

     H   15        0.040234       -0.032632        0.432343
     H   15       -0.032632       -0.091299       -0.073560
     H   15        0.432343       -0.073560        0.051065

     C   16       -0.301459        0.072609        0.012270
     C   16        0.072609        0.015955       -0.481645
     C   16        0.012270       -0.481645        0.285504

     C   17       -0.044538       -0.142799       -0.056129
     C   17       -0.142799        0.039377       -0.285817
     C   17       -0.056129       -0.285817        0.005161

     Cl  18       -0.518455       -1.594193       -0.752435
     Cl  18       -1.594193       -1.215324       -1.208557
     Cl  18       -0.752435       -1.208557        1.733779

     H   19       -0.388480       -0.127415       -0.101017
     H   19       -0.127415        0.321571       -0.201955
     H   19       -0.101017       -0.201955        0.066909

     C   20       -0.393835        0.013754       -0.042271
     C   20        0.013754        0.348959       -0.106062
     C   20       -0.042271       -0.106062        0.044875

     H   21        0.098318       -0.383733        0.477187
     H   21       -0.383733       -0.060713        0.041074
     H   21        0.477187        0.041074       -0.037605

     C   22        0.079735        0.413002       -0.275885
     C   22        0.413002        0.041375       -0.022589
     C   22       -0.275885       -0.022589       -0.121110

     C   23       -0.540850        0.039422       -0.164834
     C   23        0.039422        0.423174       -0.389637
     C   23       -0.164834       -0.389637        0.117677

     Cl  24        0.068631        1.882953        0.485100
     Cl  24        1.882953       -0.018676       -1.914943
     Cl  24        0.485100       -1.914943       -0.049955


     NQR/NMR SPECTROSCOPIC PARAMETERS:
     Cl   1    Vxx=    0.2339    axis=(  0.771664 -0.635571  0.024171)
     Cl   1    Vyy=    2.3406    axis=( -0.403995 -0.460441  0.790432)
     Cl   1    Vzz=   -2.5745    axis=( -0.491246 -0.619713 -0.612073)
     Cl   1  Q=        -8.1650 1e-30 m^2  Cq=        49.3901 MHz  eta= 0.81828

     C    2    Vxx=   -0.0347    axis=(  0.812251 -0.581687  0.043457)
     C    2    Vyy=   -0.3387    axis=(  0.507255  0.741169  0.439728)
     C    2    Vzz=    0.3734    axis=( -0.287992 -0.335126  0.897079)
     C    2  Q=         1.0000 1e-30 m^2  Cq=         0.8774 MHz  eta= 0.81420

     C    3    Vxx=   -0.1804    axis=(  0.167435  0.759504  0.628585)
     C    3    Vyy=   -0.3856    axis=( -0.940226  0.314798 -0.129917)
     C    3    Vzz=    0.5660    axis=( -0.296550 -0.569259  0.766813)
     C    3  Q=         1.0000 1e-30 m^2  Cq=         1.3298 MHz  eta= 0.36260

     H    4    Vxx=    0.0200    axis=(  0.448611 -0.886097 -0.116532)
     H    4    Vyy=    0.6298    axis=(  0.864966  0.397655  0.306112)
     H    4    Vzz=   -0.6498    axis=( -0.224906 -0.238122  0.944836)
     H    4  Q=         1.0000 1e-30 m^2  Cq=        -1.5267 MHz  eta= 0.93844

     C    5    Vxx=   -0.0972    axis=(  0.725040 -0.674252  0.140363)
     C    5    Vyy=   -0.3643    axis=(  0.532024  0.677756  0.507540)
     C    5    Vzz=    0.4615    axis=( -0.437341 -0.293310  0.850119)
     C    5  Q=         1.0000 1e-30 m^2  Cq=         1.0844 MHz  eta= 0.57878

     H    6    Vxx=   -0.0752    axis=( -0.684722  0.328111 -0.650768)
     H    6    Vyy=   -0.3947    axis=( -0.698916 -0.042531  0.713939)
     H    6    Vzz=    0.4699    axis=(  0.206573  0.943681  0.258444)
     H    6  Q=         1.0000 1e-30 m^2  Cq=         1.1042 MHz  eta= 0.67980

     H    7    Vxx=   -0.0471    axis=(  0.960234  0.239875  0.142866)
     H    7    Vyy=   -0.4322    axis=(  0.203387 -0.250430 -0.946530)
     H    7    Vzz=    0.4793    axis=( -0.191271  0.937947 -0.289259)
     H    7  Q=         1.0000 1e-30 m^2  Cq=         1.1263 MHz  eta= 0.80339

     C    8    Vxx=    0.0011    axis=(  0.870157  0.421887  0.254634)
     C    8    Vyy=    0.4037    axis=(  0.313615 -0.075549 -0.946540)
     C    8    Vzz=   -0.4048    axis=( -0.380095  0.903495 -0.198050)
     C    8  Q=         1.0000 1e-30 m^2  Cq=        -0.9511 MHz  eta= 0.99474

     H    9    Vxx=   -0.0714    axis=(  0.301603  0.867435 -0.395718)
     H    9    Vyy=   -0.5405    axis=( -0.091578  0.439482  0.893571)
     H    9    Vzz=    0.6120    axis=(  0.949025 -0.233265  0.211987)
     H    9  Q=         1.0000 1e-30 m^2  Cq=         1.4379 MHz  eta= 0.76655

     C   10    Vxx=   -0.1686    axis=( -0.449266  0.823210 -0.347109)
     C   10    Vyy=   -0.4429    axis=(  0.821566  0.533324  0.201482)
     C   10    Vzz=    0.6114    axis=( -0.350984  0.194654  0.915926)
     C   10  Q=         1.0000 1e-30 m^2  Cq=         1.4366 MHz  eta= 0.44865

     C   11    Vxx=    0.0612    axis=( -0.063438  0.518460  0.852745)
     C   11    Vyy=    0.7323    axis=( -0.845027 -0.482497  0.230490)
     C   11    Vzz=   -0.7934    axis=(  0.530947 -0.705971  0.468722)
     C   11  Q=         1.0000 1e-30 m^2  Cq=        -1.8642 MHz  eta= 0.84584

     Cl  12    Vxx=   -0.6847    axis=( -0.410878  0.849153 -0.331842)
     Cl  12    Vyy=   -1.8116    axis=( -0.190311  0.276081  0.942105)
     Cl  12    Vzz=    2.4962    axis=( -0.891606 -0.450243 -0.048168)
     Cl  12  Q=        -8.1650 1e-30 m^2  Cq=       -47.8893 MHz  eta= 0.45144

     H   13    Vxx=    0.0080    axis=(  0.979334 -0.086177  0.182974)
     H   13    Vyy=    0.7559    axis=(  0.057946 -0.747203 -0.662065)
     H   13    Vzz=   -0.7639    axis=(  0.193773  0.658985 -0.726767)
     H   13  Q=         1.0000 1e-30 m^2  Cq=        -1.7948 MHz  eta= 0.97903

     C   14    Vxx=   -0.1408    axis=( -0.598094  0.697538  0.394618)
     C   14    Vyy=   -0.2659    axis=( -0.789307 -0.427389 -0.440831)
     C   14    Vzz=    0.4067    axis=( -0.138841 -0.575134  0.806191)
     C   14  Q=         1.0000 1e-30 m^2  Cq=         0.9557 MHz  eta= 0.30762

     H   15    Vxx=   -0.0983    axis=( -0.159873 -0.986864 -0.023252)
     H   15    Vyy=   -0.3895    axis=(  0.702209 -0.097141 -0.705313)
     H   15    Vzz=    0.4878    axis=(  0.693789 -0.129088  0.708515)
     H   15  Q=         1.0000 1e-30 m^2  Cq=         1.1462 MHz  eta= 0.59691

     C   16    Vxx=   -0.2568    axis=(  0.817146  0.440034  0.372348)
     C   16    Vyy=   -0.3953    axis=( -0.575312  0.662815  0.479263)
     C   16    Vzz=    0.6521    axis=( -0.035905 -0.605844  0.794773)
     C   16  Q=         1.0000 1e-30 m^2  Cq=         1.5322 MHz  eta= 0.21249

     C   17    Vxx=    0.0111    axis=( -0.876107  0.162691  0.453838)
     C   17    Vyy=    0.3215    axis=(  0.192627 -0.744821  0.638856)
     C   17    Vzz=   -0.3325    axis=( -0.441964 -0.647127 -0.621204)
     C   17  Q=         1.0000 1e-30 m^2  Cq=        -0.7813 MHz  eta= 0.93351

     Cl  18    Vxx=    0.7465    axis=(  0.802750 -0.586738 -0.106446)
     Cl  18    Vyy=    2.1814    axis=(  0.090246  0.295986 -0.950920)
     Cl  18    Vzz=   -2.9279    axis=(  0.589447  0.753745  0.290553)
     Cl  18  Q=        -8.1650 1e-30 m^2  Cq=        56.1702 MHz  eta= 0.49006

     H   19    Vxx=    0.0106    axis=( -0.344314  0.408034  0.845551)
     H   19    Vyy=    0.4380    axis=(  0.080200 -0.884545  0.459509)
     H   19    Vzz=   -0.4486    axis=(  0.935423  0.226028  0.271837)
     H   19  Q=         1.0000 1e-30 m^2  Cq=        -1.0541 MHz  eta= 0.95280

     C   20    Vxx=    0.0147    axis=( -0.087872  0.304582  0.948424)
     C   20    Vyy=    0.3832    axis=(  0.033333  0.952473 -0.302794)
     C   20    Vzz=   -0.3979    axis=( -0.995574  0.005006 -0.093848)
     C   20  Q=         1.0000 1e-30 m^2  Cq=        -0.9349 MHz  eta= 0.92596

     H   21    Vxx=   -0.0114    axis=( -0.032096  0.775268  0.630817)
     H   21    Vyy=   -0.6139    axis=(  0.651717  0.494748 -0.574881)
     H   21    Vzz=    0.6253    axis=(  0.757783 -0.392663  0.521135)
     H   21  Q=         1.0000 1e-30 m^2  Cq=         1.4693 MHz  eta= 0.96352

     C   22    Vxx=   -0.0886    axis=( -0.141938  0.589198  0.795424)
     C   22    Vyy=   -0.4584    axis=(  0.672326 -0.532391  0.514332)
     C   22    Vzz=    0.5470    axis=( -0.726520 -0.607788  0.320567)
     C   22  Q=         1.0000 1e-30 m^2  Cq=         1.2852 MHz  eta= 0.67599

     C   23    Vxx=   -0.1187    axis=( -0.249657  0.577235  0.777477)
     C   23    Vyy=   -0.5831    axis=(  0.962982  0.063698  0.261933)
     C   23    Vzz=    0.7018    axis=(  0.101673  0.814090 -0.571770)
     C   23  Q=         1.0000 1e-30 m^2  Cq=         1.6488 MHz  eta= 0.66177

     Cl  24    Vxx=    0.4952    axis=(  0.710141 -0.020443  0.703763)
     Cl  24    Vyy=    2.4483    axis=(  0.486854  0.736335 -0.469877)
     Cl  24    Vzz=   -2.9435    axis=(  0.508599 -0.676309 -0.532854)
     Cl  24  Q=        -8.1650 1e-30 m^2  Cq=        56.4687 MHz  eta= 0.66355

     Initialization:
     gipaw_setup  :      9.14s CPU     10.87s WALL (       1 calls)

     Linear response

     Apply operators

     Induced current

     Other routines
     efg          :      9.42s CPU     11.88s WALL (       1 calls)

     General routines
     calbec       :      3.31s CPU      4.17s WALL (      16 calls)
     fft          :      1.58s CPU      2.26s WALL (      15 calls)
     ffts         :      0.03s CPU      0.04s WALL (       2 calls)
     fftw         :      3.29s CPU      4.25s WALL (     672 calls)
     davcio       :      0.04s CPU      0.33s WALL (      32 calls)

     Parallel routines
     fft_scatter  :      2.13s CPU      3.52s WALL (     689 calls)

     Plugins

     GIPAW        :     61.38s CPU     71.89s WALL (       1 calls)
