
     Program QE v.6.0 (svn rev. 13079) starts on 21Dec2016 at 20: 2:50 

     This program is part of the open-source Quantum ESPRESSO suite
     for quantum simulation of materials; please cite
         "P. Giannozzi et al., J. Phys.:Condens. Matter 21 395502 (2009);
          URL http://www.quantum-espresso.org", 
     in publications or presentations arising from this work. More details at
     http://www.quantum-espresso.org/quote

     Parallel version (MPI), running on     8 processors
     R & G space division:  proc/nbgrp/npool/nimage =       8

     ***** This is GIPAW svn revision unknown      *****

     Parallelizing q-star over 1 images

     Reading data from directory:
     /users/majewski/paradichlorobenzene/pbe/9_constraint/scratch/pbe.ecut100.np8.dt60.pcl2phi-129368.save
     Message from routine read_xml_file:
     file /users/majewski/paradichlorobenzene/pbe/9_constraint/scratch/pbe.ecut100.np8.dt60.pcl2phi-129368.save not guaranteed to be safe for post-processing

   Info: using nr1, nr2, nr3 values from input

   Info: using nr1, nr2, nr3 values from input

     IMPORTANT: XC functional enforced from input :
     Exchange-correlation      =  SLA  PW   PBX  PBC ( 1  4  3  4 0 0)
     Any further DFT definition will be discarded
     Please, verify this is what you really want

               file C.pbe-n-kjpaw_psl.1.0.0.UPF: wavefunction(s)  2S 2P renormalized
               file Cl.pbe-n-kjpaw_psl.1.0.0.UPF: wavefunction(s)  3S 3P renormalized
               file H.pbe-kjpaw_psl.1.0.0.UPF: wavefunction(s)  1S renormalized

     Parallelization info
     --------------------
     sticks:   dense  smooth     PW     G-vecs:    dense   smooth      PW
     Min        3057    1223    332               144436    36536    5170
     Max        3059    1225    333               144437    36537    5171
     Sum       24467    9791   2657              1155489   292295   41363


     Subspace diagonalization in iterative solution of the eigenvalue problem:
     a serial algorithm will be used

     GIPAW projectors -----------------------------------------------
     atom=  C    l=0  rc=    1.2000  rs=    0.8000
     atom=  C    l=0  rc=    1.2000  rs=    0.8000
     atom=  C    l=1  rc=    1.4000  rs=    0.9333
     atom=  C    l=1  rc=    1.4000  rs=    0.9333
     projs nearly linearly dependent: l=1  n1,n2= 1, 2  s=  0.99951561

     atom=  Cl   l=0  rc=    1.6000  rs=    1.0667
     atom=  Cl   l=0  rc=    1.6000  rs=    1.0667
     atom=  Cl   l=1  rc=    1.6000  rs=    1.0667
     atom=  Cl   l=1  rc=    1.6000  rs=    1.0667
     atom=  Cl   l=2  rc=    1.6000  rs=    1.0667
     atom=  Cl   l=2  rc=    1.6000  rs=    1.0667
     projs nearly linearly dependent: l=2  n1,n2= 1, 2  s=  0.99993509

     atom=  H    l=0  rc=    1.0000  rs=    0.6667
     atom=  H    l=0  rc=    1.0000  rs=    0.6667
     projs nearly linearly dependent: l=0  n1,n2= 1, 2  s=  0.99968852
     -----------------------------------------------------------------

     GIPAW integrals: -------------------------------------------
     Atom  i/j   nmr_para   nmr_dia   epr_rmc  epr_para   epr_dia
       C   1 1   0.83E+03  0.17E-01  0.93E+01  0.24E+08  0.24E+03
       C   2 1   0.86E+03 -0.61E-01  0.94E+01  0.25E+08  0.25E+03
       C   2 2   0.90E+03 -0.15E+00  0.97E+01  0.26E+08  0.26E+03
       C   3 3   0.33E+01  0.34E+00  0.18E+01  0.55E+03  0.21E+02
       C   4 3   0.35E+01  0.37E+00  0.20E+01  0.59E+03  0.22E+02
       C   4 4   0.38E+01  0.39E+00  0.22E+01  0.63E+03  0.24E+02
       Cl  1 1   0.14E+04 -0.47E+00  0.84E+01  0.32E+09  0.42E+03
       Cl  2 1   0.21E+04 -0.37E+00  0.12E+02  0.49E+09  0.65E+03
       Cl  2 2   0.33E+04 -0.16E+00  0.21E+02  0.76E+09  0.10E+04
       Cl  3 3   0.21E+02  0.79E-01  0.89E+01  0.23E+05  0.13E+03
       Cl  4 3   0.24E+02  0.67E-01  0.99E+01  0.27E+05  0.15E+03
       Cl  4 4   0.28E+02  0.44E-01  0.11E+02  0.32E+05  0.18E+03
       Cl  5 5   0.77E+00  0.19E+00  0.18E+01  0.12E+03  0.22E+02
       Cl  6 5   0.80E+00  0.19E+00  0.19E+01  0.12E+03  0.23E+02
       Cl  6 6   0.83E+00  0.20E+00  0.19E+01  0.12E+03  0.23E+02
       H   1 1   0.39E+02  0.19E+00  0.29E+00  0.78E+05  0.13E+02
       H   2 1   0.41E+02  0.21E+00  0.32E+00  0.82E+05  0.14E+02
       H   2 2   0.43E+02  0.22E+00  0.36E+00  0.86E+05  0.15E+02
     ------------------------------------------------------------

     alpha_pv=     34.0242 eV

     Number of occupied bands for each k-point:
     k-point:     1    nbnd_occ=  42
     k-point:     2    nbnd_occ=  42
     k-point:     3    nbnd_occ=  42
     k-point:     4    nbnd_occ=  42
     k-point:     5    nbnd_occ=  42
     k-point:     6    nbnd_occ=  42
     k-point:     7    nbnd_occ=  42
     k-point:     8    nbnd_occ=  42
     k-point:     9    nbnd_occ=  42
     k-point:    10    nbnd_occ=  42
     k-point:    11    nbnd_occ=  42
     k-point:    12    nbnd_occ=  42
     k-point:    13    nbnd_occ=  42
     k-point:    14    nbnd_occ=  42
     k-point:    15    nbnd_occ=  42
     k-point:    16    nbnd_occ=  42


     q-space interpolation up to   110.00 Rydberg

     GIPAW job: efg                                                                             


     ELECTRIC FIELD GRADIENTS TENSORS IN Hartree/bohrradius^2:

     ----- bare term -----
     Cl   1       -0.216384        0.218717       -0.020100
     Cl   1        0.218717        0.190762       -0.069654
     Cl   1       -0.020100       -0.069654        0.025622

     C    2        0.041160        0.232232       -0.087915
     C    2        0.232232       -0.183194       -0.457716
     C    2       -0.087915       -0.457716        0.142034

     C    3       -0.720105        0.324612       -0.311030
     C    3        0.324612        0.185951       -0.017307
     C    3       -0.311030       -0.017307        0.534153

     H    4        0.047395       -0.193056       -0.475048
     H    4       -0.193056        0.357660       -0.400270
     H    4       -0.475048       -0.400270       -0.405055

     C    5       -0.072367        0.125198       -0.152141
     C    5        0.125198       -0.364160       -0.236450
     C    5       -0.152141       -0.236450        0.436527

     H    6        0.429308        0.072610        0.114840
     H    6        0.072610       -0.275543       -0.645453
     H    6        0.114840       -0.645453       -0.153765

     H    7        0.455515        0.077453       -0.065426
     H    7        0.077453       -0.588374        0.490016
     H    7       -0.065426        0.490016        0.132859

     C    8       -0.850747       -0.335089       -0.416926
     C    8       -0.335089        0.402125        0.036788
     C    8       -0.416926        0.036788        0.448622

     H    9       -0.462082       -0.008679       -0.504610
     H    9       -0.008679        0.279384        0.099895
     H    9       -0.504610        0.099895        0.182698

     C   10       -0.018009        0.120904       -0.297597
     C   10        0.120904       -0.091801        0.653309
     C   10       -0.297597        0.653309        0.109810

     C   11       -0.459406       -0.332431       -0.234414
     C   11       -0.332431        0.074348        0.425825
     C   11       -0.234414        0.425825        0.385059

     Cl  12       -0.058603       -0.009674       -0.089973
     Cl  12       -0.009674        0.037191        0.138457
     Cl  12       -0.089973        0.138457        0.021412

     H   13        0.392599       -0.085892        0.223665
     H   13       -0.085892       -0.120172       -0.325895
     H   13        0.223665       -0.325895       -0.272427

     C   14       -0.792191        0.391367       -0.440656
     C   14        0.391367        0.446878       -0.052697
     C   14       -0.440656       -0.052697        0.345313

     H   15        0.046869        0.024723       -0.494277
     H   15        0.024723       -0.052183        0.173783
     H   15       -0.494277        0.173783        0.005314

     C   16        0.155423        0.463300        0.074732
     C   16        0.463300       -0.339319       -0.564147
     C   16        0.074732       -0.564147        0.183896

     C   17       -0.694170        0.360632       -0.352823
     C   17        0.360632        0.313755       -0.032588
     C   17       -0.352823       -0.032588        0.380415

     Cl  18       -0.036899        0.002480       -0.047282
     Cl  18        0.002480        0.164768       -0.059867
     Cl  18       -0.047282       -0.059867       -0.127869

     H   19        0.159829       -0.340433        0.097095
     H   19       -0.340433       -0.440394        0.407104
     H   19        0.097095        0.407104        0.280565

     C   20       -0.095022        0.322191       -0.455470
     C   20        0.322191       -0.013302        0.477409
     C   20       -0.455470        0.477409        0.108324

     H   21       -0.044757        0.145630       -0.375374
     H   21        0.145630        0.168938        0.499766
     H   21       -0.375374        0.499766       -0.124181

     C   22       -0.663948       -0.324039       -0.302077
     C   22       -0.324039        0.263244        0.108671
     C   22       -0.302077        0.108671        0.400705

     C   23       -0.010611        0.204669       -0.350435
     C   23        0.204669        0.031243        0.654580
     C   23       -0.350435        0.654580       -0.020632

     Cl  24       -0.292694       -0.221674        0.009048
     Cl  24       -0.221674        0.188935        0.079065
     Cl  24        0.009048        0.079065        0.103759

     ----- ionic term -----
     Cl   1        0.119187       -0.219899       -0.026676
     Cl   1       -0.219899        0.024254        0.020113
     Cl   1       -0.026676        0.020113       -0.143441

     C    2        0.194090       -0.264787        0.258454
     C    2       -0.264787       -0.008641        0.435080
     C    2        0.258454        0.435080       -0.185448

     C    3        0.125076       -0.253303        0.191365
     C    3       -0.253303        0.047609        0.417692
     C    3        0.191365        0.417692       -0.172685

     H    4        0.478568        0.262272        0.781595
     H    4        0.262272       -0.506420        0.252675
     H    4        0.781595        0.252675        0.027853

     C    5        0.227478       -0.225846        0.297571
     C    5       -0.225846       -0.012058        0.314532
     C    5        0.297571        0.314532       -0.215420

     H    6       -0.541748       -0.027931        0.007476
     H    6       -0.027931        0.690725        0.716585
     H    6        0.007476        0.716585       -0.148978

     H    7       -0.490901       -0.047821        0.021844
     H    7       -0.047821        0.882255       -0.534298
     H    7        0.021844       -0.534298       -0.391354

     C    8        0.345041        0.149100        0.297758
     C    8        0.149100        0.097217       -0.252282
     C    8        0.297758       -0.252282       -0.442258

     H    9        0.536385       -0.395109        0.656105
     H    9       -0.395109       -0.333742       -0.291333
     H    9        0.656105       -0.291333       -0.202643

     C   10        0.122843        0.189608        0.233261
     C   10        0.189608        0.269605       -0.365324
     C   10        0.233261       -0.365324       -0.392448

     C   11        0.076667        0.209414        0.326631
     C   11        0.209414        0.234579       -0.395442
     C   11        0.326631       -0.395442       -0.311246

     Cl  12        0.143565        0.249749        0.044763
     Cl  12        0.249749        0.015586        0.013752
     Cl  12        0.044763        0.013752       -0.159151

     H   13       -0.514196       -0.017492        0.009590
     H   13       -0.017492        0.389086        0.803766
     H   13        0.009590        0.803766        0.125110

     C   14        0.310357       -0.320936        0.273498
     C   14       -0.320936       -0.066134        0.329579
     C   14        0.273498        0.329579       -0.244223

     H   15        0.417546        0.060730        0.788534
     H   15        0.060730       -0.499586        0.162249
     H   15        0.788534        0.162249        0.082041

     C   16        0.122635       -0.409972        0.172436
     C   16       -0.409972        0.113294        0.431280
     C   16        0.172436        0.431280       -0.235929

     C   17        0.133863       -0.232125        0.345290
     C   17       -0.232125        0.020389        0.423941
     C   17        0.345290        0.423941       -0.154252

     Cl  18        0.154011       -0.220716        0.052954
     Cl  18       -0.220716       -0.019194       -0.020190
     Cl  18        0.052954       -0.020190       -0.134817

     H   19       -0.523128        0.091393       -0.029746
     H   19        0.091393        0.640541       -0.699986
     H   19       -0.029746       -0.699986       -0.117414

     C   20        0.181411        0.213575        0.278337
     C   20        0.213575        0.037613       -0.307252
     C   20        0.278337       -0.307252       -0.219024

     H   21        0.462403       -0.219585        0.773331
     H   21       -0.219585       -0.495215       -0.231422
     H   21        0.773331       -0.231422        0.032812

     C   22        0.113703        0.223547        0.218419
     C   22        0.223547        0.103948       -0.390158
     C   22        0.218419       -0.390158       -0.217651

     C   23        0.244669        0.127061        0.255066
     C   23        0.127061        0.073702       -0.434235
     C   23        0.255066       -0.434235       -0.318372

     Cl  24        0.140495        0.194061        0.003121
     Cl  24        0.194061        0.010823       -0.009775
     Cl  24        0.003121       -0.009775       -0.151318

     ----- GIPAW term -----
     Cl   1       -0.104057       -0.969818       -0.230842
     Cl   1       -0.969818        1.903847       -0.591793
     Cl   1       -0.230842       -0.591793       -1.799790

     C    2       -0.019800        0.062154        0.060883
     C    2        0.062154        0.144506        0.107862
     C    2        0.060883        0.107862       -0.124706

     C    3       -0.252220        0.058005       -0.014309
     C    3        0.058005        0.052582        0.186372
     C    3       -0.014309        0.186372        0.199637

     H    4       -0.000000        0.000000        0.000000
     H    4        0.000000        0.000000        0.000000
     H    4        0.000000        0.000000        0.000000

     C    5       -0.108367        0.003796       -0.012724
     C    5        0.003796       -0.097299        0.150750
     C    5       -0.012724        0.150750        0.205666

     H    6       -0.000000        0.000000        0.000000
     H    6        0.000000        0.000000        0.000000
     H    6        0.000000        0.000000        0.000000

     H    7       -0.000000        0.000000        0.000000
     H    7        0.000000        0.000000        0.000000
     H    7        0.000000        0.000000        0.000000

     C    8       -0.224930        0.033859       -0.077131
     C    8        0.033859        0.250682       -0.138189
     C    8       -0.077131       -0.138189       -0.025753

     H    9       -0.000000        0.000000        0.000000
     H    9        0.000000        0.000000        0.000000
     H    9        0.000000        0.000000        0.000000

     C   10       -0.064983        0.174671       -0.051873
     C   10        0.174671        0.175681        0.108354
     C   10       -0.051873        0.108354       -0.110698

     C   11       -0.126512        0.083715        0.002605
     C   11        0.083715        0.162978        0.197286
     C   11        0.002605        0.197286       -0.036466

     Cl  12       -0.100931        1.541034       -0.560671
     Cl  12        1.541034        0.993464        2.077535
     Cl  12       -0.560671        2.077535       -0.892534

     H   13       -0.000000        0.000000        0.000000
     H   13        0.000000        0.000000        0.000000
     H   13        0.000000        0.000000        0.000000

     C   14       -0.139814        0.138315       -0.025270
     C   14        0.138315        0.209565        0.053634
     C   14       -0.025270        0.053634       -0.069751

     H   15       -0.000000        0.000000        0.000000
     H   15        0.000000        0.000000        0.000000
     H   15        0.000000        0.000000        0.000000

     C   16       -0.027893        0.167931        0.071733
     C   16        0.167931        0.123758        0.037364
     C   16        0.071733        0.037364       -0.095865

     C   17       -0.134353        0.085053        0.032566
     C   17        0.085053        0.171475        0.183828
     C   17        0.032566        0.183828       -0.037121

     Cl  18        0.544599       -1.785752       -0.289748
     Cl  18       -1.785752        1.880006       -0.650112
     Cl  18       -0.289748       -0.650112       -2.424605

     H   19       -0.000000        0.000000        0.000000
     H   19        0.000000        0.000000        0.000000
     H   19        0.000000        0.000000        0.000000

     C   20       -0.017370        0.228602       -0.104050
     C   20        0.228602        0.131598        0.009193
     C   20       -0.104050        0.009193       -0.114227

     H   21       -0.000000        0.000000        0.000000
     H   21        0.000000        0.000000        0.000000
     H   21        0.000000        0.000000        0.000000

     C   22       -0.194416        0.087286       -0.082525
     C   22        0.087286        0.249926       -0.097621
     C   22       -0.082525       -0.097621       -0.055510

     C   23       -0.053471        0.162522       -0.049108
     C   23        0.162522        0.250909        0.056511
     C   23       -0.049108        0.056511       -0.197438

     Cl  24       -0.468889        1.545698        0.016335
     Cl  24        1.545698        2.011186        0.672489
     Cl  24        0.016335        0.672489       -1.542297

     ----- total EFG -----
     Cl   1       -0.201254       -0.971000       -0.277618
     Cl   1       -0.971000        2.118863       -0.641335
     Cl   1       -0.277618       -0.641335       -1.917609

     C    2        0.215449        0.029598        0.231422
     C    2        0.029598       -0.047329        0.085226
     C    2        0.231422        0.085226       -0.168120

     C    3       -0.847249        0.129313       -0.133973
     C    3        0.129313        0.286143        0.586757
     C    3       -0.133973        0.586757        0.561106

     H    4        0.525963        0.069215        0.306547
     H    4        0.069215       -0.148760       -0.147594
     H    4        0.306547       -0.147594       -0.377203

     C    5        0.046744       -0.096851        0.132705
     C    5       -0.096851       -0.473517        0.228832
     C    5        0.132705        0.228832        0.426773

     H    6       -0.112439        0.044679        0.122316
     H    6        0.044679        0.415182        0.071132
     H    6        0.122316        0.071132       -0.302742

     H    7       -0.035385        0.029631       -0.043582
     H    7        0.029631        0.293881       -0.044282
     H    7       -0.043582       -0.044282       -0.258496

     C    8       -0.730635       -0.152130       -0.196298
     C    8       -0.152130        0.750025       -0.353683
     C    8       -0.196298       -0.353683       -0.019389

     H    9        0.074303       -0.403788        0.151495
     H    9       -0.403788       -0.054357       -0.191438
     H    9        0.151495       -0.191438       -0.019945

     C   10        0.039851        0.485183       -0.116210
     C   10        0.485183        0.353485        0.396339
     C   10       -0.116210        0.396339       -0.393336

     C   11       -0.509252       -0.039302        0.094822
     C   11       -0.039302        0.471905        0.227669
     C   11        0.094822        0.227669        0.037347

     Cl  12       -0.015968        1.781109       -0.605880
     Cl  12        1.781109        1.046241        2.229744
     Cl  12       -0.605880        2.229744       -1.030273

     H   13       -0.121597       -0.103383        0.233255
     H   13       -0.103383        0.268914        0.477871
     H   13        0.233255        0.477871       -0.147317

     C   14       -0.621648        0.208745       -0.192428
     C   14        0.208745        0.590308        0.330515
     C   14       -0.192428        0.330515        0.031339

     H   15        0.464415        0.085453        0.294257
     H   15        0.085453       -0.551770        0.336032
     H   15        0.294257        0.336032        0.087355

     C   16        0.250165        0.221259        0.318901
     C   16        0.221259       -0.102267       -0.095502
     C   16        0.318901       -0.095502       -0.147897

     C   17       -0.694660        0.213561        0.025033
     C   17        0.213561        0.505618        0.575181
     C   17        0.025033        0.575181        0.189042

     Cl  18        0.661711       -2.003988       -0.284077
     Cl  18       -2.003988        2.025580       -0.730168
     Cl  18       -0.284077       -0.730168       -2.687291

     H   19       -0.363298       -0.249039        0.067349
     H   19       -0.249039        0.200147       -0.292882
     H   19        0.067349       -0.292882        0.163151

     C   20        0.069019        0.764368       -0.281182
     C   20        0.764368        0.155908        0.179351
     C   20       -0.281182        0.179351       -0.224927

     H   21        0.417646       -0.073956        0.397956
     H   21       -0.073956       -0.326277        0.268345
     H   21        0.397956        0.268345       -0.091370

     C   22       -0.744661       -0.013206       -0.166182
     C   22       -0.013206        0.617117       -0.379109
     C   22       -0.166182       -0.379109        0.127544

     C   23        0.180588        0.494251       -0.144477
     C   23        0.494251        0.355854        0.276857
     C   23       -0.144477        0.276857       -0.536441

     Cl  24       -0.621088        1.518085        0.028504
     Cl  24        1.518085        2.210944        0.741779
     Cl  24        0.028504        0.741779       -1.589856

     ----- total EFG (symmetrized) -----
     Cl   1       -0.201254       -0.971000       -0.277618
     Cl   1       -0.971000        2.118863       -0.641335
     Cl   1       -0.277618       -0.641335       -1.917609

     C    2        0.215449        0.029598        0.231422
     C    2        0.029598       -0.047329        0.085226
     C    2        0.231422        0.085226       -0.168120

     C    3       -0.847249        0.129313       -0.133973
     C    3        0.129313        0.286143        0.586757
     C    3       -0.133973        0.586757        0.561106

     H    4        0.525963        0.069215        0.306547
     H    4        0.069215       -0.148760       -0.147594
     H    4        0.306547       -0.147594       -0.377203

     C    5        0.046744       -0.096851        0.132705
     C    5       -0.096851       -0.473517        0.228832
     C    5        0.132705        0.228832        0.426773

     H    6       -0.112439        0.044679        0.122316
     H    6        0.044679        0.415182        0.071132
     H    6        0.122316        0.071132       -0.302742

     H    7       -0.035385        0.029631       -0.043582
     H    7        0.029631        0.293881       -0.044282
     H    7       -0.043582       -0.044282       -0.258496

     C    8       -0.730635       -0.152130       -0.196298
     C    8       -0.152130        0.750025       -0.353683
     C    8       -0.196298       -0.353683       -0.019389

     H    9        0.074303       -0.403788        0.151495
     H    9       -0.403788       -0.054357       -0.191438
     H    9        0.151495       -0.191438       -0.019945

     C   10        0.039851        0.485183       -0.116210
     C   10        0.485183        0.353485        0.396339
     C   10       -0.116210        0.396339       -0.393336

     C   11       -0.509252       -0.039302        0.094822
     C   11       -0.039302        0.471905        0.227669
     C   11        0.094822        0.227669        0.037347

     Cl  12       -0.015968        1.781109       -0.605880
     Cl  12        1.781109        1.046241        2.229744
     Cl  12       -0.605880        2.229744       -1.030273

     H   13       -0.121597       -0.103383        0.233255
     H   13       -0.103383        0.268914        0.477871
     H   13        0.233255        0.477871       -0.147317

     C   14       -0.621648        0.208745       -0.192428
     C   14        0.208745        0.590308        0.330515
     C   14       -0.192428        0.330515        0.031339

     H   15        0.464415        0.085453        0.294257
     H   15        0.085453       -0.551770        0.336032
     H   15        0.294257        0.336032        0.087355

     C   16        0.250165        0.221259        0.318901
     C   16        0.221259       -0.102267       -0.095502
     C   16        0.318901       -0.095502       -0.147897

     C   17       -0.694660        0.213561        0.025033
     C   17        0.213561        0.505618        0.575181
     C   17        0.025033        0.575181        0.189042

     Cl  18        0.661711       -2.003988       -0.284077
     Cl  18       -2.003988        2.025580       -0.730168
     Cl  18       -0.284077       -0.730168       -2.687291

     H   19       -0.363298       -0.249039        0.067349
     H   19       -0.249039        0.200147       -0.292882
     H   19        0.067349       -0.292882        0.163151

     C   20        0.069019        0.764368       -0.281182
     C   20        0.764368        0.155908        0.179351
     C   20       -0.281182        0.179351       -0.224927

     H   21        0.417646       -0.073956        0.397956
     H   21       -0.073956       -0.326277        0.268345
     H   21        0.397956        0.268345       -0.091370

     C   22       -0.744661       -0.013206       -0.166182
     C   22       -0.013206        0.617117       -0.379109
     C   22       -0.166182       -0.379109        0.127544

     C   23        0.180588        0.494251       -0.144477
     C   23        0.494251        0.355854        0.276857
     C   23       -0.144477        0.276857       -0.536441

     Cl  24       -0.621088        1.518085        0.028504
     Cl  24        1.518085        2.210944        0.741779
     Cl  24        0.028504        0.741779       -1.589856


     NQR/NMR SPECTROSCOPIC PARAMETERS:
     Cl   1    Vxx=   -0.4098    axis=(  0.916295  0.278969 -0.287368)
     Cl   1    Vyy=   -2.1208    axis=(  0.237830  0.198305  0.950848)
     Cl   1    Vzz=    2.5306    axis=(  0.322244 -0.939602  0.115358)
     Cl   1  Q=        -8.1650 1e-30 m^2  Cq=       -48.5485 MHz  eta= 0.67612

     C    2    Vxx=   -0.0406    axis=(  0.259361 -0.951537 -0.165256)
     C    2    Vyy=   -0.2942    axis=(  0.386800  0.259132 -0.885006)
     C    2    Vzz=    0.3348    axis=(  0.884939  0.165615  0.435263)
     C    2  Q=         1.0000 1e-30 m^2  Cq=         0.7867 MHz  eta= 0.75751

     C    3    Vxx=   -0.1315    axis=(  0.249505  0.762128 -0.597418)
     C    3    Vyy=   -0.8951    axis=( -0.968281  0.187839 -0.164766)
     C    3    Vzz=    1.0266    axis=( -0.013355  0.619578  0.784821)
     C    3  Q=         1.0000 1e-30 m^2  Cq=         2.4121 MHz  eta= 0.74387

     H    4    Vxx=   -0.0825    axis=(  0.083937  0.923194 -0.375056)
     H    4    Vyy=   -0.5384    axis=( -0.278570  0.383117  0.880693)
     H    4    Vzz=    0.6209    axis=(  0.956741  0.030557  0.289331)
     H    4  Q=         1.0000 1e-30 m^2  Cq=         1.4588 MHz  eta= 0.73423

     C    5    Vxx=    0.0478    axis=(  0.950269 -0.255021 -0.178756)
     C    5    Vyy=    0.5071    axis=( -0.232532 -0.199188 -0.951973)
     C    5    Vzz=   -0.5548    axis=(  0.207167  0.946197 -0.248582)
     C    5  Q=         1.0000 1e-30 m^2  Cq=        -1.3037 MHz  eta= 0.82780

     H    6    Vxx=   -0.0631    axis=(  0.898006 -0.145626  0.415184)
     H    6    Vyy=   -0.3651    axis=( -0.426668 -0.057846  0.902556)
     H    6    Vzz=    0.4283    axis=( -0.107419 -0.987647 -0.114080)
     H    6  Q=         1.0000 1e-30 m^2  Cq=         1.0062 MHz  eta= 0.70516

     H    7    Vxx=   -0.0314    axis=(  0.979727 -0.111880 -0.166185)
     H    7    Vyy=   -0.2693    axis=( -0.174397 -0.068062 -0.982320)
     H    7    Vzz=    0.3007    axis=(  0.098591  0.991388 -0.086194)
     H    7  Q=         1.0000 1e-30 m^2  Cq=         0.7065 MHz  eta= 0.79129

     C    8    Vxx=   -0.0718    axis=( -0.337513  0.318691  0.885732)
     C    8    Vyy=   -0.8192    axis=(  0.940250  0.159010  0.301075)
     C    8    Vzz=    0.8911    axis=( -0.044891  0.934426 -0.353317)
     C    8  Q=         1.0000 1e-30 m^2  Cq=         2.0936 MHz  eta= 0.83874

     H    9    Vxx=   -0.1187    axis=( -0.404877  0.145202  0.902768)
     H    9    Vyy=   -0.4060    axis=( -0.608771 -0.779485 -0.147651)
     H    9    Vzz=    0.5247    axis=(  0.682255 -0.609359  0.403991)
     H    9  Q=         1.0000 1e-30 m^2  Cq=         1.2327 MHz  eta= 0.54759

     C   10    Vxx=   -0.0577    axis=(  0.741546 -0.293525 -0.603284)
     C   10    Vyy=   -0.7088    axis=(  0.430520 -0.481465  0.763442)
     C   10    Vzz=    0.7665    axis=( -0.514550 -0.825854 -0.230660)
     C   10  Q=         1.0000 1e-30 m^2  Cq=         1.8009 MHz  eta= 0.84956

     C   11    Vxx=   -0.0377    axis=(  0.212698 -0.384817  0.898151)
     C   11    Vyy=   -0.5316    axis=(  0.977117  0.082726 -0.195954)
     C   11    Vzz=    0.5693    axis=(  0.001106  0.919278  0.393607)
     C   11  Q=         1.0000 1e-30 m^2  Cq=         1.3377 MHz  eta= 0.86741

     Cl  12    Vxx=    0.1917    axis=(  0.796654 -0.109323 -0.594467)
     Cl  12    Vyy=    2.9964    axis=( -0.407526 -0.823494 -0.394690)
     Cl  12    Vzz=   -3.1881    axis=(  0.446392 -0.556692  0.700592)
     Cl  12  Q=        -8.1650 1e-30 m^2  Cq=        61.1617 MHz  eta= 0.87972

     H   13    Vxx=    0.0101    axis=(  0.879936 -0.311257  0.358930)
     H   13    Vyy=    0.5847    axis=( -0.063925 -0.826196 -0.559745)
     H   13    Vzz=   -0.5948    axis=(  0.470771  0.469595 -0.746897)
     H   13  Q=         1.0000 1e-30 m^2  Cq=        -1.3975 MHz  eta= 0.96598

     C   14    Vxx=   -0.0119    axis=( -0.386372 -0.337240  0.858479)
     C   14    Vyy=   -0.7408    axis=( -0.918572  0.224773 -0.325120)
     C   14    Vzz=    0.7527    axis=( -0.083319 -0.914192 -0.396625)
     C   14  Q=         1.0000 1e-30 m^2  Cq=         1.7686 MHz  eta= 0.96840

     H   15    Vxx=    0.0229    axis=( -0.565346  0.352084  0.745936)
     H   15    Vyy=    0.6743    axis=(  0.824099  0.202431  0.529039)
     H   15    Vzz=   -0.6973    axis=(  0.035266  0.913816 -0.404596)
     H   15  Q=         1.0000 1e-30 m^2  Cq=        -1.6383 MHz  eta= 0.93418

     C   16    Vxx=   -0.0274    axis=( -0.022852 -0.811970  0.583252)
     C   16    Vyy=   -0.4409    axis=(  0.489551 -0.517761 -0.701615)
     C   16    Vzz=    0.4683    axis=(  0.871675  0.269498  0.409333)
     C   16  Q=         1.0000 1e-30 m^2  Cq=         1.1004 MHz  eta= 0.88282

     C   17    Vxx=   -0.2252    axis=( -0.214356 -0.564649  0.797009)
     C   17    Vyy=   -0.7395    axis=( -0.970373  0.216235 -0.107788)
     C   17    Vzz=    0.9647    axis=( -0.111479 -0.796501 -0.594271)
     C   17  Q=         1.0000 1e-30 m^2  Cq=         2.2665 MHz  eta= 0.53313

     Cl  18    Vxx=   -0.5738    axis=(  0.795530  0.531673 -0.290614)
     Cl  18    Vyy=   -2.9168    axis=(  0.200144  0.222128  0.954254)
     Cl  18    Vzz=    3.4907    axis=(  0.571905 -0.817302  0.070299)
     Cl  18  Q=        -8.1650 1e-30 m^2  Cq=       -66.9667 MHz  eta= 0.67122

     H   19    Vxx=   -0.0735    axis=( -0.298818  0.557243  0.774718)
     H   19    Vyy=   -0.4609    axis=( -0.920559 -0.382307 -0.080082)
     H   19    Vzz=    0.5344    axis=(  0.251555 -0.737103  0.627215)
     H   19  Q=         1.0000 1e-30 m^2  Cq=         1.2555 MHz  eta= 0.72493

     C   20    Vxx=   -0.0510    axis=( -0.306072  0.370629  0.876900)
     C   20    Vyy=   -0.8309    axis=( -0.650817  0.590794 -0.476864)
     C   20    Vzz=    0.8819    axis=( -0.694808 -0.716656  0.060386)
     C   20  Q=         1.0000 1e-30 m^2  Cq=         2.0720 MHz  eta= 0.88438

     H   21    Vxx=   -0.0496    axis=(  0.402548 -0.690500 -0.600970)
     H   21    Vyy=   -0.5905    axis=(  0.299937  0.719762 -0.626083)
     H   21    Vzz=    0.6401    axis=(  0.864866  0.071776  0.496845)
     H   21  Q=         1.0000 1e-30 m^2  Cq=         1.5040 MHz  eta= 0.84500

     C   22    Vxx=   -0.0460    axis=( -0.211371  0.481927  0.850335)
     C   22    Vyy=   -0.7806    axis=(  0.976421  0.065058  0.205841)
     C   22    Vzz=    0.8266    axis=(  0.043880  0.873793 -0.484315)
     C   22  Q=         1.0000 1e-30 m^2  Cq=         1.9421 MHz  eta= 0.88868

     C   23    Vxx=   -0.0637    axis=( -0.705089  0.496514  0.506283)
     C   23    Vyy=   -0.7180    axis=(  0.347229 -0.380768  0.856999)
     C   23    Vzz=    0.7817    axis=( -0.618289 -0.780057 -0.096071)
     C   23  Q=         1.0000 1e-30 m^2  Cq=         1.8367 MHz  eta= 0.83698

     Cl  24    Vxx=   -1.1508    axis=(  0.853203 -0.289563 -0.433819)
     Cl  24    Vyy=   -1.8253    axis=( -0.351432  0.295445 -0.888374)
     Cl  24    Vzz=    2.9761    axis=(  0.385410  0.910420  0.150313)
     Cl  24  Q=        -8.1650 1e-30 m^2  Cq=       -57.0944 MHz  eta= 0.22663

     Initialization:
     gipaw_setup  :      9.48s CPU     11.06s WALL (       1 calls)

     Linear response

     Apply operators

     Induced current

     Other routines
     efg          :     10.14s CPU     13.17s WALL (       1 calls)

     General routines
     calbec       :      3.68s CPU      5.23s WALL (      16 calls)
     fft          :      1.71s CPU      2.49s WALL (      15 calls)
     ffts         :      0.04s CPU      0.04s WALL (       2 calls)
     fftw         :      3.70s CPU      4.40s WALL (     672 calls)
     davcio       :      0.05s CPU      0.32s WALL (      32 calls)

     Parallel routines
     fft_scatter  :      2.49s CPU      3.87s WALL (     689 calls)

     Plugins

     GIPAW        :     62.50s CPU     75.61s WALL (       1 calls)
