
     Program QE v.6.0 (svn rev. 13079) starts on  1Jan2017 at 19:59:41 

     This program is part of the open-source Quantum ESPRESSO suite
     for quantum simulation of materials; please cite
         "P. Giannozzi et al., J. Phys.:Condens. Matter 21 395502 (2009);
          URL http://www.quantum-espresso.org", 
     in publications or presentations arising from this work. More details at
     http://www.quantum-espresso.org/quote

     Parallel version (MPI), running on     8 processors
     R & G space division:  proc/nbgrp/npool/nimage =       8

     ***** This is GIPAW svn revision unknown      *****

     Parallelizing q-star over 1 images

     Reading data from directory:
     /users/majewski/paradichlorobenzene/pbe/9_constraint/scratch/pbe.ecut100.np8.dt60.pcl2phi-129368.save
     Message from routine read_xml_file:
     file /users/majewski/paradichlorobenzene/pbe/9_constraint/scratch/pbe.ecut100.np8.dt60.pcl2phi-129368.save not guaranteed to be safe for post-processing

   Info: using nr1, nr2, nr3 values from input

   Info: using nr1, nr2, nr3 values from input

     IMPORTANT: XC functional enforced from input :
     Exchange-correlation      =  SLA  PW   PBX  PBC ( 1  4  3  4 0 0)
     Any further DFT definition will be discarded
     Please, verify this is what you really want

               file C.pbe-n-kjpaw_psl.1.0.0.UPF: wavefunction(s)  2S 2P renormalized
               file Cl.pbe-n-kjpaw_psl.1.0.0.UPF: wavefunction(s)  3S 3P renormalized
               file H.pbe-kjpaw_psl.1.0.0.UPF: wavefunction(s)  1S renormalized

     Parallelization info
     --------------------
     sticks:   dense  smooth     PW     G-vecs:    dense   smooth      PW
     Min        3057    1223    332               144436    36536    5170
     Max        3059    1225    333               144437    36537    5171
     Sum       24467    9791   2657              1155489   292295   41363


     Subspace diagonalization in iterative solution of the eigenvalue problem:
     a serial algorithm will be used

     GIPAW projectors -----------------------------------------------
     atom=  C    l=0  rc=    1.2000  rs=    0.8000
     atom=  C    l=0  rc=    1.2000  rs=    0.8000
     atom=  C    l=1  rc=    1.4000  rs=    0.9333
     atom=  C    l=1  rc=    1.4000  rs=    0.9333
     projs nearly linearly dependent: l=1  n1,n2= 1, 2  s=  0.99951561

     atom=  Cl   l=0  rc=    1.6000  rs=    1.0667
     atom=  Cl   l=0  rc=    1.6000  rs=    1.0667
     atom=  Cl   l=1  rc=    1.6000  rs=    1.0667
     atom=  Cl   l=1  rc=    1.6000  rs=    1.0667
     atom=  Cl   l=2  rc=    1.6000  rs=    1.0667
     atom=  Cl   l=2  rc=    1.6000  rs=    1.0667
     projs nearly linearly dependent: l=2  n1,n2= 1, 2  s=  0.99993509

     atom=  H    l=0  rc=    1.0000  rs=    0.6667
     atom=  H    l=0  rc=    1.0000  rs=    0.6667
     projs nearly linearly dependent: l=0  n1,n2= 1, 2  s=  0.99968852
     -----------------------------------------------------------------

     GIPAW integrals: -------------------------------------------
     Atom  i/j   nmr_para   nmr_dia   epr_rmc  epr_para   epr_dia
       C   1 1   0.83E+03  0.17E-01  0.93E+01  0.24E+08  0.24E+03
       C   2 1   0.86E+03 -0.61E-01  0.94E+01  0.25E+08  0.25E+03
       C   2 2   0.90E+03 -0.15E+00  0.97E+01  0.26E+08  0.26E+03
       C   3 3   0.33E+01  0.34E+00  0.18E+01  0.55E+03  0.21E+02
       C   4 3   0.35E+01  0.37E+00  0.20E+01  0.59E+03  0.22E+02
       C   4 4   0.38E+01  0.39E+00  0.22E+01  0.63E+03  0.24E+02
       Cl  1 1   0.14E+04 -0.47E+00  0.84E+01  0.32E+09  0.42E+03
       Cl  2 1   0.21E+04 -0.37E+00  0.12E+02  0.49E+09  0.65E+03
       Cl  2 2   0.33E+04 -0.16E+00  0.21E+02  0.76E+09  0.10E+04
       Cl  3 3   0.21E+02  0.79E-01  0.89E+01  0.23E+05  0.13E+03
       Cl  4 3   0.24E+02  0.67E-01  0.99E+01  0.27E+05  0.15E+03
       Cl  4 4   0.28E+02  0.44E-01  0.11E+02  0.32E+05  0.18E+03
       Cl  5 5   0.77E+00  0.19E+00  0.18E+01  0.12E+03  0.22E+02
       Cl  6 5   0.80E+00  0.19E+00  0.19E+01  0.12E+03  0.23E+02
       Cl  6 6   0.83E+00  0.20E+00  0.19E+01  0.12E+03  0.23E+02
       H   1 1   0.39E+02  0.19E+00  0.29E+00  0.78E+05  0.13E+02
       H   2 1   0.41E+02  0.21E+00  0.32E+00  0.82E+05  0.14E+02
       H   2 2   0.43E+02  0.22E+00  0.36E+00  0.86E+05  0.15E+02
     ------------------------------------------------------------

     alpha_pv=     33.9874 eV

     Number of occupied bands for each k-point:
     k-point:     1    nbnd_occ=  42
     k-point:     2    nbnd_occ=  42
     k-point:     3    nbnd_occ=  42
     k-point:     4    nbnd_occ=  42
     k-point:     5    nbnd_occ=  42
     k-point:     6    nbnd_occ=  42
     k-point:     7    nbnd_occ=  42
     k-point:     8    nbnd_occ=  42
     k-point:     9    nbnd_occ=  42
     k-point:    10    nbnd_occ=  42
     k-point:    11    nbnd_occ=  42
     k-point:    12    nbnd_occ=  42
     k-point:    13    nbnd_occ=  42
     k-point:    14    nbnd_occ=  42
     k-point:    15    nbnd_occ=  42
     k-point:    16    nbnd_occ=  42


     q-space interpolation up to   110.00 Rydberg

     GIPAW job: efg                                                                             


     ELECTRIC FIELD GRADIENTS TENSORS IN Hartree/bohrradius^2:

     ----- bare term -----
     Cl   1       -0.019180        0.041589        0.035232
     Cl   1        0.041589        0.001066        0.059262
     Cl   1        0.035232        0.059262        0.018114

     C    2        0.044665        0.398545       -0.101424
     C    2        0.398545       -0.237807       -0.519207
     C    2       -0.101424       -0.519207        0.193141

     C    3       -0.540409        0.249042       -0.250486
     C    3        0.249042        0.015742       -0.197020
     C    3       -0.250486       -0.197020        0.524668

     H    4       -0.170420       -0.246399       -0.592363
     H    4       -0.246399        0.367208       -0.302538
     H    4       -0.592363       -0.302538       -0.196787

     C    5       -0.158373        0.324607        0.000698
     C    5        0.324607       -0.386403       -0.356613
     C    5        0.000698       -0.356613        0.544776

     H    6        0.498474       -0.026779       -0.006014
     H    6       -0.026779        0.101123       -0.345433
     H    6       -0.006014       -0.345433       -0.599597

     H    7        0.125323        0.414898       -0.234715
     H    7        0.414898       -0.336460        0.462566
     H    7       -0.234715        0.462566        0.211137

     C    8        0.018697       -0.515608        0.119655
     C    8       -0.515608       -0.504598        0.339949
     C    8        0.119655        0.339949        0.485901

     H    9       -0.262082        0.197938       -0.655928
     H    9        0.197938        0.431724        0.202539
     H    9       -0.655928        0.202539       -0.169642

     C   10       -0.385444       -0.065836       -0.164127
     C   10       -0.065836       -0.039632        0.269948
     C   10       -0.164127        0.269948        0.425077

     C   11       -0.120492       -0.198840       -0.165891
     C   11       -0.198840       -0.475631        0.442488
     C   11       -0.165891        0.442488        0.596123

     Cl  12       -0.118068       -0.062254       -0.111523
     Cl  12       -0.062254       -0.080537        0.109154
     Cl  12       -0.111523        0.109154        0.198605

     H   13        0.379033       -0.036521        0.133835
     H   13       -0.036521       -0.227716       -0.469035
     H   13        0.133835       -0.469035       -0.151317

     C   14       -0.293265        0.184918       -0.484836
     C   14        0.184918        0.091368       -0.329070
     C   14       -0.484836       -0.329070        0.201897

     H   15       -0.497041       -0.248751       -0.486023
     H   15       -0.248751        0.325120       -0.220705
     H   15       -0.486023       -0.220705        0.171921

     C   16       -0.030381        0.463186        0.060476
     C   16        0.463186       -0.543555       -0.496798
     C   16        0.060476       -0.496798        0.573935

     C   17       -0.519649       -0.081129       -0.225149
     C   17       -0.081129       -0.029656       -0.358576
     C   17       -0.225149       -0.358576        0.549304

     Cl  18        0.156157        0.101729        0.065867
     Cl  18        0.101729        0.193472        0.196363
     Cl  18        0.065867        0.196363       -0.349629

     H   19        0.448478        0.257827        0.111467
     H   19        0.257827       -0.584075       -0.017679
     H   19        0.111467       -0.017679        0.135597

     C   20       -0.714372       -0.081545       -0.300048
     C   20       -0.081545        0.053927        0.154198
     C   20       -0.300048        0.154198        0.660445

     H   21       -0.488675        0.299188       -0.386706
     H   21        0.299188        0.351104        0.158819
     H   21       -0.386706        0.158819        0.137570

     C   22        0.005194       -0.344456        0.050938
     C   22       -0.344456       -0.619751        0.402538
     C   22        0.050938        0.402538        0.614557

     C   23       -0.460533        0.075257       -0.230100
     C   23        0.075257        0.049524        0.249948
     C   23       -0.230100        0.249948        0.411009

     Cl  24       -0.117345       -0.068002        0.078330
     Cl  24       -0.068002       -0.100144       -0.031067
     Cl  24        0.078330       -0.031067        0.217489

     ----- ionic term -----
     Cl   1        0.110368       -0.227934        0.019272
     Cl   1       -0.227934        0.025874       -0.009324
     Cl   1        0.019272       -0.009324       -0.136242

     C    2        0.181548       -0.196679        0.258590
     C    2       -0.196679        0.039792        0.411713
     C    2        0.258590        0.411713       -0.221339

     C    3        0.210972       -0.269796        0.117761
     C    3       -0.269796        0.029833        0.432331
     C    3        0.117761        0.432331       -0.240805

     H    4        0.552563        0.305379        0.714059
     H    4        0.305379       -0.461838        0.269627
     H    4        0.714059        0.269627       -0.090725

     C    5        0.352153       -0.208932        0.179251
     C    5       -0.208932       -0.084654        0.358166
     C    5        0.179251        0.358166       -0.267500

     H    6       -0.511838       -0.009119       -0.007270
     H    6       -0.009119        0.408361        0.807928
     H    6       -0.007270        0.807928        0.103477

     H    7       -0.507760       -0.205194        0.077998
     H    7       -0.205194        0.831583       -0.543831
     H    7        0.077998       -0.543831       -0.323823

     C    8        0.247638        0.109029        0.275537
     C    8        0.109029        0.138433       -0.273971
     C    8        0.275537       -0.273971       -0.386070

     H    9        0.557445       -0.318275        0.688950
     H    9       -0.318275       -0.428030       -0.253763
     H    9        0.688950       -0.253763       -0.129415

     C   10        0.140980        0.170983        0.217100
     C   10        0.170983        0.192951       -0.343895
     C   10        0.217100       -0.343895       -0.333931

     C   11        0.277074        0.146216        0.311641
     C   11        0.146216        0.109644       -0.354046
     C   11        0.311641       -0.354046       -0.386718

     Cl  12        0.110204        0.232102        0.000064
     Cl  12        0.232102        0.044094       -0.002167
     Cl  12        0.000064       -0.002167       -0.154298

     H   13       -0.515521        0.120221        0.109916
     H   13        0.120221        0.483316        0.786104
     H   13        0.109916        0.786104        0.032205

     C   14        0.283767       -0.114444        0.236203
     C   14       -0.114444       -0.062191        0.358568
     C   14        0.236203        0.358568       -0.221576

     H   15        0.600435        0.301292        0.659399
     H   15        0.301292       -0.461586        0.248633
     H   15        0.659399        0.248633       -0.138850

     C   16        0.172854       -0.204636        0.113349
     C   16       -0.204636        0.023010        0.431004
     C   16        0.113349        0.431004       -0.195864

     C   17        0.253634       -0.152124        0.169461
     C   17       -0.152124       -0.052896        0.454220
     C   17        0.169461        0.454220       -0.200739

     Cl  18        0.169984       -0.191643       -0.032833
     Cl  18       -0.191643       -0.046759        0.026845
     Cl  18       -0.032833        0.026845       -0.123225

     H   19       -0.450314       -0.265532        0.136909
     H   19       -0.265532        0.772649       -0.573431
     H   19        0.136909       -0.573431       -0.322336

     C   20        0.366371        0.133187        0.315105
     C   20        0.133187        0.056584       -0.274781
     C   20        0.315105       -0.274781       -0.422956

     H   21        0.523487       -0.307085        0.712486
     H   21       -0.307085       -0.398700       -0.274253
     H   21        0.712486       -0.274253       -0.124787

     C   22        0.139631        0.184834        0.220057
     C   22        0.184834        0.228326       -0.376382
     C   22        0.220057       -0.376382       -0.367957

     C   23        0.213392        0.058221        0.310578
     C   23        0.058221        0.143338       -0.377005
     C   23        0.310578       -0.377005       -0.356730

     Cl  24        0.155447        0.189953        0.026145
     Cl  24        0.189953       -0.008994        0.004587
     Cl  24        0.026145        0.004587       -0.146453

     ----- GIPAW term -----
     Cl   1        1.280778       -1.902886        0.316997
     Cl   1       -1.902886        0.085320        0.459305
     Cl   1        0.316997        0.459305       -1.366099

     C    2        0.137771        0.108041        0.029633
     C    2        0.108041        0.006168       -0.033628
     C    2        0.029633       -0.033628       -0.143939

     C    3       -0.182296        0.065190        0.045146
     C    3        0.065190       -0.023826        0.083359
     C    3        0.045146        0.083359        0.206123

     H    4       -0.000000        0.000000        0.000000
     H    4        0.000000        0.000000        0.000000
     H    4        0.000000        0.000000        0.000000

     C    5       -0.093128        0.040738        0.089583
     C    5        0.040738       -0.207631       -0.059857
     C    5        0.089583       -0.059857        0.300759

     H    6       -0.000000        0.000000        0.000000
     H    6        0.000000        0.000000        0.000000
     H    6        0.000000        0.000000        0.000000

     H    7       -0.000000        0.000000        0.000000
     H    7        0.000000        0.000000        0.000000
     H    7        0.000000        0.000000        0.000000

     C    8        0.028085       -0.146297        0.186991
     C    8       -0.146297       -0.176373       -0.045556
     C    8        0.186991       -0.045556        0.148288

     H    9       -0.000000        0.000000        0.000000
     H    9        0.000000        0.000000        0.000000
     H    9        0.000000        0.000000        0.000000

     C   10       -0.061940       -0.010966        0.165788
     C   10       -0.010966       -0.110369       -0.014795
     C   10        0.165788       -0.014795        0.172309

     C   11       -0.067077        0.068748        0.035729
     C   11        0.068748       -0.184331        0.084027
     C   11        0.035729        0.084027        0.251408

     Cl  12        0.223735        1.611586       -0.933518
     Cl  12        1.611586       -0.605387        1.117345
     Cl  12       -0.933518        1.117345        0.381653

     H   13       -0.000000        0.000000        0.000000
     H   13        0.000000        0.000000        0.000000
     H   13        0.000000        0.000000        0.000000

     C   14        0.129405        0.118157       -0.060777
     C   14        0.118157       -0.044003       -0.040101
     C   14       -0.060777       -0.040101       -0.085401

     H   15       -0.000000        0.000000        0.000000
     H   15        0.000000        0.000000        0.000000
     H   15        0.000000        0.000000        0.000000

     C   16       -0.017544        0.092936        0.133031
     C   16        0.092936       -0.165966       -0.022236
     C   16        0.133031       -0.022236        0.183510

     C   17       -0.140558       -0.100200        0.041925
     C   17       -0.100200       -0.126287       -0.046572
     C   17        0.041925       -0.046572        0.266845

     Cl  18       -0.342654       -0.556694       -0.428770
     Cl  18       -0.556694       -0.689146       -0.495712
     Cl  18       -0.428770       -0.495712        1.031801

     H   19       -0.000000        0.000000        0.000000
     H   19        0.000000        0.000000        0.000000
     H   19        0.000000        0.000000        0.000000

     C   20       -0.196467       -0.001896        0.052271
     C   20       -0.001896       -0.105390       -0.010506
     C   20        0.052271       -0.010506        0.301856

     H   21       -0.000000        0.000000        0.000000
     H   21        0.000000        0.000000        0.000000
     H   21        0.000000        0.000000        0.000000

     C   22       -0.094530       -0.042859        0.069802
     C   22       -0.042859       -0.188898       -0.021625
     C   22        0.069802       -0.021625        0.283428

     C   23       -0.005459        0.038915        0.177315
     C   23        0.038915       -0.104335       -0.069374
     C   23        0.177315       -0.069374        0.109795

     Cl  24        0.460770        1.779750        0.661209
     Cl  24        1.779750       -0.809438       -0.281660
     Cl  24        0.661209       -0.281660        0.348668

     ----- total EFG -----
     Cl   1        1.371966       -2.089231        0.371501
     Cl   1       -2.089231        0.112260        0.509244
     Cl   1        0.371501        0.509244       -1.484226

     C    2        0.363984        0.309907        0.186798
     C    2        0.309907       -0.191847       -0.141122
     C    2        0.186798       -0.141122       -0.172137

     C    3       -0.511733        0.044436       -0.087580
     C    3        0.044436        0.021748        0.318669
     C    3       -0.087580        0.318669        0.489985

     H    4        0.382143        0.058980        0.121696
     H    4        0.058980       -0.094631       -0.032911
     H    4        0.121696       -0.032911       -0.287512

     C    5        0.100652        0.156414        0.269532
     C    5        0.156414       -0.678687       -0.058304
     C    5        0.269532       -0.058304        0.578036

     H    6       -0.013363       -0.035899       -0.013284
     H    6       -0.035899        0.509483        0.462495
     H    6       -0.013284        0.462495       -0.496120

     H    7       -0.382437        0.209704       -0.156718
     H    7        0.209704        0.495123       -0.081265
     H    7       -0.156718       -0.081265       -0.112685

     C    8        0.294420       -0.552876        0.582184
     C    8       -0.552876       -0.542538        0.020422
     C    8        0.582184        0.020422        0.248118

     H    9        0.295363       -0.120337        0.033023
     H    9       -0.120337        0.003694       -0.051224
     H    9        0.033023       -0.051224       -0.299057

     C   10       -0.306404        0.094180        0.218762
     C   10        0.094180        0.042950       -0.088742
     C   10        0.218762       -0.088742        0.263455

     C   11        0.089505        0.016123        0.181479
     C   11        0.016123       -0.550317        0.172469
     C   11        0.181479        0.172469        0.460812

     Cl  12        0.215871        1.781434       -1.044977
     Cl  12        1.781434       -0.641830        1.224332
     Cl  12       -1.044977        1.224332        0.425960

     H   13       -0.136488        0.083700        0.243751
     H   13        0.083700        0.255600        0.317070
     H   13        0.243751        0.317070       -0.119112

     C   14        0.119907        0.188631       -0.309411
     C   14        0.188631       -0.014827       -0.010604
     C   14       -0.309411       -0.010604       -0.105080

     H   15        0.103394        0.052541        0.173376
     H   15        0.052541       -0.136466        0.027927
     H   15        0.173376        0.027927        0.033071

     C   16        0.124929        0.351487        0.306856
     C   16        0.351487       -0.686511       -0.088029
     C   16        0.306856       -0.088029        0.561582

     C   17       -0.406573       -0.333452       -0.013763
     C   17       -0.333452       -0.208838        0.049071
     C   17       -0.013763        0.049071        0.615411

     Cl  18       -0.016513       -0.646608       -0.395736
     Cl  18       -0.646608       -0.542433       -0.272503
     Cl  18       -0.395736       -0.272503        0.558946

     H   19       -0.001836       -0.007705        0.248375
     H   19       -0.007705        0.188574       -0.591110
     H   19        0.248375       -0.591110       -0.186738

     C   20       -0.544468        0.049746        0.067328
     C   20        0.049746        0.005122       -0.131089
     C   20        0.067328       -0.131089        0.539346

     H   21        0.034812       -0.007897        0.325780
     H   21       -0.007897       -0.047595       -0.115435
     H   21        0.325780       -0.115435        0.012784

     C   22        0.050295       -0.202482        0.340797
     C   22       -0.202482       -0.580323        0.004531
     C   22        0.340797        0.004531        0.530028

     C   23       -0.252601        0.172393        0.257793
     C   23        0.172393        0.088528       -0.196431
     C   23        0.257793       -0.196431        0.164073

     Cl  24        0.498872        1.901701        0.765684
     Cl  24        1.901701       -0.918576       -0.308140
     Cl  24        0.765684       -0.308140        0.419704

     ----- total EFG (symmetrized) -----
     Cl   1        1.371966       -2.089231        0.371501
     Cl   1       -2.089231        0.112260        0.509244
     Cl   1        0.371501        0.509244       -1.484226

     C    2        0.363984        0.309907        0.186798
     C    2        0.309907       -0.191847       -0.141122
     C    2        0.186798       -0.141122       -0.172137

     C    3       -0.511733        0.044436       -0.087580
     C    3        0.044436        0.021748        0.318669
     C    3       -0.087580        0.318669        0.489985

     H    4        0.382143        0.058980        0.121696
     H    4        0.058980       -0.094631       -0.032911
     H    4        0.121696       -0.032911       -0.287512

     C    5        0.100652        0.156414        0.269532
     C    5        0.156414       -0.678687       -0.058304
     C    5        0.269532       -0.058304        0.578036

     H    6       -0.013363       -0.035899       -0.013284
     H    6       -0.035899        0.509483        0.462495
     H    6       -0.013284        0.462495       -0.496120

     H    7       -0.382437        0.209704       -0.156718
     H    7        0.209704        0.495123       -0.081265
     H    7       -0.156718       -0.081265       -0.112685

     C    8        0.294420       -0.552876        0.582184
     C    8       -0.552876       -0.542538        0.020422
     C    8        0.582184        0.020422        0.248118

     H    9        0.295363       -0.120337        0.033023
     H    9       -0.120337        0.003694       -0.051224
     H    9        0.033023       -0.051224       -0.299057

     C   10       -0.306404        0.094180        0.218762
     C   10        0.094180        0.042950       -0.088742
     C   10        0.218762       -0.088742        0.263455

     C   11        0.089505        0.016123        0.181479
     C   11        0.016123       -0.550317        0.172469
     C   11        0.181479        0.172469        0.460812

     Cl  12        0.215871        1.781434       -1.044977
     Cl  12        1.781434       -0.641830        1.224332
     Cl  12       -1.044977        1.224332        0.425960

     H   13       -0.136488        0.083700        0.243751
     H   13        0.083700        0.255600        0.317070
     H   13        0.243751        0.317070       -0.119112

     C   14        0.119907        0.188631       -0.309411
     C   14        0.188631       -0.014827       -0.010604
     C   14       -0.309411       -0.010604       -0.105080

     H   15        0.103394        0.052541        0.173376
     H   15        0.052541       -0.136466        0.027927
     H   15        0.173376        0.027927        0.033071

     C   16        0.124929        0.351487        0.306856
     C   16        0.351487       -0.686511       -0.088029
     C   16        0.306856       -0.088029        0.561582

     C   17       -0.406573       -0.333452       -0.013763
     C   17       -0.333452       -0.208838        0.049071
     C   17       -0.013763        0.049071        0.615411

     Cl  18       -0.016513       -0.646608       -0.395736
     Cl  18       -0.646608       -0.542433       -0.272503
     Cl  18       -0.395736       -0.272503        0.558946

     H   19       -0.001836       -0.007705        0.248375
     H   19       -0.007705        0.188574       -0.591110
     H   19        0.248375       -0.591110       -0.186738

     C   20       -0.544468        0.049746        0.067328
     C   20        0.049746        0.005122       -0.131089
     C   20        0.067328       -0.131089        0.539346

     H   21        0.034812       -0.007897        0.325780
     H   21       -0.007897       -0.047595       -0.115435
     H   21        0.325780       -0.115435        0.012784

     C   22        0.050295       -0.202482        0.340797
     C   22       -0.202482       -0.580323        0.004531
     C   22        0.340797        0.004531        0.530028

     C   23       -0.252601        0.172393        0.257793
     C   23        0.172393        0.088528       -0.196431
     C   23        0.257793       -0.196431        0.164073

     Cl  24        0.498872        1.901701        0.765684
     Cl  24        1.901701       -0.918576       -0.308140
     Cl  24        0.765684       -0.308140        0.419704


     NQR/NMR SPECTROSCOPIC PARAMETERS:
     Cl   1    Vxx=   -0.8314    axis=(  0.429857  0.576852  0.694597)
     Cl   1    Vyy=   -2.0928    axis=( -0.413616 -0.558022  0.719398)
     Cl   1    Vzz=    2.9242    axis=( -0.802586  0.596535  0.001275)
     Cl   1  Q=        -8.1650 1e-30 m^2  Cq=       -56.0999 MHz  eta= 0.43137

     C    2    Vxx=   -0.0470    axis=( -0.085645  0.595186 -0.799011)
     C    2    Vyy=   -0.4752    axis=( -0.392946  0.716774  0.576046)
     C    2    Vzz=    0.5221    axis=( -0.915564 -0.363304 -0.172488)
     C    2  Q=         1.0000 1e-30 m^2  Cq=         1.2268 MHz  eta= 0.82000

     C    3    Vxx=   -0.1236    axis=(  0.197771  0.881178 -0.429431)
     C    3    Vyy=   -0.5306    axis=(  0.978968 -0.155169  0.132455)
     C    3    Vzz=    0.6542    axis=( -0.050083  0.446595  0.893333)
     C    3  Q=         1.0000 1e-30 m^2  Cq=         1.5371 MHz  eta= 0.62220

     H    4    Vxx=   -0.0918    axis=( -0.068398  0.976020 -0.206655)
     H    4    Vyy=   -0.3173    axis=(  0.183894 -0.191256 -0.964160)
     H    4    Vzz=    0.4090    axis=( -0.980563 -0.103949 -0.166402)
     H    4  Q=         1.0000 1e-30 m^2  Cq=         0.9611 MHz  eta= 0.55117

     C    5    Vxx=    0.0191    axis=( -0.885399 -0.232130  0.402721)
     C    5    Vyy=    0.6995    axis=(  0.412225  0.008243  0.911045)
     C    5    Vzz=   -0.7185    axis=(  0.214800 -0.972650 -0.088391)
     C    5  Q=         1.0000 1e-30 m^2  Cq=        -1.6883 MHz  eta= 0.94694

     H    6    Vxx=   -0.0154    axis=(  0.998530  0.050116  0.020625)
     H    6    Vyy=   -0.6765    axis=(  0.001007  0.363350 -0.931652)
     H    6    Vzz=    0.6919    axis=( -0.054185  0.930304  0.362766)
     H    6  Q=         1.0000 1e-30 m^2  Cq=         1.6257 MHz  eta= 0.95537

     H    7    Vxx=   -0.0813    axis=( -0.309752  0.242309  0.919424)
     H    7    Vyy=   -0.4811    axis=(  0.919923 -0.168121  0.354228)
     H    7    Vzz=    0.5624    axis=(  0.240407  0.955522 -0.170830)
     H    7  Q=         1.0000 1e-30 m^2  Cq=         1.3214 MHz  eta= 0.71087

     C    8    Vxx=   -0.0640    axis=( -0.418764  0.515664  0.747481)
     C    8    Vyy=   -0.8971    axis=(  0.511891  0.813935 -0.274730)
     C    8    Vzz=    0.9611    axis=( -0.750069  0.267582 -0.604811)
     C    8  Q=         1.0000 1e-30 m^2  Cq=         2.2582 MHz  eta= 0.86692

     H    9    Vxx=   -0.0345    axis=(  0.351517  0.926328 -0.135471)
     H    9    Vyy=   -0.3078    axis=(  0.023484 -0.153385 -0.987887)
     H    9    Vzz=    0.3423    axis=( -0.935887  0.344078 -0.075672)
     H    9  Q=         1.0000 1e-30 m^2  Cq=         0.8042 MHz  eta= 0.79853

     C   10    Vxx=    0.0636    axis=(  0.298136  0.949746  0.095376)
     C   10    Vyy=    0.3479    axis=(  0.287644 -0.184669  0.939765)
     C   10    Vzz=   -0.4115    axis=(  0.910152 -0.252743 -0.328245)
     C   10  Q=         1.0000 1e-30 m^2  Cq=        -0.9668 MHz  eta= 0.69084

     C   11    Vxx=    0.0196    axis=( -0.932489  0.080201  0.352183)
     C   11    Vyy=    0.5596    axis=(  0.360552  0.148325  0.920870)
     C   11    Vzz=   -0.5792    axis=(  0.021617  0.985681 -0.167228)
     C   11  Q=         1.0000 1e-30 m^2  Cq=        -1.3609 MHz  eta= 0.93240

     Cl  12    Vxx=    1.2107    axis=( -0.163664  0.429548  0.888089)
     Cl  12    Vyy=    1.6274    axis=( -0.812170 -0.569681  0.125869)
     Cl  12    Vzz=   -2.8381    axis=(  0.559994 -0.700679  0.442103)
     Cl  12  Q=        -8.1650 1e-30 m^2  Cq=        54.4473 MHz  eta= 0.14681

     H   13    Vxx=   -0.0784    axis=(  0.760011 -0.537382  0.365518)
     H   13    Vyy=   -0.4206    axis=(  0.573025  0.288724 -0.766995)
     H   13    Vzz=    0.4990    axis=(  0.306635  0.792376  0.527367)
     H   13  Q=         1.0000 1e-30 m^2  Cq=         1.1725 MHz  eta= 0.68562

     C   14    Vxx=   -0.0462    axis=(  0.119259 -0.874919 -0.469356)
     C   14    Vyy=   -0.3546    axis=(  0.602862 -0.311797  0.734397)
     C   14    Vzz=    0.4008    axis=( -0.788882 -0.370540  0.490271)
     C   14  Q=         1.0000 1e-30 m^2  Cq=         0.9417 MHz  eta= 0.76932

     H   15    Vxx=   -0.1054    axis=( -0.572785 -0.273796  0.772627)
     H   15    Vyy=   -0.1485    axis=( -0.284723  0.950334  0.125692)
     H   15    Vzz=    0.2539    axis=( -0.768668 -0.147990 -0.622293)
     H   15  Q=         1.0000 1e-30 m^2  Cq=         0.5965 MHz  eta= 0.16999

     C   16    Vxx=    0.1190    axis=( -0.789684 -0.395824  0.468746)
     C   16    Vyy=    0.7254    axis=(  0.484552  0.066245  0.872251)
     C   16    Vzz=   -0.8443    axis=( -0.376310  0.915934  0.139485)
     C   16  Q=         1.0000 1e-30 m^2  Cq=        -1.9838 MHz  eta= 0.71820

     C   17    Vxx=    0.0362    axis=( -0.597952  0.797351 -0.081759)
     C   17    Vyy=    0.6196    axis=( -0.037446  0.074103  0.996547)
     C   17    Vzz=   -0.6558    axis=(  0.800657  0.598949 -0.014453)
     C   17  Q=         1.0000 1e-30 m^2  Cq=        -1.5408 MHz  eta= 0.88961

     Cl  18    Vxx=    0.3358    axis=(  0.663342 -0.618897  0.420648)
     Cl  18    Vyy=    0.7637    axis=(  0.492221 -0.062538 -0.868221)
     Cl  18    Vzz=   -1.0995    axis=(  0.563646  0.782979  0.263150)
     Cl  18  Q=        -8.1650 1e-30 m^2  Cq=        21.0933 MHz  eta= 0.38913

     H   19    Vxx=    0.0194    axis=(  0.929020  0.358775  0.090570)
     H   19    Vyy=    0.6582    axis=(  0.235680 -0.762409  0.602651)
     H   19    Vzz=   -0.6776    axis=(  0.285267 -0.538529 -0.792849)
     H   19  Q=         1.0000 1e-30 m^2  Cq=        -1.5921 MHz  eta= 0.94273

     C   20    Vxx=   -0.0177    axis=(  0.118892  0.969613  0.213813)
     C   20    Vyy=   -0.5548    axis=(  0.991703 -0.105359 -0.073650)
     C   20    Vzz=    0.5724    axis=(  0.048885 -0.220795  0.974094)
     C   20  Q=         1.0000 1e-30 m^2  Cq=         1.3450 MHz  eta= 0.93821

     H   21    Vxx=   -0.0432    axis=( -0.342428 -0.937674  0.059252)
     H   21    Vyy=   -0.3247    axis=( -0.641343  0.279366  0.714587)
     H   21    Vzz=    0.3679    axis=(  0.686602 -0.206693  0.697033)
     H   21  Q=         1.0000 1e-30 m^2  Cq=         0.8645 MHz  eta= 0.76525

     C   22    Vxx=   -0.0638    axis=(  0.821027 -0.325990 -0.468663)
     C   22    Vyy=   -0.6494    axis=(  0.319532  0.942705 -0.095949)
     C   22    Vzz=    0.7133    axis=(  0.473090 -0.070976  0.878151)
     C   22  Q=         1.0000 1e-30 m^2  Cq=         1.6759 MHz  eta= 0.82098

     C   23    Vxx=    0.1331    axis=(  0.552596  0.773946  0.309266)
     C   23    Vyy=    0.3467    axis=(  0.220066 -0.493391  0.841509)
     C   23    Vzz=   -0.4798    axis=(  0.803871 -0.396955 -0.442965)
     C   23  Q=         1.0000 1e-30 m^2  Cq=        -1.1273 MHz  eta= 0.44507

     Cl  24    Vxx=    0.4472    axis=( -0.115049 -0.368324  0.922551)
     Cl  24    Vyy=    1.9632    axis=( -0.810275 -0.502455 -0.301650)
     Cl  24    Vzz=   -2.4104    axis=(  0.574646 -0.782225 -0.240637)
     Cl  24  Q=        -8.1650 1e-30 m^2  Cq=        46.2426 MHz  eta= 0.62891

     Initialization:
     gipaw_setup  :      8.98s CPU     10.78s WALL (       1 calls)

     Linear response

     Apply operators

     Induced current

     Other routines
     efg          :      9.38s CPU     11.99s WALL (       1 calls)

     General routines
     calbec       :      3.23s CPU      4.57s WALL (      16 calls)
     fft          :      3.20s CPU      5.29s WALL (      15 calls)
     ffts         :      0.04s CPU      0.05s WALL (       2 calls)
     fftw         :      3.38s CPU      4.02s WALL (     672 calls)
     davcio       :      0.02s CPU      0.33s WALL (      32 calls)

     Parallel routines
     fft_scatter  :      3.78s CPU      6.38s WALL (     689 calls)

     Plugins

     GIPAW        :     66.86s CPU     80.77s WALL (       1 calls)
