
     Program QE v.6.0 (svn rev. 13079) starts on 21Dec2016 at 15:33: 2 

     This program is part of the open-source Quantum ESPRESSO suite
     for quantum simulation of materials; please cite
         "P. Giannozzi et al., J. Phys.:Condens. Matter 21 395502 (2009);
          URL http://www.quantum-espresso.org", 
     in publications or presentations arising from this work. More details at
     http://www.quantum-espresso.org/quote

     Parallel version (MPI), running on     8 processors
     R & G space division:  proc/nbgrp/npool/nimage =       8

     ***** This is GIPAW svn revision unknown      *****

     Parallelizing q-star over 1 images

     Reading data from directory:
     /users/majewski/paradichlorobenzene/pbe/9_constraint/scratch/pbe.ecut100.np8.dt60.pcl2phi-129368.save
     Message from routine read_xml_file:
     file /users/majewski/paradichlorobenzene/pbe/9_constraint/scratch/pbe.ecut100.np8.dt60.pcl2phi-129368.save not guaranteed to be safe for post-processing

   Info: using nr1, nr2, nr3 values from input

   Info: using nr1, nr2, nr3 values from input

     IMPORTANT: XC functional enforced from input :
     Exchange-correlation      =  SLA  PW   PBX  PBC ( 1  4  3  4 0 0)
     Any further DFT definition will be discarded
     Please, verify this is what you really want

               file C.pbe-n-kjpaw_psl.1.0.0.UPF: wavefunction(s)  2S 2P renormalized
               file Cl.pbe-n-kjpaw_psl.1.0.0.UPF: wavefunction(s)  3S 3P renormalized
               file H.pbe-kjpaw_psl.1.0.0.UPF: wavefunction(s)  1S renormalized

     Parallelization info
     --------------------
     sticks:   dense  smooth     PW     G-vecs:    dense   smooth      PW
     Min        3057    1223    332               144436    36536    5170
     Max        3059    1225    333               144437    36537    5171
     Sum       24467    9791   2657              1155489   292295   41363


     Subspace diagonalization in iterative solution of the eigenvalue problem:
     a serial algorithm will be used

     GIPAW projectors -----------------------------------------------
     atom=  C    l=0  rc=    1.2000  rs=    0.8000
     atom=  C    l=0  rc=    1.2000  rs=    0.8000
     atom=  C    l=1  rc=    1.4000  rs=    0.9333
     atom=  C    l=1  rc=    1.4000  rs=    0.9333
     projs nearly linearly dependent: l=1  n1,n2= 1, 2  s=  0.99951561

     atom=  Cl   l=0  rc=    1.6000  rs=    1.0667
     atom=  Cl   l=0  rc=    1.6000  rs=    1.0667
     atom=  Cl   l=1  rc=    1.6000  rs=    1.0667
     atom=  Cl   l=1  rc=    1.6000  rs=    1.0667
     atom=  Cl   l=2  rc=    1.6000  rs=    1.0667
     atom=  Cl   l=2  rc=    1.6000  rs=    1.0667
     projs nearly linearly dependent: l=2  n1,n2= 1, 2  s=  0.99993509

     atom=  H    l=0  rc=    1.0000  rs=    0.6667
     atom=  H    l=0  rc=    1.0000  rs=    0.6667
     projs nearly linearly dependent: l=0  n1,n2= 1, 2  s=  0.99968852
     -----------------------------------------------------------------

     GIPAW integrals: -------------------------------------------
     Atom  i/j   nmr_para   nmr_dia   epr_rmc  epr_para   epr_dia
       C   1 1   0.83E+03  0.17E-01  0.93E+01  0.24E+08  0.24E+03
       C   2 1   0.86E+03 -0.61E-01  0.94E+01  0.25E+08  0.25E+03
       C   2 2   0.90E+03 -0.15E+00  0.97E+01  0.26E+08  0.26E+03
       C   3 3   0.33E+01  0.34E+00  0.18E+01  0.55E+03  0.21E+02
       C   4 3   0.35E+01  0.37E+00  0.20E+01  0.59E+03  0.22E+02
       C   4 4   0.38E+01  0.39E+00  0.22E+01  0.63E+03  0.24E+02
       Cl  1 1   0.14E+04 -0.47E+00  0.84E+01  0.32E+09  0.42E+03
       Cl  2 1   0.21E+04 -0.37E+00  0.12E+02  0.49E+09  0.65E+03
       Cl  2 2   0.33E+04 -0.16E+00  0.21E+02  0.76E+09  0.10E+04
       Cl  3 3   0.21E+02  0.79E-01  0.89E+01  0.23E+05  0.13E+03
       Cl  4 3   0.24E+02  0.67E-01  0.99E+01  0.27E+05  0.15E+03
       Cl  4 4   0.28E+02  0.44E-01  0.11E+02  0.32E+05  0.18E+03
       Cl  5 5   0.77E+00  0.19E+00  0.18E+01  0.12E+03  0.22E+02
       Cl  6 5   0.80E+00  0.19E+00  0.19E+01  0.12E+03  0.23E+02
       Cl  6 6   0.83E+00  0.20E+00  0.19E+01  0.12E+03  0.23E+02
       H   1 1   0.39E+02  0.19E+00  0.29E+00  0.78E+05  0.13E+02
       H   2 1   0.41E+02  0.21E+00  0.32E+00  0.82E+05  0.14E+02
       H   2 2   0.43E+02  0.22E+00  0.36E+00  0.86E+05  0.15E+02
     ------------------------------------------------------------

     alpha_pv=     33.3232 eV

     Number of occupied bands for each k-point:
     k-point:     1    nbnd_occ=  42
     k-point:     2    nbnd_occ=  42
     k-point:     3    nbnd_occ=  42
     k-point:     4    nbnd_occ=  42
     k-point:     5    nbnd_occ=  42
     k-point:     6    nbnd_occ=  42
     k-point:     7    nbnd_occ=  42
     k-point:     8    nbnd_occ=  42
     k-point:     9    nbnd_occ=  42
     k-point:    10    nbnd_occ=  42
     k-point:    11    nbnd_occ=  42
     k-point:    12    nbnd_occ=  42
     k-point:    13    nbnd_occ=  42
     k-point:    14    nbnd_occ=  42
     k-point:    15    nbnd_occ=  42
     k-point:    16    nbnd_occ=  42


     q-space interpolation up to   110.00 Rydberg

     GIPAW job: efg                                                                             


     ELECTRIC FIELD GRADIENTS TENSORS IN Hartree/bohrradius^2:

     ----- bare term -----
     Cl   1       -0.178510        0.202022       -0.003313
     Cl   1        0.202022        0.168557        0.038761
     Cl   1       -0.003313        0.038761        0.009953

     C    2       -0.016872       -0.097475       -0.331161
     C    2       -0.097475       -0.210068       -0.475041
     C    2       -0.331161       -0.475041        0.226939

     C    3       -0.576472        0.270928       -0.321412
     C    3        0.270928        0.006119       -0.110882
     C    3       -0.321412       -0.110882        0.570353

     H    4        0.078475       -0.100329       -0.464595
     H    4       -0.100329        0.483907       -0.044009
     H    4       -0.464595       -0.044009       -0.562383

     C    5       -0.086312        0.080897       -0.190874
     C    5        0.080897       -0.361946       -0.238296
     C    5       -0.190874       -0.238296        0.448258

     H    6        0.429202        0.037899        0.169344
     H    6        0.037899       -0.006763       -0.534385
     H    6        0.169344       -0.534385       -0.422439

     H    7        0.378972        0.041175       -0.031142
     H    7        0.041175       -0.474746        0.576703
     H    7       -0.031142        0.576703        0.095773

     C    8       -0.684711       -0.324318       -0.302452
     C    8       -0.324318        0.288313        0.231168
     C    8       -0.302452        0.231168        0.396397

     H    9       -0.280018        0.012673       -0.552444
     H    9        0.012673        0.184961        0.014602
     H    9       -0.552444        0.014602        0.095057

     C   10       -0.013666       -0.002767       -0.280946
     C   10       -0.002767       -0.246247        0.509663
     C   10       -0.280946        0.509663        0.259912

     C   11       -0.435867       -0.316085       -0.247792
     C   11       -0.316085        0.050221        0.277628
     C   11       -0.247792        0.277628        0.385646

     Cl  12        0.015491       -0.031278       -0.087691
     Cl  12       -0.031278       -0.010089        0.038035
     Cl  12       -0.087691        0.038035       -0.005402

     H   13        0.482370       -0.065817        0.096411
     H   13       -0.065817       -0.285597       -0.389223
     H   13        0.096411       -0.389223       -0.196773

     C   14       -0.861283        0.379161       -0.346375
     C   14        0.379161        0.512525       -0.136571
     C   14       -0.346375       -0.136571        0.348759

     H   15       -0.008603        0.114084       -0.505922
     H   15        0.114084       -0.053857        0.171944
     H   15       -0.505922        0.171944        0.062460

     C   16        0.131913        0.200298       -0.099216
     C   16        0.200298       -0.098071       -0.592060
     C   16       -0.099216       -0.592060       -0.033842

     C   17       -0.705651        0.380641       -0.376328
     C   17        0.380641        0.347605       -0.057310
     C   17       -0.376328       -0.057310        0.358046

     Cl  18        0.021415        0.073092       -0.026375
     Cl  18        0.073092        0.055702        0.003689
     Cl  18       -0.026375        0.003689       -0.077117

     H   19        0.466878       -0.008521       -0.046815
     H   19       -0.008521       -0.809935        0.046896
     H   19       -0.046815        0.046896        0.343057

     C   20       -0.219512        0.105007       -0.333755
     C   20        0.105007        0.062620        0.558520
     C   20       -0.333755        0.558520        0.156892

     H   21       -0.249058        0.438605       -0.342145
     H   21        0.438605       -0.088857        0.151649
     H   21       -0.342145        0.151649        0.337915

     C   22       -0.616346       -0.360550       -0.218948
     C   22       -0.360550        0.243109        0.310912
     C   22       -0.218948        0.310912        0.373237

     C   23       -0.027125        0.303864       -0.402488
     C   23        0.303864       -0.023403        0.664958
     C   23       -0.402488        0.664958        0.050528

     Cl  24       -0.232235       -0.228580       -0.025287
     Cl  24       -0.228580        0.180453        0.118928
     Cl  24       -0.025287        0.118928        0.051781

     ----- ionic term -----
     Cl   1        0.135067       -0.189558       -0.011076
     Cl   1       -0.189558       -0.003232        0.010494
     Cl   1       -0.011076        0.010494       -0.131835

     C    2        0.195770       -0.222109        0.298408
     C    2       -0.222109       -0.056441        0.395878
     C    2        0.298408        0.395878       -0.139328

     C    3        0.106045       -0.277037        0.212999
     C    3       -0.277037        0.039073        0.378295
     C    3        0.212999        0.378295       -0.145118

     H    4        0.493820        0.134678        0.799630
     H    4        0.134678       -0.556402        0.173721
     H    4        0.799630        0.173721        0.062581

     C    5        0.170223       -0.259934        0.288244
     C    5       -0.259934       -0.022301        0.297098
     C    5        0.288244        0.297098       -0.147922

     H    6       -0.535385       -0.036440        0.003424
     H    6       -0.036440        0.501625        0.773641
     H    6        0.003424        0.773641        0.033760

     H    7       -0.501778        0.025206       -0.013790
     H    7        0.025206        0.693817       -0.675571
     H    7       -0.013790       -0.675571       -0.192039

     C    8        0.312440        0.188501        0.236043
     C    8        0.188501        0.042197       -0.331217
     C    8        0.236043       -0.331217       -0.354637

     H    9        0.393148       -0.254755        0.757888
     H    9       -0.254755       -0.412936       -0.280311
     H    9        0.757888       -0.280311        0.019788

     C   10        0.095234        0.268505        0.157882
     C   10        0.268505        0.245316       -0.424084
     C   10        0.157882       -0.424084       -0.340550

     C   11        0.112102        0.207370        0.235688
     C   11        0.207370        0.267318       -0.352175
     C   11        0.235688       -0.352175       -0.379420

     Cl  12        0.102038        0.223792        0.051328
     Cl  12        0.223792        0.042507        0.028690
     Cl  12        0.051328        0.028690       -0.144545

     H   13       -0.520347       -0.021668        0.000481
     H   13       -0.021668        0.505407        0.777684
     H   13        0.000481        0.777684        0.014939

     C   14        0.228847       -0.287172        0.302469
     C   14       -0.287172       -0.006249        0.281603
     C   14        0.302469        0.281603       -0.222598

     H   15        0.529522        0.179466        0.740815
     H   15        0.179466       -0.471937        0.200017
     H   15        0.740815        0.200017       -0.057585

     C   16        0.087640       -0.306951        0.217979
     C   16       -0.306951        0.104494        0.394404
     C   16        0.217979        0.394404       -0.192134

     C   17        0.062894       -0.243964        0.335079
     C   17       -0.243964        0.039916        0.401250
     C   17        0.335079        0.401250       -0.102809

     Cl  18        0.109841       -0.223229        0.031778
     Cl  18       -0.223229        0.030708       -0.012963
     Cl  18        0.031778       -0.012963       -0.140549

     H   19       -0.509064       -0.070568        0.050637
     H   19       -0.070568        0.818007       -0.585196
     H   19        0.050637       -0.585196       -0.308944

     C   20        0.288600        0.176834        0.227288
     C   20        0.176834        0.114935       -0.256881
     C   20        0.227288       -0.256881       -0.403535

     H   21        0.639475       -0.312217        0.654741
     H   21       -0.312217       -0.426525       -0.236196
     H   21        0.654741       -0.236196       -0.212950

     C   22        0.183704        0.184328        0.204921
     C   22        0.184328        0.167317       -0.358203
     C   22        0.204921       -0.358203       -0.351021

     C   23        0.250261        0.082873        0.295737
     C   23        0.082873        0.073289       -0.403028
     C   23        0.295737       -0.403028       -0.323550

     Cl  24        0.153876        0.172963        0.000894
     Cl  24        0.172963       -0.013569       -0.010635
     Cl  24        0.000894       -0.010635       -0.140307

     ----- GIPAW term -----
     Cl   1        0.193022       -1.027207       -0.043466
     Cl   1       -1.027207        1.637471        0.395758
     Cl   1       -0.043466        0.395758       -1.830494

     C    2       -0.009666       -0.157223       -0.061512
     C    2       -0.157223        0.052614        0.068539
     C    2       -0.061512        0.068539       -0.042948

     C    3       -0.230847        0.012335       -0.082094
     C    3        0.012335       -0.067896        0.090419
     C    3       -0.082094        0.090419        0.298743

     H    4       -0.000000        0.000000        0.000000
     H    4        0.000000        0.000000        0.000000
     H    4        0.000000        0.000000        0.000000

     C    5       -0.101737       -0.020456       -0.050594
     C    5       -0.020456       -0.140069        0.118019
     C    5       -0.050594        0.118019        0.241805

     H    6       -0.000000        0.000000        0.000000
     H    6        0.000000        0.000000        0.000000
     H    6        0.000000        0.000000        0.000000

     H    7       -0.000000        0.000000        0.000000
     H    7        0.000000        0.000000        0.000000
     H    7        0.000000        0.000000        0.000000

     C    8       -0.171578        0.036256       -0.029320
     C    8        0.036256        0.213302        0.022133
     C    8       -0.029320        0.022133       -0.041724

     H    9       -0.000000        0.000000        0.000000
     H    9        0.000000        0.000000        0.000000
     H    9        0.000000        0.000000        0.000000

     C   10       -0.077328        0.106633       -0.090210
     C   10        0.106633        0.097008       -0.055110
     C   10       -0.090210       -0.055110       -0.019680

     C   11        0.005016        0.198796       -0.038447
     C   11        0.198796        0.112411        0.013594
     C   11       -0.038447        0.013594       -0.117427

     Cl  12       -0.224809        1.497520       -0.312053
     Cl  12        1.497520        1.739503        1.788658
     Cl  12       -0.312053        1.788658       -1.514694

     H   13       -0.000000        0.000000        0.000000
     H   13        0.000000        0.000000        0.000000
     H   13        0.000000        0.000000        0.000000

     C   14       -0.235900        0.045924       -0.030691
     C   14        0.045924        0.323726        0.001416
     C   14       -0.030691        0.001416       -0.087826

     H   15       -0.000000        0.000000        0.000000
     H   15        0.000000        0.000000        0.000000
     H   15        0.000000        0.000000        0.000000

     C   16       -0.084665        0.055943       -0.002305
     C   16        0.055943        0.231679       -0.065486
     C   16       -0.002305       -0.065486       -0.147015

     C   17       -0.161908        0.051681       -0.012459
     C   17        0.051681        0.240002        0.154506
     C   17       -0.012459        0.154506       -0.078094

     Cl  18        0.119425       -0.300578       -0.158594
     Cl  18       -0.300578        2.582156       -0.138408
     Cl  18       -0.158594       -0.138408       -2.701581

     H   19       -0.000000        0.000000        0.000000
     H   19        0.000000        0.000000        0.000000
     H   19        0.000000        0.000000        0.000000

     C   20       -0.095116        0.101455       -0.030363
     C   20        0.101455        0.197366        0.177260
     C   20       -0.030363        0.177260       -0.102250

     H   21       -0.000000        0.000000        0.000000
     H   21        0.000000        0.000000        0.000000
     H   21        0.000000        0.000000        0.000000

     C   22       -0.225909       -0.025719       -0.039111
     C   22       -0.025719        0.279552        0.078619
     C   22       -0.039111        0.078619       -0.053642

     C   23        0.014162        0.252990       -0.061786
     C   23        0.252990        0.153154        0.094125
     C   23       -0.061786        0.094125       -0.167316

     Cl  24       -0.309562        0.848948       -0.304916
     Cl  24        0.848948        1.900894        1.125478
     Cl  24       -0.304916        1.125478       -1.591332

     ----- total EFG -----
     Cl   1        0.149580       -1.014744       -0.057854
     Cl   1       -1.014744        1.802796        0.445012
     Cl   1       -0.057854        0.445012       -1.952376

     C    2        0.169232       -0.476807       -0.094265
     C    2       -0.476807       -0.213895       -0.010625
     C    2       -0.094265       -0.010625        0.044663

     C    3       -0.701274        0.006225       -0.190507
     C    3        0.006225       -0.022705        0.357832
     C    3       -0.190507        0.357832        0.723978

     H    4        0.572296        0.034349        0.335035
     H    4        0.034349       -0.072495        0.129712
     H    4        0.335035        0.129712       -0.499801

     C    5       -0.017826       -0.199493        0.046776
     C    5       -0.199493       -0.524316        0.176821
     C    5        0.046776        0.176821        0.542142

     H    6       -0.106183        0.001459        0.172768
     H    6        0.001459        0.494861        0.239256
     H    6        0.172768        0.239256       -0.388679

     H    7       -0.122806        0.066381       -0.044932
     H    7        0.066381        0.219072       -0.098869
     H    7       -0.044932       -0.098869       -0.096266

     C    8       -0.543848       -0.099562       -0.095728
     C    8       -0.099562        0.543812       -0.077915
     C    8       -0.095728       -0.077915        0.000036

     H    9        0.113130       -0.242081        0.205444
     H    9       -0.242081       -0.227975       -0.265710
     H    9        0.205444       -0.265710        0.114845

     C   10        0.004240        0.372372       -0.213274
     C   10        0.372372        0.096077        0.030468
     C   10       -0.213274        0.030468       -0.100318

     C   11       -0.318749        0.090080       -0.050551
     C   11        0.090080        0.429950       -0.060952
     C   11       -0.050551       -0.060952       -0.111200

     Cl  12       -0.107280        1.690035       -0.348416
     Cl  12        1.690035        1.771922        1.855383
     Cl  12       -0.348416        1.855383       -1.664641

     H   13       -0.037977       -0.087485        0.096892
     H   13       -0.087485        0.219810        0.388461
     H   13        0.096892        0.388461       -0.181833

     C   14       -0.868337        0.137913       -0.074597
     C   14        0.137913        0.830002        0.146449
     C   14       -0.074597        0.146449        0.038335

     H   15        0.520919        0.293550        0.234893
     H   15        0.293550       -0.525794        0.371961
     H   15        0.234893        0.371961        0.004875

     C   16        0.134888       -0.050711        0.116458
     C   16       -0.050711        0.238102       -0.263141
     C   16        0.116458       -0.263141       -0.372991

     C   17       -0.804666        0.188358       -0.053708
     C   17        0.188358        0.627523        0.498445
     C   17       -0.053708        0.498445        0.177143

     Cl  18        0.250681       -0.450715       -0.153191
     Cl  18       -0.450715        2.668566       -0.147683
     Cl  18       -0.153191       -0.147683       -2.919247

     H   19       -0.042186       -0.079089        0.003822
     H   19       -0.079089        0.008072       -0.538300
     H   19        0.003822       -0.538300        0.034114

     C   20       -0.026028        0.383296       -0.136830
     C   20        0.383296        0.374921        0.478899
     C   20       -0.136830        0.478899       -0.348893

     H   21        0.390417        0.126388        0.312595
     H   21        0.126388       -0.515382       -0.084547
     H   21        0.312595       -0.084547        0.124965

     C   22       -0.658551       -0.201941       -0.053137
     C   22       -0.201941        0.689977        0.031328
     C   22       -0.053137        0.031328       -0.031426

     C   23        0.237298        0.639728       -0.168538
     C   23        0.639728        0.203040        0.356055
     C   23       -0.168538        0.356055       -0.440338

     Cl  24       -0.387921        0.793330       -0.329309
     Cl  24        0.793330        2.067778        1.233771
     Cl  24       -0.329309        1.233771       -1.679857

     ----- total EFG (symmetrized) -----
     Cl   1        0.149580       -1.014744       -0.057854
     Cl   1       -1.014744        1.802796        0.445012
     Cl   1       -0.057854        0.445012       -1.952376

     C    2        0.169232       -0.476807       -0.094265
     C    2       -0.476807       -0.213895       -0.010625
     C    2       -0.094265       -0.010625        0.044663

     C    3       -0.701274        0.006225       -0.190507
     C    3        0.006225       -0.022705        0.357832
     C    3       -0.190507        0.357832        0.723978

     H    4        0.572296        0.034349        0.335035
     H    4        0.034349       -0.072495        0.129712
     H    4        0.335035        0.129712       -0.499801

     C    5       -0.017826       -0.199493        0.046776
     C    5       -0.199493       -0.524316        0.176821
     C    5        0.046776        0.176821        0.542142

     H    6       -0.106183        0.001459        0.172768
     H    6        0.001459        0.494861        0.239256
     H    6        0.172768        0.239256       -0.388679

     H    7       -0.122806        0.066381       -0.044932
     H    7        0.066381        0.219072       -0.098869
     H    7       -0.044932       -0.098869       -0.096266

     C    8       -0.543848       -0.099562       -0.095728
     C    8       -0.099562        0.543812       -0.077915
     C    8       -0.095728       -0.077915        0.000036

     H    9        0.113130       -0.242081        0.205444
     H    9       -0.242081       -0.227975       -0.265710
     H    9        0.205444       -0.265710        0.114845

     C   10        0.004240        0.372372       -0.213274
     C   10        0.372372        0.096077        0.030468
     C   10       -0.213274        0.030468       -0.100318

     C   11       -0.318749        0.090080       -0.050551
     C   11        0.090080        0.429950       -0.060952
     C   11       -0.050551       -0.060952       -0.111200

     Cl  12       -0.107280        1.690035       -0.348416
     Cl  12        1.690035        1.771922        1.855383
     Cl  12       -0.348416        1.855383       -1.664641

     H   13       -0.037977       -0.087485        0.096892
     H   13       -0.087485        0.219810        0.388461
     H   13        0.096892        0.388461       -0.181833

     C   14       -0.868337        0.137913       -0.074597
     C   14        0.137913        0.830002        0.146449
     C   14       -0.074597        0.146449        0.038335

     H   15        0.520919        0.293550        0.234893
     H   15        0.293550       -0.525794        0.371961
     H   15        0.234893        0.371961        0.004875

     C   16        0.134888       -0.050711        0.116458
     C   16       -0.050711        0.238102       -0.263141
     C   16        0.116458       -0.263141       -0.372991

     C   17       -0.804666        0.188358       -0.053708
     C   17        0.188358        0.627523        0.498445
     C   17       -0.053708        0.498445        0.177143

     Cl  18        0.250681       -0.450715       -0.153191
     Cl  18       -0.450715        2.668566       -0.147683
     Cl  18       -0.153191       -0.147683       -2.919247

     H   19       -0.042186       -0.079089        0.003822
     H   19       -0.079089        0.008072       -0.538300
     H   19        0.003822       -0.538300        0.034114

     C   20       -0.026028        0.383296       -0.136830
     C   20        0.383296        0.374921        0.478899
     C   20       -0.136830        0.478899       -0.348893

     H   21        0.390417        0.126388        0.312595
     H   21        0.126388       -0.515382       -0.084547
     H   21        0.312595       -0.084547        0.124965

     C   22       -0.658551       -0.201941       -0.053137
     C   22       -0.201941        0.689977        0.031328
     C   22       -0.053137        0.031328       -0.031426

     C   23        0.237298        0.639728       -0.168538
     C   23        0.639728        0.203040        0.356055
     C   23       -0.168538        0.356055       -0.440338

     Cl  24       -0.387921        0.793330       -0.329309
     Cl  24        0.793330        2.067778        1.233771
     Cl  24       -0.329309        1.233771       -1.679857


     NQR/NMR SPECTROSCOPIC PARAMETERS:
     Cl   1    Vxx=   -0.3213    axis=(  0.905852  0.415720  0.081292)
     Cl   1    Vyy=   -2.0063    axis=(  0.031923  0.124366 -0.991723)
     Cl   1    Vzz=    2.3276    axis=( -0.422389  0.900949  0.099386)
     Cl   1  Q=        -8.1650 1e-30 m^2  Cq=       -44.6543 MHz  eta= 0.72392

     C    2    Vxx=    0.0397    axis=(  0.071115 -0.174832  0.982027)
     C    2    Vyy=    0.5030    axis=(  0.823421 -0.545359 -0.156720)
     C    2    Vzz=   -0.5427    axis=(  0.562957  0.819766  0.105177)
     C    2  Q=         1.0000 1e-30 m^2  Cq=        -1.2751 MHz  eta= 0.85359

     C    3    Vxx=   -0.1562    axis=(  0.132426  0.927887 -0.348552)
     C    3    Vyy=   -0.7308    axis=(  0.985120 -0.084341  0.149753)
     C    3    Vzz=    0.8870    axis=( -0.109556  0.363197  0.925249)
     C    3  Q=         1.0000 1e-30 m^2  Cq=         2.0841 MHz  eta= 0.64773

     H    4    Vxx=   -0.0545    axis=(  0.146206 -0.973887 -0.173689)
     H    4    Vyy=   -0.6203    axis=(  0.259062  0.207141 -0.943387)
     H    4    Vzz=    0.6748    axis=(  0.954731  0.092933  0.282582)
     H    4  Q=         1.0000 1e-30 m^2  Cq=         1.5855 MHz  eta= 0.83842

     C    5    Vxx=    0.0510    axis=(  0.946880 -0.320596  0.025239)
     C    5    Vyy=    0.5711    axis=( -0.026047 -0.154681 -0.987621)
     C    5    Vzz=   -0.6220    axis=(  0.320531  0.934501 -0.154815)
     C    5  Q=         1.0000 1e-30 m^2  Cq=        -1.4615 MHz  eta= 0.83613

     H    6    Vxx=   -0.0410    axis=(  0.923345 -0.158634  0.349669)
     H    6    Vyy=   -0.5175    axis=(  0.377779  0.212439 -0.901195)
     H    6    Vzz=    0.5585    axis=(  0.068677  0.964212  0.256083)
     H    6  Q=         1.0000 1e-30 m^2  Cq=         1.3123 MHz  eta= 0.85316

     H    7    Vxx=   -0.1061    axis=(  0.594711 -0.342553 -0.727307)
     H    7    Vyy=   -0.1565    axis=(  0.779998  0.026720  0.625211)
     H    7    Vzz=    0.2626    axis=(  0.194734  0.939118 -0.283082)
     H    7  Q=         1.0000 1e-30 m^2  Cq=         0.6171 MHz  eta= 0.19211

     C    8    Vxx=    0.0099    axis=( -0.188078  0.107399  0.976264)
     C    8    Vyy=    0.5615    axis=( -0.078370  0.989193 -0.123919)
     C    8    Vzz=   -0.5714    axis=( -0.979022 -0.099816 -0.177628)
     C    8  Q=         1.0000 1e-30 m^2  Cq=        -1.3425 MHz  eta= 0.96532

     H    9    Vxx=   -0.0909    axis=(  0.729610  0.035319 -0.682950)
     H    9    Vyy=   -0.4064    axis=( -0.280422 -0.895391 -0.345887)
     H    9    Vzz=    0.4973    axis=( -0.623724  0.443877 -0.643383)
     H    9  Q=         1.0000 1e-30 m^2  Cq=         1.1685 MHz  eta= 0.63447

     C   10    Vxx=   -0.0240    axis=( -0.228681  0.496821  0.837182)
     C   10    Vyy=   -0.4288    axis=(  0.693188 -0.520703  0.498357)
     C   10    Vzz=    0.4528    axis=( -0.683517 -0.694289  0.225316)
     C   10  Q=         1.0000 1e-30 m^2  Cq=         1.0639 MHz  eta= 0.89408

     C   11    Vxx=   -0.1108    axis=( -0.176511  0.139248  0.974399)
     C   11    Vyy=   -0.3378    axis=(  0.976524 -0.099403  0.191101)
     C   11    Vzz=    0.4486    axis=( -0.123469 -0.985256  0.118433)
     C   11  Q=         1.0000 1e-30 m^2  Cq=         1.0539 MHz  eta= 0.50619

     Cl  12    Vxx=   -0.3278    axis=(  0.830587 -0.214353 -0.513982)
     Cl  12    Vyy=   -2.8858    axis=( -0.379349  0.457916 -0.803994)
     Cl  12    Vzz=    3.2136    axis=(  0.407699  0.862766  0.299024)
     Cl  12  Q=        -8.1650 1e-30 m^2  Cq=       -61.6513 MHz  eta= 0.79597

     H   13    Vxx=    0.0000    axis=(  0.954839 -0.108690  0.276530)
     H   13    Vyy=    0.4575    axis=( -0.051000  0.856923  0.512915)
     H   13    Vzz=   -0.4576    axis=( -0.292713 -0.503854  0.812681)
     H   13  Q=         1.0000 1e-30 m^2  Cq=        -1.0751 MHz  eta= 0.99982

     C   14    Vxx=    0.0226    axis=( -0.106893 -0.159746  0.981354)
     C   14    Vyy=    0.8650    axis=(  0.071014  0.983261  0.167792)
     C   14    Vzz=   -0.8876    axis=( -0.991731  0.087626 -0.093759)
     C   14  Q=         1.0000 1e-30 m^2  Cq=        -2.0854 MHz  eta= 0.94903

     H   15    Vxx=   -0.0117    axis=( -0.515270  0.289433  0.806675)
     H   15    Vyy=   -0.7381    axis=( -0.134027  0.902453 -0.409409)
     H   15    Vzz=    0.7498    axis=( -0.846483 -0.319073 -0.426215)
     H   15  Q=         1.0000 1e-30 m^2  Cq=         1.7618 MHz  eta= 0.96878

     C   16    Vxx=    0.1142    axis=(  0.919616  0.392743  0.007696)
     C   16    Vyy=    0.3702    axis=( -0.363708  0.858706 -0.361028)
     C   16    Vzz=   -0.4844    axis=( -0.148400  0.329208  0.932523)
     C   16  Q=         1.0000 1e-30 m^2  Cq=        -1.1382 MHz  eta= 0.52848

     C   17    Vxx=   -0.1139    axis=( -0.204031 -0.509951  0.835656)
     C   17    Vyy=   -0.8449    axis=( -0.976176  0.170362 -0.134378)
     C   17    Vzz=    0.9588    axis=( -0.073838 -0.843164 -0.532561)
     C   17  Q=         1.0000 1e-30 m^2  Cq=         2.2529 MHz  eta= 0.76239

     Cl  18    Vxx=    0.1795    axis=(  0.982989  0.174620 -0.056918)
     Cl  18    Vyy=    2.7523    axis=(  0.176036 -0.984162  0.020872)
     Cl  18    Vzz=   -2.9318    axis=(  0.052372  0.030537  0.998161)
     Cl  18  Q=        -8.1650 1e-30 m^2  Cq=        56.2451 MHz  eta= 0.87756

     H   19    Vxx=   -0.0417    axis=( -0.989105  0.013611  0.146581)
     H   19    Vyy=   -0.5234    axis=( -0.112068 -0.715275 -0.689799)
     H   19    Vzz=    0.5651    axis=(  0.095457 -0.698710  0.709008)
     H   19  Q=         1.0000 1e-30 m^2  Cq=         1.3278 MHz  eta= 0.85255

     C   20    Vxx=   -0.0064    axis=(  0.826956 -0.151037 -0.541601)
     C   20    Vyy=   -0.7223    axis=(  0.416752 -0.481962  0.770733)
     C   20    Vzz=    0.7288    axis=( -0.377440 -0.863076 -0.335617)
     C   20  Q=         1.0000 1e-30 m^2  Cq=         1.7123 MHz  eta= 0.98238

     H   21    Vxx=   -0.0409    axis=( -0.508031 -0.280452  0.814402)
     H   21    Vyy=   -0.5596    axis=( -0.195890  0.958351  0.207825)
     H   21    Vzz=    0.6005    axis=( -0.838768 -0.053951 -0.541810)
     H   21  Q=         1.0000 1e-30 m^2  Cq=         1.4109 MHz  eta= 0.86371

     C   22    Vxx=   -0.0299    axis=( -0.064460 -0.061427  0.996028)
     C   22    Vyy=   -0.6916    axis=( -0.987104 -0.142629 -0.072679)
     C   22    Vzz=    0.7216    axis=(  0.146527 -0.987868 -0.051441)
     C   22  Q=         1.0000 1e-30 m^2  Cq=         1.6954 MHz  eta= 0.91707

     C   23    Vxx=   -0.0657    axis=(  0.571172 -0.451170 -0.685718)
     C   23    Vyy=   -0.8079    axis=( -0.442921  0.533931 -0.720235)
     C   23    Vzz=    0.8736    axis=( -0.691074 -0.715097 -0.105134)
     C   23  Q=         1.0000 1e-30 m^2  Cq=         2.0527 MHz  eta= 0.84962

     Cl  24    Vxx=   -0.3700    axis=(  0.928172 -0.124575 -0.350683)
     Cl  24    Vyy=   -2.2195    axis=( -0.298267  0.314529 -0.901171)
     Cl  24    Vzz=    2.5894    axis=(  0.222563  0.941038  0.254780)
     Cl  24  Q=        -8.1650 1e-30 m^2  Cq=       -49.6772 MHz  eta= 0.71424

     Initialization:
     gipaw_setup  :      9.27s CPU     11.27s WALL (       1 calls)

     Linear response

     Apply operators

     Induced current

     Other routines
     efg          :      9.32s CPU     12.24s WALL (       1 calls)

     General routines
     calbec       :      3.32s CPU      4.40s WALL (      16 calls)
     fft          :      1.39s CPU      1.66s WALL (      15 calls)
     ffts         :      0.04s CPU      0.07s WALL (       2 calls)
     fftw         :      3.21s CPU      4.14s WALL (     672 calls)
     davcio       :      0.02s CPU      0.32s WALL (      32 calls)

     Parallel routines
     fft_scatter  :      1.95s CPU      2.83s WALL (     689 calls)

     Plugins

     GIPAW        :     62.98s CPU     76.91s WALL (       1 calls)
