
     Program QE v.6.0 (svn rev. 13079) starts on 14Dec2016 at 23:35: 2 

     This program is part of the open-source Quantum ESPRESSO suite
     for quantum simulation of materials; please cite
         "P. Giannozzi et al., J. Phys.:Condens. Matter 21 395502 (2009);
          URL http://www.quantum-espresso.org", 
     in publications or presentations arising from this work. More details at
     http://www.quantum-espresso.org/quote

     Parallel version (MPI), running on     8 processors
     R & G space division:  proc/nbgrp/npool/nimage =       8

     ***** This is GIPAW svn revision unknown      *****

     Parallelizing q-star over 1 images

     Reading data from directory:
     /users/majewski/paradichlorobenzene/pbe/9_constraint/scratch/pbe.ecut100.np8.dt60.pcl2phi-129368.save
     Message from routine read_xml_file:
     file /users/majewski/paradichlorobenzene/pbe/9_constraint/scratch/pbe.ecut100.np8.dt60.pcl2phi-129368.save not guaranteed to be safe for post-processing

   Info: using nr1, nr2, nr3 values from input

   Info: using nr1, nr2, nr3 values from input

     IMPORTANT: XC functional enforced from input :
     Exchange-correlation      =  SLA  PW   PBX  PBC ( 1  4  3  4 0 0)
     Any further DFT definition will be discarded
     Please, verify this is what you really want

               file C.pbe-n-kjpaw_psl.1.0.0.UPF: wavefunction(s)  2S 2P renormalized
               file Cl.pbe-n-kjpaw_psl.1.0.0.UPF: wavefunction(s)  3S 3P renormalized
               file H.pbe-kjpaw_psl.1.0.0.UPF: wavefunction(s)  1S renormalized

     Parallelization info
     --------------------
     sticks:   dense  smooth     PW     G-vecs:    dense   smooth      PW
     Min        3057    1223    332               144436    36536    5170
     Max        3059    1225    333               144437    36537    5171
     Sum       24467    9791   2657              1155489   292295   41363


     Subspace diagonalization in iterative solution of the eigenvalue problem:
     a serial algorithm will be used

     GIPAW projectors -----------------------------------------------
     atom=  C    l=0  rc=    1.2000  rs=    0.8000
     atom=  C    l=0  rc=    1.2000  rs=    0.8000
     atom=  C    l=1  rc=    1.4000  rs=    0.9333
     atom=  C    l=1  rc=    1.4000  rs=    0.9333
     projs nearly linearly dependent: l=1  n1,n2= 1, 2  s=  0.99951561

     atom=  Cl   l=0  rc=    1.6000  rs=    1.0667
     atom=  Cl   l=0  rc=    1.6000  rs=    1.0667
     atom=  Cl   l=1  rc=    1.6000  rs=    1.0667
     atom=  Cl   l=1  rc=    1.6000  rs=    1.0667
     atom=  Cl   l=2  rc=    1.6000  rs=    1.0667
     atom=  Cl   l=2  rc=    1.6000  rs=    1.0667
     projs nearly linearly dependent: l=2  n1,n2= 1, 2  s=  0.99993509

     atom=  H    l=0  rc=    1.0000  rs=    0.6667
     atom=  H    l=0  rc=    1.0000  rs=    0.6667
     projs nearly linearly dependent: l=0  n1,n2= 1, 2  s=  0.99968852
     -----------------------------------------------------------------

     GIPAW integrals: -------------------------------------------
     Atom  i/j   nmr_para   nmr_dia   epr_rmc  epr_para   epr_dia
       C   1 1   0.83E+03  0.17E-01  0.93E+01  0.24E+08  0.24E+03
       C   2 1   0.86E+03 -0.61E-01  0.94E+01  0.25E+08  0.25E+03
       C   2 2   0.90E+03 -0.15E+00  0.97E+01  0.26E+08  0.26E+03
       C   3 3   0.33E+01  0.34E+00  0.18E+01  0.55E+03  0.21E+02
       C   4 3   0.35E+01  0.37E+00  0.20E+01  0.59E+03  0.22E+02
       C   4 4   0.38E+01  0.39E+00  0.22E+01  0.63E+03  0.24E+02
       Cl  1 1   0.14E+04 -0.47E+00  0.84E+01  0.32E+09  0.42E+03
       Cl  2 1   0.21E+04 -0.37E+00  0.12E+02  0.49E+09  0.65E+03
       Cl  2 2   0.33E+04 -0.16E+00  0.21E+02  0.76E+09  0.10E+04
       Cl  3 3   0.21E+02  0.79E-01  0.89E+01  0.23E+05  0.13E+03
       Cl  4 3   0.24E+02  0.67E-01  0.99E+01  0.27E+05  0.15E+03
       Cl  4 4   0.28E+02  0.44E-01  0.11E+02  0.32E+05  0.18E+03
       Cl  5 5   0.77E+00  0.19E+00  0.18E+01  0.12E+03  0.22E+02
       Cl  6 5   0.80E+00  0.19E+00  0.19E+01  0.12E+03  0.23E+02
       Cl  6 6   0.83E+00  0.20E+00  0.19E+01  0.12E+03  0.23E+02
       H   1 1   0.39E+02  0.19E+00  0.29E+00  0.78E+05  0.13E+02
       H   2 1   0.41E+02  0.21E+00  0.32E+00  0.82E+05  0.14E+02
       H   2 2   0.43E+02  0.22E+00  0.36E+00  0.86E+05  0.15E+02
     ------------------------------------------------------------

     alpha_pv=     33.8687 eV

     Number of occupied bands for each k-point:
     k-point:     1    nbnd_occ=  42
     k-point:     2    nbnd_occ=  42
     k-point:     3    nbnd_occ=  42
     k-point:     4    nbnd_occ=  42
     k-point:     5    nbnd_occ=  42
     k-point:     6    nbnd_occ=  42
     k-point:     7    nbnd_occ=  42
     k-point:     8    nbnd_occ=  42
     k-point:     9    nbnd_occ=  42
     k-point:    10    nbnd_occ=  42
     k-point:    11    nbnd_occ=  42
     k-point:    12    nbnd_occ=  42
     k-point:    13    nbnd_occ=  42
     k-point:    14    nbnd_occ=  42
     k-point:    15    nbnd_occ=  42
     k-point:    16    nbnd_occ=  42


     q-space interpolation up to   110.00 Rydberg

     GIPAW job: efg                                                                             


     ELECTRIC FIELD GRADIENTS TENSORS IN Hartree/bohrradius^2:

     ----- bare term -----
     Cl   1       -0.074724        0.005740        0.044818
     Cl   1        0.005740        0.004388        0.143204
     Cl   1        0.044818        0.143204        0.070336

     C    2       -0.221927       -0.004272       -0.357975
     C    2       -0.004272       -0.093987       -0.545882
     C    2       -0.357975       -0.545882        0.315914

     C    3       -0.178374        0.207662       -0.314175
     C    3        0.207662       -0.210969       -0.508916
     C    3       -0.314175       -0.508916        0.389343

     H    4       -0.376729       -0.176781       -0.539958
     H    4       -0.176781        0.340085       -0.168910
     H    4       -0.539958       -0.168910        0.036645

     C    5       -0.299873        0.283619       -0.284548
     C    5        0.283619       -0.143522       -0.412843
     C    5       -0.284548       -0.412843        0.443395

     H    6        0.293160       -0.134039       -0.243807
     H    6       -0.134039       -0.241794       -0.515044
     H    6       -0.243807       -0.515044       -0.051366

     H    7        0.408127        0.023717       -0.073096
     H    7        0.023717       -0.606304        0.327359
     H    7       -0.073096        0.327359        0.198177

     C    8       -0.484620       -0.241655       -0.395084
     C    8       -0.241655        0.048918        0.331815
     C    8       -0.395084        0.331815        0.435702

     H    9       -0.419106        0.232085       -0.495747
     H    9        0.232085        0.300681        0.205696
     H    9       -0.495747        0.205696        0.118426

     C   10       -0.242087       -0.361436       -0.291534
     C   10       -0.361436       -0.216338        0.436574
     C   10       -0.291534        0.436574        0.458426

     C   11       -0.243277       -0.142376       -0.462724
     C   11       -0.142376       -0.003638        0.460038
     C   11       -0.462724        0.460038        0.246915

     Cl  12        0.023534        0.059712       -0.043588
     Cl  12        0.059712       -0.005165        0.000938
     Cl  12       -0.043588        0.000938       -0.018370

     H   13        0.454545       -0.032620        0.168418
     H   13       -0.032620       -0.060833       -0.379992
     H   13        0.168418       -0.379992       -0.393712

     C   14       -0.464660        0.321632       -0.251479
     C   14        0.321632        0.009165       -0.451664
     C   14       -0.251479       -0.451664        0.455495

     H   15       -0.466182       -0.115667       -0.484766
     H   15       -0.115667        0.297399       -0.166951
     H   15       -0.484766       -0.166951        0.168783

     C   16       -0.126733        0.329135       -0.242367
     C   16        0.329135       -0.208408       -0.590638
     C   16       -0.242367       -0.590638        0.335142

     C   17       -0.225026        0.012396       -0.378828
     C   17        0.012396       -0.079535       -0.489264
     C   17       -0.378828       -0.489264        0.304561

     Cl  18       -0.050470        0.015718       -0.070791
     Cl  18        0.015718       -0.027464       -0.068355
     Cl  18       -0.070791       -0.068355        0.077934

     H   19        0.424594        0.062888       -0.146615
     H   19        0.062888       -0.183429        0.501930
     H   19       -0.146615        0.501930       -0.241165

     C   20       -0.285397       -0.332996       -0.221702
     C   20       -0.332996       -0.182376        0.409837
     C   20       -0.221702        0.409837        0.467773

     H   21       -0.367912        0.186194       -0.545030
     H   21        0.186194        0.337036        0.177448
     H   21       -0.545030        0.177448        0.030876

     C   22       -0.349359       -0.283285       -0.307371
     C   22       -0.283285       -0.144559        0.407223
     C   22       -0.307371        0.407223        0.493918

     C   23       -0.174530       -0.217211       -0.255615
     C   23       -0.217211       -0.185128        0.464021
     C   23       -0.255615        0.464021        0.359658

     Cl  24       -0.015915        0.006993       -0.040331
     Cl  24        0.006993        0.091291        0.043731
     Cl  24       -0.040331        0.043731       -0.075376

     ----- ionic term -----
     Cl   1        0.085485       -0.190746       -0.002976
     Cl   1       -0.190746        0.044266        0.010323
     Cl   1       -0.002976        0.010323       -0.129751

     C    2        0.124549       -0.156556        0.286697
     C    2       -0.156556        0.103449        0.418021
     C    2        0.286697        0.418021       -0.227998

     C    3        0.123267       -0.193862        0.200107
     C    3       -0.193862        0.129808        0.416643
     C    3        0.200107        0.416643       -0.253074

     H    4        0.509041        0.261348        0.728945
     H    4        0.261348       -0.470200        0.244988
     H    4        0.728945        0.244988       -0.038841

     C    5        0.294315       -0.123504        0.263645
     C    5       -0.123504       -0.005900        0.339291
     C    5        0.263645        0.339291       -0.288415

     H    6       -0.505557        0.164714        0.120563
     H    6        0.164714        0.513539        0.773237
     H    6        0.120563        0.773237       -0.007982

     H    7       -0.494342       -0.080485        0.069951
     H    7       -0.080485        0.825320       -0.585441
     H    7        0.069951       -0.585441       -0.330978

     C    8        0.333393        0.250949        0.316170
     C    8        0.250949        0.069707       -0.223595
     C    8        0.316170       -0.223595       -0.403100

     H    9        0.694111       -0.333702        0.599450
     H    9       -0.333702       -0.412238       -0.221775
     H    9        0.599450       -0.221775       -0.281873

     C   10        0.230895        0.263514        0.219046
     C   10        0.263514        0.128267       -0.290564
     C   10        0.219046       -0.290564       -0.359162

     C   11        0.227860        0.181002        0.279661
     C   11        0.181002        0.019784       -0.336817
     C   11        0.279661       -0.336817       -0.247644

     Cl  12        0.158806        0.184339       -0.001889
     Cl  12        0.184339       -0.029134       -0.008428
     Cl  12       -0.001889       -0.008428       -0.129672

     H   13       -0.515791       -0.048237       -0.001251
     H   13       -0.048237        0.512817        0.774862
     H   13       -0.001251        0.774862        0.002973

     C   14        0.282015       -0.291781        0.231563
     C   14       -0.291781       -0.005789        0.329476
     C   14        0.231563        0.329476       -0.276226

     H   15        0.714427        0.337825        0.582323
     H   15        0.337825       -0.436090        0.241154
     H   15        0.582323        0.241154       -0.278337

     C   16        0.180079       -0.280490        0.131180
     C   16       -0.280490        0.103268        0.450104
     C   16        0.131180        0.450104       -0.283347

     C   17        0.220438       -0.151938        0.234608
     C   17       -0.151938        0.012715        0.465848
     C   17        0.234608        0.465848       -0.233153

     Cl  18        0.149065       -0.201254       -0.009560
     Cl  18       -0.201254       -0.016308        0.012664
     Cl  18       -0.009560        0.012664       -0.132757

     H   19       -0.526680       -0.049109        0.048974
     H   19       -0.049109        0.486753       -0.781170
     H   19        0.048974       -0.781170        0.039928

     C   20        0.262552        0.271037        0.310277
     C   20        0.271037        0.011010       -0.282333
     C   20        0.310277       -0.282333       -0.273562

     H   21        0.661753       -0.303236        0.635298
     H   21       -0.303236       -0.434499       -0.226644
     H   21        0.635298       -0.226644       -0.227255

     C   22        0.187150        0.312771        0.189297
     C   22        0.312771        0.141079       -0.334323
     C   22        0.189297       -0.334323       -0.328229

     C   23        0.202739        0.246738        0.254205
     C   23        0.246738        0.098457       -0.345410
     C   23        0.254205       -0.345410       -0.301196

     Cl  24        0.109615        0.225772        0.013481
     Cl  24        0.225772        0.044580        0.003683
     Cl  24        0.013481        0.003683       -0.154194

     ----- GIPAW term -----
     Cl   1        0.469884       -1.874451        0.324233
     Cl   1       -1.874451        0.188244        1.337869
     Cl   1        0.324233        1.337869       -0.658127

     C    2        0.020719       -0.138270       -0.067536
     C    2       -0.138270       -0.017471       -0.111426
     C    2       -0.067536       -0.111426       -0.003248

     C    3       -0.029185        0.018932       -0.095758
     C    3        0.018932       -0.028408       -0.085945
     C    3       -0.095758       -0.085945        0.057593

     H    4       -0.000000        0.000000        0.000000
     H    4        0.000000        0.000000        0.000000
     H    4        0.000000        0.000000        0.000000

     C    5       -0.021953        0.057359       -0.030650
     C    5        0.057359       -0.054180       -0.084993
     C    5       -0.030650       -0.084993        0.076133

     H    6       -0.000000        0.000000        0.000000
     H    6        0.000000        0.000000        0.000000
     H    6        0.000000        0.000000        0.000000

     H    7       -0.000000        0.000000        0.000000
     H    7        0.000000        0.000000        0.000000
     H    7        0.000000        0.000000        0.000000

     C    8       -0.071170       -0.056031       -0.051190
     C    8       -0.056031        0.008090        0.045029
     C    8       -0.051190        0.045029        0.063080

     H    9       -0.000000        0.000000        0.000000
     H    9        0.000000        0.000000        0.000000
     H    9        0.000000        0.000000        0.000000

     C   10       -0.061029       -0.056243       -0.107291
     C   10       -0.056243       -0.049325        0.071438
     C   10       -0.107291        0.071438        0.110354

     C   11        0.023078        0.033661       -0.112852
     C   11        0.033661        0.059300        0.110826
     C   11       -0.112852        0.110826       -0.082378

     Cl  12        1.556970        2.594262       -0.357661
     Cl  12        2.594262        0.024251        0.011034
     Cl  12       -0.357661        0.011034       -1.581221

     H   13       -0.000000        0.000000        0.000000
     H   13        0.000000        0.000000        0.000000
     H   13        0.000000        0.000000        0.000000

     C   14       -0.139686        0.055315       -0.035020
     C   14        0.055315        0.005363       -0.195698
     C   14       -0.035020       -0.195698        0.134323

     H   15       -0.000000        0.000000        0.000000
     H   15        0.000000        0.000000        0.000000
     H   15        0.000000        0.000000        0.000000

     C   16       -0.066089        0.082621       -0.076518
     C   16        0.082621        0.025788       -0.157312
     C   16       -0.076518       -0.157312        0.040302

     C   17        0.039852       -0.136148       -0.061187
     C   17       -0.136148       -0.008897       -0.070187
     C   17       -0.061187       -0.070187       -0.030955

     Cl  18        1.016628       -2.075505       -0.630040
     Cl  18       -2.075505       -0.184729       -0.542643
     Cl  18       -0.630040       -0.542643       -0.831898

     H   19       -0.000000        0.000000        0.000000
     H   19        0.000000        0.000000        0.000000
     H   19        0.000000        0.000000        0.000000

     C   20       -0.015042       -0.062458        0.004455
     C   20       -0.062458       -0.078960        0.086067
     C   20        0.004455        0.086067        0.094002

     H   21       -0.000000        0.000000        0.000000
     H   21        0.000000        0.000000        0.000000
     H   21        0.000000        0.000000        0.000000

     C   22       -0.129872       -0.030925       -0.081922
     C   22       -0.030925       -0.039850        0.061734
     C   22       -0.081922        0.061734        0.169722

     C   23        0.086582        0.112398       -0.024838
     C   23        0.112398       -0.039974        0.076963
     C   23       -0.024838        0.076963       -0.046608

     Cl  24        1.098367        2.098960       -0.265660
     Cl  24        2.098960        0.913329        0.400918
     Cl  24       -0.265660        0.400918       -2.011696

     ----- total EFG -----
     Cl   1        0.480645       -2.059458        0.366075
     Cl   1       -2.059458        0.236897        1.491396
     Cl   1        0.366075        1.491396       -0.717542

     C    2       -0.076659       -0.299098       -0.138814
     C    2       -0.299098       -0.008008       -0.239287
     C    2       -0.138814       -0.239287        0.084668

     C    3       -0.084291        0.032732       -0.209827
     C    3        0.032732       -0.109570       -0.178219
     C    3       -0.209827       -0.178219        0.193861

     H    4        0.132312        0.084567        0.188988
     H    4        0.084567       -0.130115        0.076077
     H    4        0.188988        0.076077       -0.002196

     C    5       -0.027511        0.217474       -0.051552
     C    5        0.217474       -0.203602       -0.158545
     C    5       -0.051552       -0.158545        0.231113

     H    6       -0.212397        0.030675       -0.123243
     H    6        0.030675        0.271745        0.258193
     H    6       -0.123243        0.258193       -0.059349

     H    7       -0.086215       -0.056768       -0.003145
     H    7       -0.056768        0.219016       -0.258081
     H    7       -0.003145       -0.258081       -0.132801

     C    8       -0.222397       -0.046737       -0.130104
     C    8       -0.046737        0.126715        0.153249
     C    8       -0.130104        0.153249        0.095682

     H    9        0.275005       -0.101617        0.103703
     H    9       -0.101617       -0.111557       -0.016079
     H    9        0.103703       -0.016079       -0.163448

     C   10       -0.072221       -0.154164       -0.179779
     C   10       -0.154164       -0.137397        0.217448
     C   10       -0.179779        0.217448        0.209618

     C   11        0.007661        0.072287       -0.295915
     C   11        0.072287        0.075446        0.234047
     C   11       -0.295915        0.234047       -0.083106

     Cl  12        1.739310        2.838313       -0.403138
     Cl  12        2.838313       -0.010047        0.003544
     Cl  12       -0.403138        0.003544       -1.729263

     H   13       -0.061246       -0.080857        0.167167
     H   13       -0.080857        0.451985        0.394870
     H   13        0.167167        0.394870       -0.390739

     C   14       -0.322331        0.085167       -0.054936
     C   14        0.085167        0.008739       -0.317887
     C   14       -0.054936       -0.317887        0.313592

     H   15        0.248245        0.222158        0.097557
     H   15        0.222158       -0.138692        0.074203
     H   15        0.097557        0.074203       -0.109554

     C   16       -0.012744        0.131267       -0.187705
     C   16        0.131267       -0.079353       -0.297846
     C   16       -0.187705       -0.297846        0.092097

     C   17        0.035263       -0.275690       -0.205408
     C   17       -0.275690       -0.075717       -0.093603
     C   17       -0.205408       -0.093603        0.040454

     Cl  18        1.115223       -2.261041       -0.710391
     Cl  18       -2.261041       -0.228501       -0.598334
     Cl  18       -0.710391       -0.598334       -0.886722

     H   19       -0.102086        0.013780       -0.097641
     H   19        0.013780        0.303324       -0.279240
     H   19       -0.097641       -0.279240       -0.201238

     C   20       -0.037888       -0.124418        0.093031
     C   20       -0.124418       -0.250326        0.213571
     C   20        0.093031        0.213571        0.288214

     H   21        0.293841       -0.117042        0.090268
     H   21       -0.117042       -0.097463       -0.049196
     H   21        0.090268       -0.049196       -0.196379

     C   22       -0.292081       -0.001439       -0.199996
     C   22       -0.001439       -0.043330        0.134634
     C   22       -0.199996        0.134634        0.335411

     C   23        0.114791        0.141924       -0.026247
     C   23        0.141924       -0.126645        0.195574
     C   23       -0.026247        0.195574        0.011854

     Cl  24        1.192067        2.331725       -0.292509
     Cl  24        2.331725        1.049200        0.448332
     Cl  24       -0.292509        0.448332       -2.241266

     ----- total EFG (symmetrized) -----
     Cl   1        0.480645       -2.059458        0.366075
     Cl   1       -2.059458        0.236897        1.491396
     Cl   1        0.366075        1.491396       -0.717542

     C    2       -0.076659       -0.299098       -0.138814
     C    2       -0.299098       -0.008008       -0.239287
     C    2       -0.138814       -0.239287        0.084668

     C    3       -0.084291        0.032732       -0.209827
     C    3        0.032732       -0.109570       -0.178219
     C    3       -0.209827       -0.178219        0.193861

     H    4        0.132312        0.084567        0.188988
     H    4        0.084567       -0.130115        0.076077
     H    4        0.188988        0.076077       -0.002196

     C    5       -0.027511        0.217474       -0.051552
     C    5        0.217474       -0.203602       -0.158545
     C    5       -0.051552       -0.158545        0.231113

     H    6       -0.212397        0.030675       -0.123243
     H    6        0.030675        0.271745        0.258193
     H    6       -0.123243        0.258193       -0.059349

     H    7       -0.086215       -0.056768       -0.003145
     H    7       -0.056768        0.219016       -0.258081
     H    7       -0.003145       -0.258081       -0.132801

     C    8       -0.222397       -0.046737       -0.130104
     C    8       -0.046737        0.126715        0.153249
     C    8       -0.130104        0.153249        0.095682

     H    9        0.275005       -0.101617        0.103703
     H    9       -0.101617       -0.111557       -0.016079
     H    9        0.103703       -0.016079       -0.163448

     C   10       -0.072221       -0.154164       -0.179779
     C   10       -0.154164       -0.137397        0.217448
     C   10       -0.179779        0.217448        0.209618

     C   11        0.007661        0.072287       -0.295915
     C   11        0.072287        0.075446        0.234047
     C   11       -0.295915        0.234047       -0.083106

     Cl  12        1.739310        2.838313       -0.403138
     Cl  12        2.838313       -0.010047        0.003544
     Cl  12       -0.403138        0.003544       -1.729263

     H   13       -0.061246       -0.080857        0.167167
     H   13       -0.080857        0.451985        0.394870
     H   13        0.167167        0.394870       -0.390739

     C   14       -0.322331        0.085167       -0.054936
     C   14        0.085167        0.008739       -0.317887
     C   14       -0.054936       -0.317887        0.313592

     H   15        0.248245        0.222158        0.097557
     H   15        0.222158       -0.138692        0.074203
     H   15        0.097557        0.074203       -0.109554

     C   16       -0.012744        0.131267       -0.187705
     C   16        0.131267       -0.079353       -0.297846
     C   16       -0.187705       -0.297846        0.092097

     C   17        0.035263       -0.275690       -0.205408
     C   17       -0.275690       -0.075717       -0.093603
     C   17       -0.205408       -0.093603        0.040454

     Cl  18        1.115223       -2.261041       -0.710391
     Cl  18       -2.261041       -0.228501       -0.598334
     Cl  18       -0.710391       -0.598334       -0.886722

     H   19       -0.102086        0.013780       -0.097641
     H   19        0.013780        0.303324       -0.279240
     H   19       -0.097641       -0.279240       -0.201238

     C   20       -0.037888       -0.124418        0.093031
     C   20       -0.124418       -0.250326        0.213571
     C   20        0.093031        0.213571        0.288214

     H   21        0.293841       -0.117042        0.090268
     H   21       -0.117042       -0.097463       -0.049196
     H   21        0.090268       -0.049196       -0.196379

     C   22       -0.292081       -0.001439       -0.199996
     C   22       -0.001439       -0.043330        0.134634
     C   22       -0.199996        0.134634        0.335411

     C   23        0.114791        0.141924       -0.026247
     C   23        0.141924       -0.126645        0.195574
     C   23       -0.026247        0.195574        0.011854

     Cl  24        1.192067        2.331725       -0.292509
     Cl  24        2.331725        1.049200        0.448332
     Cl  24       -0.292509        0.448332       -2.241266


     NQR/NMR SPECTROSCOPIC PARAMETERS:
     Cl   1    Vxx=    0.0554    axis=(  0.581553  0.257253  0.771762)
     Cl   1    Vyy=    2.6177    axis=( -0.649358  0.718251  0.249900)
     Cl   1    Vzz=   -2.6732    axis=( -0.490031 -0.646480  0.584750)
     Cl   1  Q=        -8.1650 1e-30 m^2  Cq=        51.2832 MHz  eta= 0.95852

     C    2    Vxx=    0.1533    axis=(  0.672794 -0.184809 -0.716375)
     C    2    Vyy=    0.3169    axis=(  0.376077 -0.748430  0.546277)
     C    2    Vzz=   -0.4702    axis=(  0.637114  0.636944  0.434037)
     C    2  Q=         1.0000 1e-30 m^2  Cq=        -1.1049 MHz  eta= 0.34797

     C    3    Vxx=   -0.1310    axis=(  0.679418 -0.732828  0.036809)
     C    3    Vyy=   -0.2384    axis=(  0.605331  0.588152  0.536331)
     C    3    Vzz=    0.3694    axis=( -0.414688 -0.342112  0.843204)
     C    3  Q=         1.0000 1e-30 m^2  Cq=         0.8679 MHz  eta= 0.29086

     H    4    Vxx=   -0.1300    axis=( -0.618224  0.380342  0.687851)
     H    4    Vyy=   -0.1657    axis=(  0.037856  0.888519 -0.457276)
     H    4    Vzz=    0.2957    axis=( -0.785090 -0.256660 -0.563702)
     H    4  Q=         1.0000 1e-30 m^2  Cq=         0.6947 MHz  eta= 0.12067

     C    5    Vxx=    0.0400    axis=(  0.779112  0.362918  0.511151)
     C    5    Vyy=    0.3289    axis=( -0.365439 -0.399574  0.840711)
     C    5    Vzz=   -0.3688    axis=(  0.509352 -0.841802 -0.178689)
     C    5  Q=         1.0000 1e-30 m^2  Cq=        -0.8666 MHz  eta= 0.78328

     H    6    Vxx=   -0.0844    axis=(  0.686061  0.387339 -0.615864)
     H    6    Vyy=   -0.3302    axis=( -0.725583  0.302168 -0.618242)
     H    6    Vzz=    0.4146    axis=(  0.053375 -0.871013 -0.488353)
     H    6  Q=         1.0000 1e-30 m^2  Cq=         0.9742 MHz  eta= 0.59267

     H    7    Vxx=   -0.0869    axis=(  0.981541  0.021854 -0.190001)
     H    7    Vyy=   -0.2739    axis=(  0.157374  0.472238  0.867309)
     H    7    Vzz=    0.3608    axis=(  0.108679 -0.881200  0.460081)
     H    7  Q=         1.0000 1e-30 m^2  Cq=         0.8476 MHz  eta= 0.51841

     C    8    Vxx=   -0.0257    axis=( -0.252952 -0.723474  0.642340)
     C    8    Vyy=   -0.2690    axis=( -0.938592  0.022480 -0.344295)
     C    8    Vzz=    0.2947    axis=(  0.234649 -0.689986 -0.684733)
     C    8  Q=         1.0000 1e-30 m^2  Cq=         0.6924 MHz  eta= 0.82565

     H    9    Vxx=   -0.1350    axis=(  0.196305  0.965684  0.170053)
     H    9    Vyy=   -0.1875    axis=( -0.242271 -0.120283  0.962724)
     H    9    Vzz=    0.3226    axis=(  0.950142 -0.230187  0.210345)
     H    9  Q=         1.0000 1e-30 m^2  Cq=         0.7579 MHz  eta= 0.16272

     C   10    Vxx=   -0.1468    axis=( -0.777212  0.280632 -0.563194)
     C   10    Vyy=   -0.2747    axis=( -0.464821 -0.859338  0.213260)
     C   10    Vzz=    0.4216    axis=( -0.424126  0.427533  0.798331)
     C   10  Q=         1.0000 1e-30 m^2  Cq=         0.9905 MHz  eta= 0.30343

     C   11    Vxx=    0.1192    axis=( -0.642453 -0.764314  0.055486)
     C   11    Vyy=    0.3189    axis=(  0.533842 -0.498320 -0.683147)
     C   11    Vzz=   -0.4381    axis=(  0.549789 -0.409269  0.728170)
     C   11  Q=         1.0000 1e-30 m^2  Cq=        -1.0293 MHz  eta= 0.45573

     Cl  12    Vxx=   -1.6259    axis=( -0.225150  0.393540  0.891310)
     Cl  12    Vyy=   -2.2274    axis=(  0.549523 -0.704124  0.449705)
     Cl  12    Vzz=    3.8533    axis=( -0.804569 -0.591047  0.057726)
     Cl  12  Q=        -8.1650 1e-30 m^2  Cq=       -73.9235 MHz  eta= 0.15612

     H   13    Vxx=    0.0010    axis=(  0.947130 -0.097766  0.305593)
     H   13    Vyy=    0.6084    axis=( -0.021459  0.931011  0.364360)
     H   13    Vzz=   -0.6094    axis=( -0.320132 -0.351654  0.879690)
     H   13  Q=         1.0000 1e-30 m^2  Cq=        -1.4319 MHz  eta= 0.99660

     C   14    Vxx=   -0.1796    axis=(  0.266124  0.796425  0.543034)
     C   14    Vyy=   -0.3442    axis=( -0.957839  0.281760  0.056173)
     C   14    Vzz=    0.5237    axis=( -0.108267 -0.535088  0.837830)
     C   14  Q=         1.0000 1e-30 m^2  Cq=         1.2305 MHz  eta= 0.31432

     H   15    Vxx=   -0.1324    axis=( -0.311463  0.119646  0.942696)
     H   15    Vyy=   -0.2463    axis=( -0.359720  0.903369 -0.233505)
     H   15    Vzz=    0.3787    axis=( -0.879541 -0.411835 -0.238327)
     H   15  Q=         1.0000 1e-30 m^2  Cq=         0.8898 MHz  eta= 0.30094

     C   16    Vxx=   -0.1298    axis=( -0.888969  0.307091 -0.339748)
     C   16    Vyy=   -0.3039    axis=( -0.038757 -0.789647 -0.612336)
     C   16    Vzz=    0.4337    axis=( -0.456324 -0.531180  0.713874)
     C   16  Q=         1.0000 1e-30 m^2  Cq=         1.0190 MHz  eta= 0.40131

     C   17    Vxx=    0.0883    axis=(  0.092432 -0.606273  0.789866)
     C   17    Vyy=    0.3100    axis=(  0.778603 -0.450464 -0.436874)
     C   17    Vzz=   -0.3983    axis=(  0.620672  0.655374  0.430409)
     C   17  Q=         1.0000 1e-30 m^2  Cq=        -0.9358 MHz  eta= 0.55678

     Cl  18    Vxx=   -0.3712    axis=( -0.255658 -0.438736  0.861481)
     Cl  18    Vyy=   -2.4436    axis=(  0.532550  0.679796  0.504250)
     Cl  18    Vzz=    2.8148    axis=( -0.806864  0.587697  0.059854)
     Cl  18  Q=        -8.1650 1e-30 m^2  Cq=       -54.0005 MHz  eta= 0.73626

     H   19    Vxx=   -0.0791    axis=(  0.942379 -0.218783 -0.253094)
     H   19    Vyy=   -0.3535    axis=(  0.319590  0.365043  0.874417)
     H   19    Vzz=    0.4326    axis=( -0.098917 -0.904918  0.413930)
     H   19  Q=         1.0000 1e-30 m^2  Cq=         1.0163 MHz  eta= 0.63445

     C   20    Vxx=    0.0194    axis=(  0.911409 -0.411344  0.011393)
     C   20    Vyy=    0.3685    axis=( -0.124174 -0.301315 -0.945405)
     C   20    Vzz=   -0.3879    axis=(  0.392320  0.860236 -0.325699)
     C   20  Q=         1.0000 1e-30 m^2  Cq=        -0.9115 MHz  eta= 0.89984

     H   21    Vxx=   -0.1240    axis=(  0.309502  0.920230 -0.239551)
     H   21    Vyy=   -0.2207    axis=( -0.102950  0.282868  0.953618)
     H   21    Vzz=    0.3447    axis=(  0.945309 -0.270485  0.182286)
     H   21  Q=         1.0000 1e-30 m^2  Cq=         0.8100 MHz  eta= 0.28049

     C   22    Vxx=   -0.0745    axis=(  0.194895  0.956073 -0.218954)
     C   22    Vyy=   -0.3550    axis=( -0.946273  0.124555 -0.298419)
     C   22    Vzz=    0.4294    axis=( -0.258038  0.265350  0.928981)
     C   22  Q=         1.0000 1e-30 m^2  Cq=         1.0090 MHz  eta= 0.65322

     C   23    Vxx=    0.0955    axis=( -0.651102  0.222818  0.725547)
     C   23    Vyy=    0.2110    axis=( -0.696291 -0.555805 -0.454159)
     C   23    Vzz=   -0.3064    axis=(  0.302067 -0.800895  0.517032)
     C   23  Q=         1.0000 1e-30 m^2  Cq=        -0.7200 MHz  eta= 0.37689

     Cl  24    Vxx=   -0.9916    axis=( -0.648304  0.655695  0.386997)
     Cl  24    Vyy=   -2.4637    axis=(  0.258068 -0.288956  0.921903)
     Cl  24    Vzz=    3.4553    axis=( -0.716312 -0.697545 -0.018117)
     Cl  24  Q=        -8.1650 1e-30 m^2  Cq=       -66.2882 MHz  eta= 0.42602

     Initialization:
     gipaw_setup  :      9.35s CPU     10.84s WALL (       1 calls)

     Linear response

     Apply operators

     Induced current

     Other routines
     efg          :      9.16s CPU     11.58s WALL (       1 calls)

     General routines
     calbec       :      3.20s CPU      4.23s WALL (      16 calls)
     fft          :      1.55s CPU      2.02s WALL (      15 calls)
     ffts         :      0.03s CPU      0.04s WALL (       2 calls)
     fftw         :      3.25s CPU      3.93s WALL (     672 calls)
     davcio       :      0.04s CPU      0.33s WALL (      32 calls)

     Parallel routines
     fft_scatter  :      2.19s CPU      3.15s WALL (     689 calls)

     Plugins

     GIPAW        :     62.54s CPU     72.85s WALL (       1 calls)
