
     Program QE v.6.0 (svn rev. 13079) starts on  8Jan2017 at  1: 9:43 

     This program is part of the open-source Quantum ESPRESSO suite
     for quantum simulation of materials; please cite
         "P. Giannozzi et al., J. Phys.:Condens. Matter 21 395502 (2009);
          URL http://www.quantum-espresso.org", 
     in publications or presentations arising from this work. More details at
     http://www.quantum-espresso.org/quote

     Parallel version (MPI), running on     8 processors
     R & G space division:  proc/nbgrp/npool/nimage =       8

     ***** This is GIPAW svn revision unknown      *****

     Parallelizing q-star over 1 images

     Reading data from directory:
     /users/majewski/paradichlorobenzene/pbe/9_constraint/scratch/pbe.ecut100.np8.dt60.pcl2phi-129368.save
     Message from routine read_xml_file:
     file /users/majewski/paradichlorobenzene/pbe/9_constraint/scratch/pbe.ecut100.np8.dt60.pcl2phi-129368.save not guaranteed to be safe for post-processing

   Info: using nr1, nr2, nr3 values from input

   Info: using nr1, nr2, nr3 values from input

     IMPORTANT: XC functional enforced from input :
     Exchange-correlation      =  SLA  PW   PBX  PBC ( 1  4  3  4 0 0)
     Any further DFT definition will be discarded
     Please, verify this is what you really want

               file C.pbe-n-kjpaw_psl.1.0.0.UPF: wavefunction(s)  2S 2P renormalized
               file Cl.pbe-n-kjpaw_psl.1.0.0.UPF: wavefunction(s)  3S 3P renormalized
               file H.pbe-kjpaw_psl.1.0.0.UPF: wavefunction(s)  1S renormalized

     Parallelization info
     --------------------
     sticks:   dense  smooth     PW     G-vecs:    dense   smooth      PW
     Min        3057    1223    332               144436    36536    5170
     Max        3059    1225    333               144437    36537    5171
     Sum       24467    9791   2657              1155489   292295   41363


     Subspace diagonalization in iterative solution of the eigenvalue problem:
     a serial algorithm will be used

     GIPAW projectors -----------------------------------------------
     atom=  C    l=0  rc=    1.2000  rs=    0.8000
     atom=  C    l=0  rc=    1.2000  rs=    0.8000
     atom=  C    l=1  rc=    1.4000  rs=    0.9333
     atom=  C    l=1  rc=    1.4000  rs=    0.9333
     projs nearly linearly dependent: l=1  n1,n2= 1, 2  s=  0.99951561

     atom=  Cl   l=0  rc=    1.6000  rs=    1.0667
     atom=  Cl   l=0  rc=    1.6000  rs=    1.0667
     atom=  Cl   l=1  rc=    1.6000  rs=    1.0667
     atom=  Cl   l=1  rc=    1.6000  rs=    1.0667
     atom=  Cl   l=2  rc=    1.6000  rs=    1.0667
     atom=  Cl   l=2  rc=    1.6000  rs=    1.0667
     projs nearly linearly dependent: l=2  n1,n2= 1, 2  s=  0.99993509

     atom=  H    l=0  rc=    1.0000  rs=    0.6667
     atom=  H    l=0  rc=    1.0000  rs=    0.6667
     projs nearly linearly dependent: l=0  n1,n2= 1, 2  s=  0.99968852
     -----------------------------------------------------------------

     GIPAW integrals: -------------------------------------------
     Atom  i/j   nmr_para   nmr_dia   epr_rmc  epr_para   epr_dia
       C   1 1   0.83E+03  0.17E-01  0.93E+01  0.24E+08  0.24E+03
       C   2 1   0.86E+03 -0.61E-01  0.94E+01  0.25E+08  0.25E+03
       C   2 2   0.90E+03 -0.15E+00  0.97E+01  0.26E+08  0.26E+03
       C   3 3   0.33E+01  0.34E+00  0.18E+01  0.55E+03  0.21E+02
       C   4 3   0.35E+01  0.37E+00  0.20E+01  0.59E+03  0.22E+02
       C   4 4   0.38E+01  0.39E+00  0.22E+01  0.63E+03  0.24E+02
       Cl  1 1   0.14E+04 -0.47E+00  0.84E+01  0.32E+09  0.42E+03
       Cl  2 1   0.21E+04 -0.37E+00  0.12E+02  0.49E+09  0.65E+03
       Cl  2 2   0.33E+04 -0.16E+00  0.21E+02  0.76E+09  0.10E+04
       Cl  3 3   0.21E+02  0.79E-01  0.89E+01  0.23E+05  0.13E+03
       Cl  4 3   0.24E+02  0.67E-01  0.99E+01  0.27E+05  0.15E+03
       Cl  4 4   0.28E+02  0.44E-01  0.11E+02  0.32E+05  0.18E+03
       Cl  5 5   0.77E+00  0.19E+00  0.18E+01  0.12E+03  0.22E+02
       Cl  6 5   0.80E+00  0.19E+00  0.19E+01  0.12E+03  0.23E+02
       Cl  6 6   0.83E+00  0.20E+00  0.19E+01  0.12E+03  0.23E+02
       H   1 1   0.39E+02  0.19E+00  0.29E+00  0.78E+05  0.13E+02
       H   2 1   0.41E+02  0.21E+00  0.32E+00  0.82E+05  0.14E+02
       H   2 2   0.43E+02  0.22E+00  0.36E+00  0.86E+05  0.15E+02
     ------------------------------------------------------------

     alpha_pv=     34.4923 eV

     Number of occupied bands for each k-point:
     k-point:     1    nbnd_occ=  42
     k-point:     2    nbnd_occ=  42
     k-point:     3    nbnd_occ=  42
     k-point:     4    nbnd_occ=  42
     k-point:     5    nbnd_occ=  42
     k-point:     6    nbnd_occ=  42
     k-point:     7    nbnd_occ=  42
     k-point:     8    nbnd_occ=  42
     k-point:     9    nbnd_occ=  42
     k-point:    10    nbnd_occ=  42
     k-point:    11    nbnd_occ=  42
     k-point:    12    nbnd_occ=  42
     k-point:    13    nbnd_occ=  42
     k-point:    14    nbnd_occ=  42
     k-point:    15    nbnd_occ=  42
     k-point:    16    nbnd_occ=  42


     q-space interpolation up to   110.00 Rydberg

     GIPAW job: efg                                                                             


     ELECTRIC FIELD GRADIENTS TENSORS IN Hartree/bohrradius^2:

     ----- bare term -----
     Cl   1       -0.107756        0.241022        0.028634
     Cl   1        0.241022       -0.101925        0.088341
     Cl   1        0.028634        0.088341        0.209681

     C    2        0.065435       -0.111293       -0.260491
     C    2       -0.111293       -0.032626       -0.535484
     C    2       -0.260491       -0.535484       -0.032809

     C    3       -0.272492        0.218133        0.124266
     C    3        0.218133       -0.044163        0.005597
     C    3        0.124266        0.005597        0.316654

     H    4       -0.115999       -0.422561       -0.038363
     H    4       -0.422561       -0.257511        0.160325
     H    4       -0.038363        0.160325        0.373510

     C    5       -0.166864       -0.335524       -0.367545
     C    5       -0.335524       -0.008513       -0.554231
     C    5       -0.367545       -0.554231        0.175377

     H    6        0.408096        0.125879       -0.051742
     H    6        0.125879       -0.748954       -0.214539
     H    6       -0.051742       -0.214539        0.340857

     H    7        0.144560        0.070332        0.369464
     H    7        0.070332        0.035815        0.355110
     H    7        0.369464        0.355110       -0.180375

     C    8       -0.333406       -0.073239       -0.301991
     C    8       -0.073239        0.284262       -0.048160
     C    8       -0.301991       -0.048160        0.049144

     H    9        0.171888        0.068403       -0.182982
     H    9        0.068403        0.397839       -0.139500
     H    9       -0.182982       -0.139500       -0.569727

     C   10        0.131952       -0.232204        0.120923
     C   10       -0.232204       -0.160890        0.078203
     C   10        0.120923        0.078203        0.028938

     C   11       -0.261853       -0.265435       -0.361388
     C   11       -0.265435       -0.012696        0.329333
     C   11       -0.361388        0.329333        0.274549

     Cl  12       -0.077683       -0.021082       -0.054745
     Cl  12       -0.021082       -0.060182        0.028071
     Cl  12       -0.054745        0.028071        0.137866

     H   13        0.404903       -0.057899       -0.067117
     H   13       -0.057899       -0.565567       -0.577520
     H   13       -0.067117       -0.577520        0.160665

     C   14       -0.690278        0.307124       -0.295947
     C   14        0.307124        0.299380       -0.171212
     C   14       -0.295947       -0.171212        0.390898

     H   15       -0.417192       -0.502700        0.054648
     H   15       -0.502700        0.163378        0.113767
     H   15        0.054648        0.113767        0.253814

     C   16        0.005728        0.010516       -0.433753
     C   16        0.010516       -0.373776       -0.488076
     C   16       -0.433753       -0.488076        0.368049

     C   17       -0.208224        0.401685       -0.306963
     C   17        0.401685       -0.206559       -0.280614
     C   17       -0.306963       -0.280614        0.414783

     Cl  18       -0.045946       -0.006080        0.091614
     Cl  18       -0.006080        0.081928       -0.035198
     Cl  18        0.091614       -0.035198       -0.035983

     H   19        0.196284       -0.268201        0.183314
     H   19       -0.268201       -0.337606        0.535359
     H   19        0.183314        0.535359        0.141323

     C   20       -0.139816        0.203114       -0.441754
     C   20        0.203114       -0.055351        0.445545
     C   20       -0.441754        0.445545        0.195168

     H   21        0.119256        0.072809       -0.221363
     H   21        0.072809        0.479354        0.169025
     H   21       -0.221363        0.169025       -0.598609

     C   22       -0.612362       -0.345150       -0.416184
     C   22       -0.345150        0.125848        0.000319
     C   22       -0.416184        0.000319        0.486514

     C   23        0.071453       -0.481784        0.063182
     C   23       -0.481784       -0.359637        0.412289
     C   23        0.063182        0.412289        0.288184

     Cl  24        0.022770       -0.051551       -0.131516
     Cl  24       -0.051551        0.052097        0.151976
     Cl  24       -0.131516        0.151976       -0.074867

     ----- ionic term -----
     Cl   1        0.160952       -0.185048        0.005567
     Cl   1       -0.185048       -0.004563        0.003925
     Cl   1        0.005567        0.003925       -0.156390

     C    2        0.281505       -0.075710        0.150726
     C    2       -0.075710        0.159118        0.381971
     C    2        0.150726        0.381971       -0.440622

     C    3        0.240247       -0.115257        0.057522
     C    3       -0.115257        0.162963        0.411173
     C    3        0.057522        0.411173       -0.403211

     H    4        0.651891        0.483041        0.510299
     H    4        0.483041       -0.303320        0.271464
     H    4        0.510299        0.271464       -0.348571

     C    5        0.414928       -0.037598        0.088629
     C    5       -0.037598       -0.008116        0.336761
     C    5        0.088629        0.336761       -0.406812

     H    6       -0.490329        0.122684        0.061155
     H    6        0.122684        0.613502        0.719548
     H    6        0.061155        0.719548       -0.123173

     H    7       -0.533261       -0.003291        0.034400
     H    7       -0.003291        0.681012       -0.701077
     H    7        0.034400       -0.701077       -0.147751

     C    8        0.186526        0.319037        0.346434
     C    8        0.319037       -0.028033       -0.221652
     C    8        0.346434       -0.221652       -0.158493

     H    9        0.284930       -0.210264        0.771635
     H    9       -0.210264       -0.447933       -0.276842
     H    9        0.771635       -0.276842        0.163003

     C   10        0.130577        0.383833        0.224619
     C   10        0.383833        0.051609       -0.334165
     C   10        0.224619       -0.334165       -0.182186

     C   11        0.128058        0.310447        0.309013
     C   11        0.310447       -0.044539       -0.363678
     C   11        0.309013       -0.363678       -0.083519

     Cl  12        0.201321        0.232664        0.049020
     Cl  12        0.232664       -0.060879        0.020088
     Cl  12        0.049020        0.020088       -0.140442

     H   13       -0.507678       -0.037597       -0.016752
     H   13       -0.037597        0.841082        0.594352
     H   13       -0.016752        0.594352       -0.333405

     C   14        0.439359       -0.133930        0.071896
     C   14       -0.133930        0.038747        0.311949
     C   14        0.071896        0.311949       -0.478106

     H   15        0.577616        0.601427        0.425095
     H   15        0.601427       -0.218791        0.300945
     H   15        0.425095        0.300945       -0.358825

     C   16        0.257378       -0.153173        0.014151
     C   16       -0.153173        0.158867        0.424895
     C   16        0.014151        0.424895       -0.416244

     C   17        0.280153       -0.117408        0.040477
     C   17       -0.117408        0.133541        0.429388
     C   17        0.040477        0.429388       -0.413695

     Cl  18        0.155776       -0.231756       -0.061052
     Cl  18       -0.231756       -0.016810        0.028156
     Cl  18       -0.061052        0.028156       -0.138967

     H   19       -0.524471        0.090060       -0.039892
     H   19        0.090060        0.582684       -0.733428
     H   19       -0.039892       -0.733428       -0.058213

     C   20        0.139490        0.285316        0.339990
     C   20        0.285316       -0.031215       -0.262798
     C   20        0.339990       -0.262798       -0.108275

     H   21        0.128634       -0.058749        0.769183
     H   21       -0.058749       -0.530603       -0.163333
     H   21        0.769183       -0.163333        0.401969

     C   22        0.060897        0.410608        0.210291
     C   22        0.410608        0.066892       -0.312858
     C   22        0.210291       -0.312858       -0.127789

     C   23        0.099187        0.369754        0.314356
     C   23        0.369754        0.012922       -0.297245
     C   23        0.314356       -0.297245       -0.112109

     Cl  24        0.139231        0.227971        0.065635
     Cl  24        0.227971        0.003072        0.043862
     Cl  24        0.065635        0.043862       -0.142302

     ----- GIPAW term -----
     Cl   1       -0.901246        0.268782       -0.427078
     Cl   1        0.268782        1.597842       -1.532093
     Cl   1       -0.427078       -1.532093       -0.696596

     C    2       -0.030210       -0.038481       -0.035348
     C    2       -0.038481        0.104801       -0.117690
     C    2       -0.035348       -0.117690       -0.074590

     C    3       -0.035918       -0.023119        0.035566
     C    3       -0.023119        0.040962       -0.012918
     C    3        0.035566       -0.012918       -0.005044

     H    4       -0.000000        0.000000        0.000000
     H    4        0.000000        0.000000        0.000000
     H    4        0.000000        0.000000        0.000000

     C    5       -0.013980       -0.204195        0.028260
     C    5       -0.204195        0.082556       -0.192155
     C    5        0.028260       -0.192155       -0.068576

     H    6       -0.000000        0.000000        0.000000
     H    6        0.000000        0.000000        0.000000
     H    6        0.000000        0.000000        0.000000

     H    7       -0.000000        0.000000        0.000000
     H    7        0.000000        0.000000        0.000000
     H    7        0.000000        0.000000        0.000000

     C    8        0.015725       -0.047196       -0.023487
     C    8       -0.047196        0.026805       -0.019497
     C    8       -0.023487       -0.019497       -0.042530

     H    9       -0.000000        0.000000        0.000000
     H    9        0.000000        0.000000        0.000000
     H    9        0.000000        0.000000        0.000000

     C   10        0.020770       -0.022233       -0.000601
     C   10       -0.022233       -0.011523        0.002507
     C   10       -0.000601        0.002507       -0.009247

     C   11       -0.078527       -0.038529       -0.097419
     C   11       -0.038529        0.060880        0.176299
     C   11       -0.097419        0.176299        0.017647

     Cl  12       -0.643061        1.561890       -0.172402
     Cl  12        1.561890       -1.110665        1.278253
     Cl  12       -0.172402        1.278253        1.753726

     H   13       -0.000000        0.000000        0.000000
     H   13        0.000000        0.000000        0.000000
     H   13        0.000000        0.000000        0.000000

     C   14       -0.148637       -0.097226       -0.035853
     C   14       -0.097226        0.220172        0.021823
     C   14       -0.035853        0.021823       -0.071535

     H   15       -0.000000        0.000000        0.000000
     H   15        0.000000        0.000000        0.000000
     H   15        0.000000        0.000000        0.000000

     C   16        0.049400       -0.044758       -0.247262
     C   16       -0.044758       -0.144546       -0.043694
     C   16       -0.247262       -0.043694        0.095146

     C   17        0.173073       -0.095626       -0.172871
     C   17       -0.095626       -0.120572        0.015081
     C   17       -0.172871        0.015081       -0.052501

     Cl  18        0.247301       -1.108769       -1.652400
     Cl  18       -1.108769       -1.143139       -0.689368
     Cl  18       -1.652400       -0.689368        0.895838

     H   19       -0.000000        0.000000        0.000000
     H   19        0.000000        0.000000        0.000000
     H   19        0.000000        0.000000        0.000000

     C   20       -0.012890        0.188041       -0.119844
     C   20        0.188041        0.072289        0.009518
     C   20       -0.119844        0.009518       -0.059399

     H   21       -0.000000        0.000000        0.000000
     H   21        0.000000        0.000000        0.000000
     H   21        0.000000        0.000000        0.000000

     C   22       -0.181699        0.048585       -0.163721
     C   22        0.048585        0.061742       -0.184288
     C   22       -0.163721       -0.184288        0.119957

     C   23        0.056786       -0.147829        0.140361
     C   23       -0.147829        0.004713       -0.105926
     C   23        0.140361       -0.105926       -0.061500

     Cl  24       -0.163493        0.323084        1.027349
     Cl  24        0.323084       -0.459157       -1.225274
     Cl  24        1.027349       -1.225274        0.622650

     ----- total EFG -----
     Cl   1       -0.848050        0.324756       -0.392876
     Cl   1        0.324756        1.491355       -1.439827
     Cl   1       -0.392876       -1.439827       -0.643305

     C    2        0.316730       -0.225484       -0.145112
     C    2       -0.225484        0.231293       -0.271202
     C    2       -0.145112       -0.271202       -0.548022

     C    3       -0.068163        0.079756        0.217354
     C    3        0.079756        0.159763        0.403852
     C    3        0.217354        0.403852       -0.091600

     H    4        0.535891        0.060481        0.471936
     H    4        0.060481       -0.560831        0.431788
     H    4        0.471936        0.431788        0.024939

     C    5        0.234084       -0.577317       -0.250656
     C    5       -0.577317        0.065927       -0.409624
     C    5       -0.250656       -0.409624       -0.300011

     H    6       -0.082233        0.248563        0.009413
     H    6        0.248563       -0.135452        0.505009
     H    6        0.009413        0.505009        0.217685

     H    7       -0.388701        0.067041        0.403864
     H    7        0.067041        0.716827       -0.345967
     H    7        0.403864       -0.345967       -0.328126

     C    8       -0.131155        0.198601        0.020956
     C    8        0.198601        0.283034       -0.289310
     C    8        0.020956       -0.289310       -0.151879

     H    9        0.456818       -0.141861        0.588653
     H    9       -0.141861       -0.050094       -0.416341
     H    9        0.588653       -0.416341       -0.406724

     C   10        0.283299        0.129397        0.344941
     C   10        0.129397       -0.120804       -0.253455
     C   10        0.344941       -0.253455       -0.162495

     C   11       -0.212322        0.006484       -0.149794
     C   11        0.006484        0.003645        0.141954
     C   11       -0.149794        0.141954        0.208677

     Cl  12       -0.519423        1.773471       -0.178128
     Cl  12        1.773471       -1.231727        1.326412
     Cl  12       -0.178128        1.326412        1.751150

     H   13       -0.102775       -0.095496       -0.083870
     H   13       -0.095496        0.275515        0.016832
     H   13       -0.083870        0.016832       -0.172740

     C   14       -0.399556        0.075968       -0.259904
     C   14        0.075968        0.558300        0.162559
     C   14       -0.259904        0.162559       -0.158744

     H   15        0.160424        0.098727        0.479744
     H   15        0.098727       -0.055413        0.414711
     H   15        0.479744        0.414711       -0.105011

     C   16        0.312505       -0.187416       -0.666863
     C   16       -0.187416       -0.359456       -0.106875
     C   16       -0.666863       -0.106875        0.046951

     C   17        0.245002        0.188651       -0.439357
     C   17        0.188651       -0.193589        0.163855
     C   17       -0.439357        0.163855       -0.051413

     Cl  18        0.357131       -1.346606       -1.621839
     Cl  18       -1.346606       -1.078020       -0.696410
     Cl  18       -1.621839       -0.696410        0.720889

     H   19       -0.328187       -0.178142        0.143422
     H   19       -0.178142        0.245077       -0.198069
     H   19        0.143422       -0.198069        0.083109

     C   20       -0.013216        0.676471       -0.221608
     C   20        0.676471       -0.014277        0.192266
     C   20       -0.221608        0.192266        0.027493

     H   21        0.247890        0.014059        0.547819
     H   21        0.014059       -0.051249        0.005692
     H   21        0.547819        0.005692       -0.196640

     C   22       -0.733164        0.114044       -0.369613
     C   22        0.114044        0.254482       -0.496827
     C   22       -0.369613       -0.496827        0.478682

     C   23        0.227426       -0.259859        0.517900
     C   23       -0.259859       -0.342001        0.009118
     C   23        0.517900        0.009118        0.114575

     Cl  24       -0.001493        0.499505        0.961468
     Cl  24        0.499505       -0.403988       -1.029436
     Cl  24        0.961468       -1.029436        0.405481

     ----- total EFG (symmetrized) -----
     Cl   1       -0.848050        0.324756       -0.392876
     Cl   1        0.324756        1.491355       -1.439827
     Cl   1       -0.392876       -1.439827       -0.643305

     C    2        0.316730       -0.225484       -0.145112
     C    2       -0.225484        0.231293       -0.271202
     C    2       -0.145112       -0.271202       -0.548022

     C    3       -0.068163        0.079756        0.217354
     C    3        0.079756        0.159763        0.403852
     C    3        0.217354        0.403852       -0.091600

     H    4        0.535891        0.060481        0.471936
     H    4        0.060481       -0.560831        0.431788
     H    4        0.471936        0.431788        0.024939

     C    5        0.234084       -0.577317       -0.250656
     C    5       -0.577317        0.065927       -0.409624
     C    5       -0.250656       -0.409624       -0.300011

     H    6       -0.082233        0.248563        0.009413
     H    6        0.248563       -0.135452        0.505009
     H    6        0.009413        0.505009        0.217685

     H    7       -0.388701        0.067041        0.403864
     H    7        0.067041        0.716827       -0.345967
     H    7        0.403864       -0.345967       -0.328126

     C    8       -0.131155        0.198601        0.020956
     C    8        0.198601        0.283034       -0.289310
     C    8        0.020956       -0.289310       -0.151879

     H    9        0.456818       -0.141861        0.588653
     H    9       -0.141861       -0.050094       -0.416341
     H    9        0.588653       -0.416341       -0.406724

     C   10        0.283299        0.129397        0.344941
     C   10        0.129397       -0.120804       -0.253455
     C   10        0.344941       -0.253455       -0.162495

     C   11       -0.212322        0.006484       -0.149794
     C   11        0.006484        0.003645        0.141954
     C   11       -0.149794        0.141954        0.208677

     Cl  12       -0.519423        1.773471       -0.178128
     Cl  12        1.773471       -1.231727        1.326412
     Cl  12       -0.178128        1.326412        1.751150

     H   13       -0.102775       -0.095496       -0.083870
     H   13       -0.095496        0.275515        0.016832
     H   13       -0.083870        0.016832       -0.172740

     C   14       -0.399556        0.075968       -0.259904
     C   14        0.075968        0.558300        0.162559
     C   14       -0.259904        0.162559       -0.158744

     H   15        0.160424        0.098727        0.479744
     H   15        0.098727       -0.055413        0.414711
     H   15        0.479744        0.414711       -0.105011

     C   16        0.312505       -0.187416       -0.666863
     C   16       -0.187416       -0.359456       -0.106875
     C   16       -0.666863       -0.106875        0.046951

     C   17        0.245002        0.188651       -0.439357
     C   17        0.188651       -0.193589        0.163855
     C   17       -0.439357        0.163855       -0.051413

     Cl  18        0.357131       -1.346606       -1.621839
     Cl  18       -1.346606       -1.078020       -0.696410
     Cl  18       -1.621839       -0.696410        0.720889

     H   19       -0.328187       -0.178142        0.143422
     H   19       -0.178142        0.245077       -0.198069
     H   19        0.143422       -0.198069        0.083109

     C   20       -0.013216        0.676471       -0.221608
     C   20        0.676471       -0.014277        0.192266
     C   20       -0.221608        0.192266        0.027493

     H   21        0.247890        0.014059        0.547819
     H   21        0.014059       -0.051249        0.005692
     H   21        0.547819        0.005692       -0.196640

     C   22       -0.733164        0.114044       -0.369613
     C   22        0.114044        0.254482       -0.496827
     C   22       -0.369613       -0.496827        0.478682

     C   23        0.227426       -0.259859        0.517900
     C   23       -0.259859       -0.342001        0.009118
     C   23        0.517900        0.009118        0.114575

     Cl  24       -0.001493        0.499505        0.961468
     Cl  24        0.499505       -0.403988       -1.029436
     Cl  24        0.961468       -1.029436        0.405481


     NQR/NMR SPECTROSCOPIC PARAMETERS:
     Cl   1    Vxx=   -0.8399    axis=(  0.923060 -0.286861 -0.256264)
     Cl   1    Vyy=   -1.4462    axis=(  0.355117  0.379489  0.854330)
     Cl   1    Vzz=    2.2861    axis=(  0.147824  0.879602 -0.452160)
     Cl   1  Q=        -8.1650 1e-30 m^2  Cq=       -43.8572 MHz  eta= 0.26520

     C    2    Vxx=    0.1692    axis=(  0.641823  0.665280 -0.381399)
     C    2    Vyy=    0.5079    axis=(  0.737889 -0.671179  0.070981)
     C    2    Vzz=   -0.6771    axis=(  0.208765  0.326988  0.921681)
     C    2  Q=         1.0000 1e-30 m^2  Cq=        -1.5909 MHz  eta= 0.50012

     C    3    Vxx=   -0.0836    axis=(  0.876138 -0.469374  0.109862)
     C    3    Vyy=   -0.4385    axis=(  0.361152  0.488164 -0.794522)
     C    3    Vzz=    0.5222    axis=(  0.319298  0.735788  0.597214)
     C    3  Q=         1.0000 1e-30 m^2  Cq=         1.2269 MHz  eta= 0.67966

     H    4    Vxx=   -0.0592    axis=(  0.570111 -0.495408 -0.655397)
     H    4    Vyy=   -0.8138    axis=(  0.142251  0.845214 -0.515149)
     H    4    Vzz=    0.8730    axis=( -0.809159 -0.200461 -0.552338)
     H    4  Q=         1.0000 1e-30 m^2  Cq=         2.0513 MHz  eta= 0.86438

     C    5    Vxx=    0.1062    axis=( -0.500446 -0.435685  0.748153)
     C    5    Vyy=    0.7406    axis=( -0.728388  0.678984 -0.091820)
     C    5    Vzz=   -0.8468    axis=( -0.467979 -0.590897 -0.657143)
     C    5  Q=         1.0000 1e-30 m^2  Cq=        -1.9897 MHz  eta= 0.74919

     H    6    Vxx=   -0.0350    axis=(  0.895759  0.185462 -0.404004)
     H    6    Vyy=   -0.5760    axis=( -0.383838  0.781117 -0.492468)
     H    6    Vzz=    0.6110    axis=(  0.224240  0.596205  0.770880)
     H    6  Q=         1.0000 1e-30 m^2  Cq=         1.4356 MHz  eta= 0.88539

     H    7    Vxx=   -0.0056    axis=( -0.723654 -0.242319 -0.646225)
     H    7    Vyy=   -0.8179    axis=( -0.688473  0.187978  0.700477)
     H    7    Vzz=    0.8235    axis=( -0.048263  0.951812 -0.302861)
     H    7  Q=         1.0000 1e-30 m^2  Cq=         1.9349 MHz  eta= 0.98640

     C    8    Vxx=   -0.1182    axis=( -0.827837  0.005290 -0.560944)
     C    8    Vyy=   -0.3572    axis=(  0.489799 -0.480649 -0.727375)
     C    8    Vzz=    0.4754    axis=( -0.273465 -0.876897  0.395308)
     C    8  Q=         1.0000 1e-30 m^2  Cq=         1.1170 MHz  eta= 0.50262

     H    9    Vxx=   -0.0347    axis=(  0.480906  0.854688 -0.195544)
     H    9    Vyy=   -0.8355    axis=( -0.345923  0.389894  0.853417)
     H    9    Vzz=    0.8702    axis=(  0.805647 -0.342770  0.483158)
     H    9  Q=         1.0000 1e-30 m^2  Cq=         2.0446 MHz  eta= 0.92034

     C   10    Vxx=    0.0711    axis=(  0.281234  0.828713 -0.483882)
     C   10    Vyy=    0.4712    axis=(  0.875630 -0.015285  0.482741)
     C   10    Vzz=   -0.5423    axis=( -0.392657  0.559464  0.729945)
     C   10  Q=         1.0000 1e-30 m^2  Cq=        -1.2742 MHz  eta= 0.73779

     C   11    Vxx=   -0.0441    axis=(  0.315526  0.894912 -0.315556)
     C   11    Vyy=   -0.2703    axis=( -0.916386  0.201040 -0.346151)
     C   11    Vzz=    0.3145    axis=( -0.246336  0.398390  0.883518)
     C   11  Q=         1.0000 1e-30 m^2  Cq=         0.7388 MHz  eta= 0.71936

     Cl  12    Vxx=    0.6113    axis=(  0.786391  0.459959 -0.412342)
     Cl  12    Vyy=    2.3557    axis=( -0.209997 -0.428702 -0.878701)
     Cl  12    Vzz=   -2.9670    axis=( -0.580939  0.777594 -0.240538)
     Cl  12  Q=        -8.1650 1e-30 m^2  Cq=        56.9202 MHz  eta= 0.58795

     H   13    Vxx=   -0.0691    axis=( -0.772869 -0.242771  0.586290)
     H   13    Vyy=   -0.2319    axis=(  0.585494  0.083443  0.806371)
     H   13    Vzz=    0.3010    axis=(  0.244685 -0.966488 -0.077650)
     H   13  Q=         1.0000 1e-30 m^2  Cq=         0.7073 MHz  eta= 0.54060

     C   14    Vxx=   -0.0079    axis=( -0.567010 -0.156125  0.808780)
     C   14    Vyy=   -0.5859    axis=( -0.823431  0.133034 -0.551601)
     C   14    Vzz=    0.5938    axis=( -0.021476 -0.978737 -0.203990)
     C   14  Q=         1.0000 1e-30 m^2  Cq=         1.3953 MHz  eta= 0.97335

     H   15    Vxx=   -0.0617    axis=(  0.640126 -0.755229 -0.140953)
     H   15    Vyy=   -0.6241    axis=(  0.408960  0.490277 -0.769662)
     H   15    Vzz=    0.6858    axis=(  0.650377  0.435037  0.622698)
     H   15  Q=         1.0000 1e-30 m^2  Cq=         1.6113 MHz  eta= 0.82008

     C   16    Vxx=   -0.2200    axis=(  0.325003 -0.810488  0.487322)
     C   16    Vyy=   -0.6446    axis=( -0.538449 -0.582203 -0.609190)
     C   16    Vzz=    0.8647    axis=( -0.777461  0.064410  0.625624)
     C   16  Q=         1.0000 1e-30 m^2  Cq=         2.0316 MHz  eta= 0.49103

     C   17    Vxx=   -0.0259    axis=(  0.272692  0.811620  0.516635)
     C   17    Vyy=   -0.5394    axis=( -0.500130  0.578313 -0.644534)
     C   17    Vzz=    0.5653    axis=( -0.821894 -0.082625  0.563617)
     C   17  Q=         1.0000 1e-30 m^2  Cq=         1.3281 MHz  eta= 0.90835

     Cl  18    Vxx=    0.3437    axis=( -0.431734  0.692210 -0.578317)
     Cl  18    Vyy=    2.2250    axis=( -0.705058  0.140909  0.695010)
     Cl  18    Vzz=   -2.5687    axis=(  0.562583  0.707806  0.427213)
     Cl  18  Q=        -8.1650 1e-30 m^2  Cq=        49.2787 MHz  eta= 0.73240

     H   19    Vxx=   -0.0489    axis=(  0.049219  0.578405  0.814264)
     H   19    Vyy=   -0.3963    axis=( -0.957908 -0.203517  0.202468)
     H   19    Vzz=    0.4453    axis=(  0.282825 -0.789955  0.544042)
     H   19  Q=         1.0000 1e-30 m^2  Cq=         1.0462 MHz  eta= 0.78028

     C   20    Vxx=    0.1310    axis=( -0.210990  0.263405  0.941329)
     C   20    Vyy=    0.6635    axis=( -0.712455 -0.700773  0.036401)
     C   20    Vzz=   -0.7944    axis=(  0.669246 -0.662975  0.335520)
     C   20  Q=         1.0000 1e-30 m^2  Cq=        -1.8666 MHz  eta= 0.67030

     H   21    Vxx=   -0.0516    axis=(  0.015009 -0.999735  0.017453)
     H   21    Vyy=   -0.5656    axis=(  0.558640 -0.006093 -0.829388)
     H   21    Vzz=    0.6171    axis=(  0.829274  0.022198  0.558401)
     H   21  Q=         1.0000 1e-30 m^2  Cq=         1.4500 MHz  eta= 0.83291

     C   22    Vxx=   -0.1159    axis=( -0.185773  0.807750  0.559489)
     C   22    Vyy=   -0.8377    axis=( -0.959716 -0.027009 -0.279670)
     C   22    Vzz=    0.9535    axis=( -0.210792 -0.588906  0.780228)
     C   22  Q=         1.0000 1e-30 m^2  Cq=         2.2404 MHz  eta= 0.75696

     C   23    Vxx=   -0.1850    axis=(  0.381305 -0.668153 -0.638888)
     C   23    Vyy=   -0.5408    axis=( -0.537513 -0.722512  0.434806)
     C   23    Vzz=    0.7258    axis=( -0.752121  0.177617 -0.634638)
     C   23  Q=         1.0000 1e-30 m^2  Cq=         1.7053 MHz  eta= 0.49026

     Cl  24    Vxx=    0.3106    axis=(  0.731348  0.672727 -0.112106)
     Cl  24    Vyy=    1.3695    axis=( -0.448650  0.350764 -0.821996)
     Cl  24    Vzz=   -1.6801    axis=( -0.513656  0.651462  0.558350)
     Cl  24  Q=        -8.1650 1e-30 m^2  Cq=        32.2325 MHz  eta= 0.63028

     Initialization:
     gipaw_setup  :      9.43s CPU     11.36s WALL (       1 calls)

     Linear response

     Apply operators

     Induced current

     Other routines
     efg          :      9.71s CPU     12.52s WALL (       1 calls)

     General routines
     calbec       :      3.40s CPU      4.65s WALL (      16 calls)
     fft          :      1.74s CPU      2.70s WALL (      15 calls)
     ffts         :      0.04s CPU      0.05s WALL (       2 calls)
     fftw         :      3.56s CPU      4.52s WALL (     672 calls)
     davcio       :      0.03s CPU      0.29s WALL (      32 calls)

     Parallel routines
     fft_scatter  :      2.65s CPU      4.39s WALL (     689 calls)

     Plugins

     GIPAW        :     61.83s CPU     74.80s WALL (       1 calls)
