
     Program QE v.6.0 (svn rev. 13079) starts on 16Dec2016 at  9:28: 8 

     This program is part of the open-source Quantum ESPRESSO suite
     for quantum simulation of materials; please cite
         "P. Giannozzi et al., J. Phys.:Condens. Matter 21 395502 (2009);
          URL http://www.quantum-espresso.org", 
     in publications or presentations arising from this work. More details at
     http://www.quantum-espresso.org/quote

     Parallel version (MPI), running on     8 processors
     R & G space division:  proc/nbgrp/npool/nimage =       8

     ***** This is GIPAW svn revision unknown      *****

     Parallelizing q-star over 1 images

     Reading data from directory:
     /users/majewski/paradichlorobenzene/pbe/9_constraint/scratch/pbe.ecut100.np8.dt60.pcl2phi-129368.save
     Message from routine read_xml_file:
     file /users/majewski/paradichlorobenzene/pbe/9_constraint/scratch/pbe.ecut100.np8.dt60.pcl2phi-129368.save not guaranteed to be safe for post-processing

   Info: using nr1, nr2, nr3 values from input

   Info: using nr1, nr2, nr3 values from input

     IMPORTANT: XC functional enforced from input :
     Exchange-correlation      =  SLA  PW   PBX  PBC ( 1  4  3  4 0 0)
     Any further DFT definition will be discarded
     Please, verify this is what you really want

               file C.pbe-n-kjpaw_psl.1.0.0.UPF: wavefunction(s)  2S 2P renormalized
               file Cl.pbe-n-kjpaw_psl.1.0.0.UPF: wavefunction(s)  3S 3P renormalized
               file H.pbe-kjpaw_psl.1.0.0.UPF: wavefunction(s)  1S renormalized

     Parallelization info
     --------------------
     sticks:   dense  smooth     PW     G-vecs:    dense   smooth      PW
     Min        3057    1223    332               144436    36536    5170
     Max        3059    1225    333               144437    36537    5171
     Sum       24467    9791   2657              1155489   292295   41363


     Subspace diagonalization in iterative solution of the eigenvalue problem:
     a serial algorithm will be used

     GIPAW projectors -----------------------------------------------
     atom=  C    l=0  rc=    1.2000  rs=    0.8000
     atom=  C    l=0  rc=    1.2000  rs=    0.8000
     atom=  C    l=1  rc=    1.4000  rs=    0.9333
     atom=  C    l=1  rc=    1.4000  rs=    0.9333
     projs nearly linearly dependent: l=1  n1,n2= 1, 2  s=  0.99951561

     atom=  Cl   l=0  rc=    1.6000  rs=    1.0667
     atom=  Cl   l=0  rc=    1.6000  rs=    1.0667
     atom=  Cl   l=1  rc=    1.6000  rs=    1.0667
     atom=  Cl   l=1  rc=    1.6000  rs=    1.0667
     atom=  Cl   l=2  rc=    1.6000  rs=    1.0667
     atom=  Cl   l=2  rc=    1.6000  rs=    1.0667
     projs nearly linearly dependent: l=2  n1,n2= 1, 2  s=  0.99993509

     atom=  H    l=0  rc=    1.0000  rs=    0.6667
     atom=  H    l=0  rc=    1.0000  rs=    0.6667
     projs nearly linearly dependent: l=0  n1,n2= 1, 2  s=  0.99968852
     -----------------------------------------------------------------

     GIPAW integrals: -------------------------------------------
     Atom  i/j   nmr_para   nmr_dia   epr_rmc  epr_para   epr_dia
       C   1 1   0.83E+03  0.17E-01  0.93E+01  0.24E+08  0.24E+03
       C   2 1   0.86E+03 -0.61E-01  0.94E+01  0.25E+08  0.25E+03
       C   2 2   0.90E+03 -0.15E+00  0.97E+01  0.26E+08  0.26E+03
       C   3 3   0.33E+01  0.34E+00  0.18E+01  0.55E+03  0.21E+02
       C   4 3   0.35E+01  0.37E+00  0.20E+01  0.59E+03  0.22E+02
       C   4 4   0.38E+01  0.39E+00  0.22E+01  0.63E+03  0.24E+02
       Cl  1 1   0.14E+04 -0.47E+00  0.84E+01  0.32E+09  0.42E+03
       Cl  2 1   0.21E+04 -0.37E+00  0.12E+02  0.49E+09  0.65E+03
       Cl  2 2   0.33E+04 -0.16E+00  0.21E+02  0.76E+09  0.10E+04
       Cl  3 3   0.21E+02  0.79E-01  0.89E+01  0.23E+05  0.13E+03
       Cl  4 3   0.24E+02  0.67E-01  0.99E+01  0.27E+05  0.15E+03
       Cl  4 4   0.28E+02  0.44E-01  0.11E+02  0.32E+05  0.18E+03
       Cl  5 5   0.77E+00  0.19E+00  0.18E+01  0.12E+03  0.22E+02
       Cl  6 5   0.80E+00  0.19E+00  0.19E+01  0.12E+03  0.23E+02
       Cl  6 6   0.83E+00  0.20E+00  0.19E+01  0.12E+03  0.23E+02
       H   1 1   0.39E+02  0.19E+00  0.29E+00  0.78E+05  0.13E+02
       H   2 1   0.41E+02  0.21E+00  0.32E+00  0.82E+05  0.14E+02
       H   2 2   0.43E+02  0.22E+00  0.36E+00  0.86E+05  0.15E+02
     ------------------------------------------------------------

     alpha_pv=     33.9774 eV

     Number of occupied bands for each k-point:
     k-point:     1    nbnd_occ=  42
     k-point:     2    nbnd_occ=  42
     k-point:     3    nbnd_occ=  42
     k-point:     4    nbnd_occ=  42
     k-point:     5    nbnd_occ=  42
     k-point:     6    nbnd_occ=  42
     k-point:     7    nbnd_occ=  42
     k-point:     8    nbnd_occ=  42
     k-point:     9    nbnd_occ=  42
     k-point:    10    nbnd_occ=  42
     k-point:    11    nbnd_occ=  42
     k-point:    12    nbnd_occ=  42
     k-point:    13    nbnd_occ=  42
     k-point:    14    nbnd_occ=  42
     k-point:    15    nbnd_occ=  42
     k-point:    16    nbnd_occ=  42


     q-space interpolation up to   110.00 Rydberg

     GIPAW job: efg                                                                             


     ELECTRIC FIELD GRADIENTS TENSORS IN Hartree/bohrradius^2:

     ----- bare term -----
     Cl   1        0.295961        0.035663       -0.022013
     Cl   1        0.035663        0.221527       -0.303258
     Cl   1       -0.022013       -0.303258       -0.517489

     C    2       -0.811025        0.357243       -0.296264
     C    2        0.357243        0.255479       -0.023072
     C    2       -0.296264       -0.023072        0.555546

     C    3        0.223097       -0.066644        0.101040
     C    3       -0.066644       -0.381120       -0.301769
     C    3        0.101040       -0.301769        0.158023

     H    4       -0.426272       -0.234505        0.271509
     H    4       -0.234505        0.272147       -0.044237
     H    4        0.271509       -0.044237        0.154124

     C    5       -0.599172        0.353221       -0.415168
     C    5        0.353221        0.148098        0.035198
     C    5       -0.415168        0.035198        0.451073

     H    6        0.212497       -0.366519        0.236468
     H    6       -0.366519       -0.480185       -0.019223
     H    6        0.236468       -0.019223        0.267688

     H    7        0.460935        0.151769       -0.008211
     H    7        0.151769       -0.739336        0.093169
     H    7       -0.008211        0.093169        0.278401

     C    8       -0.330075       -0.215178       -0.337223
     C    8       -0.215178       -0.086413        0.489063
     C    8       -0.337223        0.489063        0.416488

     H    9       -0.430424        0.275548       -0.474991
     H    9        0.275548        0.281856        0.211680
     H    9       -0.474991        0.211680        0.148567

     C   10       -0.154317       -0.205054       -0.345323
     C   10       -0.205054       -0.248271        0.512601
     C   10       -0.345323        0.512601        0.402588

     C   11       -0.107582        0.153208       -0.389354
     C   11        0.153208       -0.101121        0.599418
     C   11       -0.389354        0.599418        0.208703

     Cl  12        0.033055       -0.271038        0.007028
     Cl  12       -0.271038       -0.009459       -0.009192
     Cl  12        0.007028       -0.009192       -0.023596

     H   13        0.274423       -0.419426        0.099632
     H   13       -0.419426       -0.619206        0.056698
     H   13        0.099632        0.056698        0.344782

     C   14       -0.072562        0.276195       -0.135430
     C   14        0.276195       -0.113453       -0.404685
     C   14       -0.135430       -0.404685        0.186015

     H   15       -0.321443       -0.449126        0.127692
     H   15       -0.449126        0.066800        0.152495
     H   15        0.127692        0.152495        0.254643

     C   16       -0.198926        0.157736       -0.091060
     C   16        0.157736       -0.091584       -0.246888
     C   16       -0.091060       -0.246888        0.290510

     C   17       -0.139536       -0.162931       -0.342625
     C   17       -0.162931       -0.032649       -0.702117
     C   17       -0.342625       -0.702117        0.172185

     Cl  18       -0.106371        0.124770        0.108421
     Cl  18        0.124770       -0.093272       -0.038563
     Cl  18        0.108421       -0.038563        0.199644

     H   19        0.500745        0.016123        0.078555
     H   19        0.016123        0.108397        0.193606
     H   19        0.078555        0.193606       -0.609142

     C   20       -0.330068       -0.260359       -0.118317
     C   20       -0.260359        0.099006        0.265704
     C   20       -0.118317        0.265704        0.231062

     H   21        0.186508        0.025329       -0.243831
     H   21        0.025329        0.232942       -0.228240
     H   21       -0.243831       -0.228240       -0.419449

     C   22        0.223364       -0.098674        0.011713
     C   22       -0.098674       -0.100954        0.126415
     C   22        0.011713        0.126415       -0.122410

     C   23       -0.301911       -0.285431       -0.408471
     C   23       -0.285431        0.051950        0.348307
     C   23       -0.408471        0.348307        0.249961

     Cl  24        0.074133        0.010712       -0.024796
     Cl  24        0.010712       -0.114219       -0.094286
     Cl  24       -0.024796       -0.094286        0.040086

     ----- ionic term -----
     Cl   1        0.125374       -0.203179       -0.067235
     Cl   1       -0.203179        0.009258        0.048896
     Cl   1       -0.067235        0.048896       -0.134632

     C    2        0.298832       -0.068827        0.012490
     C    2       -0.068827        0.224103        0.337848
     C    2        0.012490        0.337848       -0.522934

     C    3        0.236461       -0.112977        0.013051
     C    3       -0.112977        0.285473        0.333405
     C    3        0.013051        0.333405       -0.521934

     H    4        0.867481        0.484366        0.300021
     H    4        0.484366       -0.313625        0.154869
     H    4        0.300021        0.154869       -0.553856

     C    5        0.447743       -0.115792        0.045403
     C    5       -0.115792        0.117895        0.252528
     C    5        0.045403        0.252528       -0.565637

     H    6       -0.483182        0.231485        0.069299
     H    6        0.231485        0.896684        0.489195
     H    6        0.069299        0.489195       -0.413502

     H    7       -0.508958       -0.064168        0.036841
     H    7       -0.064168        0.689916       -0.674034
     H    7        0.036841       -0.674034       -0.180958

     C    8        0.222339        0.183331        0.336907
     C    8        0.183331        0.058137       -0.264622
     C    8        0.336907       -0.264622       -0.280476

     H    9        0.508685       -0.299534        0.721596
     H    9       -0.299534       -0.418974       -0.264081
     H    9        0.721596       -0.264081       -0.089711

     C   10        0.033169        0.134180        0.272922
     C   10        0.134180        0.248023       -0.396602
     C   10        0.272922       -0.396602       -0.281192

     C   11       -0.029248        0.190985        0.357866
     C   11        0.190985        0.223911       -0.387995
     C   11        0.357866       -0.387995       -0.194662

     Cl  12        0.086812        0.198255        0.018041
     Cl  12        0.198255        0.072259        0.002737
     Cl  12        0.018041        0.002737       -0.159071

     H   13       -0.471902        0.245667        0.059339
     H   13        0.245667        0.832723        0.517597
     H   13        0.059339        0.517597       -0.360821

     C   14        0.370733       -0.072293        0.039356
     C   14       -0.072293        0.147380        0.255496
     C   14        0.039356        0.255496       -0.518114

     H   15        0.767720        0.464583        0.417398
     H   15        0.464583       -0.302504        0.195682
     H   15        0.417398        0.195682       -0.465215

     C   16        0.184523       -0.065097        0.071113
     C   16       -0.065097        0.305845        0.336748
     C   16        0.071113        0.336748       -0.490368

     C   17        0.322663       -0.051371        0.112031
     C   17       -0.051371        0.235857        0.285207
     C   17        0.112031        0.285207       -0.558519

     Cl  18        0.095204       -0.186611       -0.014189
     Cl  18       -0.186611        0.059578        0.010003
     Cl  18       -0.014189        0.010003       -0.154782

     H   19       -0.544914       -0.043173        0.059221
     H   19       -0.043173        0.437675       -0.780434
     H   19        0.059221       -0.780434        0.107239

     C   20        0.069396        0.267303        0.323846
     C   20        0.267303        0.047952       -0.270384
     C   20        0.323846       -0.270384       -0.117349

     H   21        0.250840       -0.080021        0.813997
     H   21       -0.080021       -0.502288       -0.159797
     H   21        0.813997       -0.159797        0.251448

     C   22       -0.046573        0.307965        0.237368
     C   22        0.307965        0.143107       -0.392514
     C   22        0.237368       -0.392514       -0.096534

     C   23        0.129745        0.212235        0.317252
     C   23        0.212235        0.038665       -0.421150
     C   23        0.317252       -0.421150       -0.168410

     Cl  24        0.112608        0.202402        0.012802
     Cl  24        0.202402        0.022299       -0.000268
     Cl  24        0.012802       -0.000268       -0.134907

     ----- GIPAW term -----
     Cl   1        0.029704       -0.664052        0.090621
     Cl   1       -0.664052       -0.245809        0.376799
     Cl   1        0.090621        0.376799        0.216105

     C    2       -0.170356       -0.003569       -0.013334
     C    2       -0.003569        0.057727        0.177351
     C    2       -0.013334        0.177351        0.112628

     C    3       -0.003483       -0.031818        0.013410
     C    3       -0.031818       -0.016220        0.052783
     C    3        0.013410        0.052783        0.019704

     H    4       -0.000000        0.000000        0.000000
     H    4        0.000000        0.000000        0.000000
     H    4        0.000000        0.000000        0.000000

     C    5       -0.069570       -0.031180       -0.138106
     C    5       -0.031180       -0.006039        0.119197
     C    5       -0.138106        0.119197        0.075610

     H    6       -0.000000        0.000000        0.000000
     H    6        0.000000        0.000000        0.000000
     H    6        0.000000        0.000000        0.000000

     H    7       -0.000000        0.000000        0.000000
     H    7        0.000000        0.000000        0.000000
     H    7        0.000000        0.000000        0.000000

     C    8       -0.098972       -0.087898       -0.100744
     C    8       -0.087898        0.011048        0.227359
     C    8       -0.100744        0.227359        0.087924

     H    9       -0.000000        0.000000        0.000000
     H    9        0.000000        0.000000        0.000000
     H    9        0.000000        0.000000        0.000000

     C   10       -0.018624       -0.029536       -0.140219
     C   10       -0.029536       -0.056676        0.095407
     C   10       -0.140219        0.095407        0.075300

     C   11        0.067920        0.201069       -0.055128
     C   11        0.201069        0.007329        0.116374
     C   11       -0.055128        0.116374       -0.075249

     Cl  12        2.002386        0.086434        0.089944
     Cl  12        0.086434        0.113369       -0.086611
     Cl  12        0.089944       -0.086611       -2.115755

     H   13       -0.000000        0.000000        0.000000
     H   13        0.000000        0.000000        0.000000
     H   13        0.000000        0.000000        0.000000

     C   14       -0.026145        0.160738       -0.045709
     C   14        0.160738        0.110467       -0.154162
     C   14       -0.045709       -0.154162       -0.084322

     H   15       -0.000000        0.000000        0.000000
     H   15        0.000000        0.000000        0.000000
     H   15        0.000000        0.000000        0.000000

     C   16       -0.065981        0.057345       -0.076249
     C   16        0.057345        0.009234       -0.108864
     C   16       -0.076249       -0.108864        0.056747

     C   17       -0.010891       -0.176673       -0.043293
     C   17       -0.176673        0.080964       -0.200613
     C   17       -0.043293       -0.200613       -0.070072

     Cl  18        0.856858       -1.753739        0.891874
     Cl  18       -1.753739       -0.676037       -0.303343
     Cl  18        0.891874       -0.303343       -0.180822

     H   19       -0.000000        0.000000        0.000000
     H   19        0.000000        0.000000        0.000000
     H   19        0.000000        0.000000        0.000000

     C   20       -0.108395       -0.043463       -0.032027
     C   20       -0.043463        0.008901        0.152144
     C   20       -0.032027        0.152144        0.099495

     H   21       -0.000000        0.000000        0.000000
     H   21        0.000000        0.000000        0.000000
     H   21        0.000000        0.000000        0.000000

     C   22        0.003389       -0.007896       -0.001214
     C   22       -0.007896        0.020657        0.016876
     C   22       -0.001214        0.016876       -0.024046

     C   23       -0.078718       -0.058000       -0.111711
     C   23       -0.058000        0.099101        0.181361
     C   23       -0.111711        0.181361       -0.020383

     Cl  24       -0.035343        0.137848       -0.801849
     Cl  24        0.137848        1.265291        1.595445
     Cl  24       -0.801849        1.595445       -1.229948

     ----- total EFG -----
     Cl   1        0.451039       -0.831568        0.001374
     Cl   1       -0.831568       -0.015023        0.122436
     Cl   1        0.001374        0.122436       -0.436016

     C    2       -0.682549        0.284847       -0.297108
     C    2        0.284847        0.537309        0.492128
     C    2       -0.297108        0.492128        0.145240

     C    3        0.456075       -0.211438        0.127501
     C    3       -0.211438       -0.111867        0.084419
     C    3        0.127501        0.084419       -0.344208

     H    4        0.441209        0.249861        0.571530
     H    4        0.249861       -0.041477        0.110632
     H    4        0.571530        0.110632       -0.399732

     C    5       -0.220999        0.206249       -0.507871
     C    5        0.206249        0.259954        0.406924
     C    5       -0.507871        0.406924       -0.038954

     H    6       -0.270685       -0.135033        0.305767
     H    6       -0.135033        0.416499        0.469973
     H    6        0.305767        0.469973       -0.145814

     H    7       -0.048023        0.087600        0.028630
     H    7        0.087600       -0.049420       -0.580865
     H    7        0.028630       -0.580865        0.097443

     C    8       -0.206707       -0.119745       -0.101059
     C    8       -0.119745       -0.017228        0.451799
     C    8       -0.101059        0.451799        0.223935

     H    9        0.078261       -0.023986        0.246605
     H    9       -0.023986       -0.137118       -0.052401
     H    9        0.246605       -0.052401        0.058857

     C   10       -0.139772       -0.100410       -0.212619
     C   10       -0.100410       -0.056924        0.211406
     C   10       -0.212619        0.211406        0.196696

     C   11       -0.068910        0.545262       -0.086616
     C   11        0.545262        0.130118        0.327797
     C   11       -0.086616        0.327797       -0.061208

     Cl  12        2.122253        0.013651        0.115014
     Cl  12        0.013651        0.176168       -0.093067
     Cl  12        0.115014       -0.093067       -2.298422

     H   13       -0.197479       -0.173759        0.158971
     H   13       -0.173759        0.213518        0.574295
     H   13        0.158971        0.574295       -0.016039

     C   14        0.272026        0.364641       -0.141782
     C   14        0.364641        0.144395       -0.303352
     C   14       -0.141782       -0.303352       -0.416421

     H   15        0.446277        0.015456        0.545090
     H   15        0.015456       -0.235704        0.348178
     H   15        0.545090        0.348178       -0.210572

     C   16       -0.080383        0.149984       -0.096196
     C   16        0.149984        0.223495       -0.019004
     C   16       -0.096196       -0.019004       -0.143111

     C   17        0.172236       -0.390975       -0.273888
     C   17       -0.390975        0.284171       -0.617524
     C   17       -0.273888       -0.617524       -0.456407

     Cl  18        0.845691       -1.815580        0.986106
     Cl  18       -1.815580       -0.709731       -0.331903
     Cl  18        0.986106       -0.331903       -0.135960

     H   19       -0.044169       -0.027050        0.137775
     H   19       -0.027050        0.546072       -0.586828
     H   19        0.137775       -0.586828       -0.501903

     C   20       -0.369067       -0.036519        0.173503
     C   20       -0.036519        0.155859        0.147464
     C   20        0.173503        0.147464        0.213208

     H   21        0.437348       -0.054692        0.570166
     H   21       -0.054692       -0.269346       -0.388037
     H   21        0.570166       -0.388037       -0.168002

     C   22        0.180180        0.201396        0.247867
     C   22        0.201396        0.062810       -0.249223
     C   22        0.247867       -0.249223       -0.242990

     C   23       -0.250884       -0.131196       -0.202930
     C   23       -0.131196        0.189716        0.108519
     C   23       -0.202930        0.108519        0.061167

     Cl  24        0.151399        0.350961       -0.813843
     Cl  24        0.350961        1.173371        1.500892
     Cl  24       -0.813843        1.500892       -1.324769

     ----- total EFG (symmetrized) -----
     Cl   1        0.451039       -0.831568        0.001374
     Cl   1       -0.831568       -0.015023        0.122436
     Cl   1        0.001374        0.122436       -0.436016

     C    2       -0.682549        0.284847       -0.297108
     C    2        0.284847        0.537309        0.492128
     C    2       -0.297108        0.492128        0.145240

     C    3        0.456075       -0.211438        0.127501
     C    3       -0.211438       -0.111867        0.084419
     C    3        0.127501        0.084419       -0.344208

     H    4        0.441209        0.249861        0.571530
     H    4        0.249861       -0.041477        0.110632
     H    4        0.571530        0.110632       -0.399732

     C    5       -0.220999        0.206249       -0.507871
     C    5        0.206249        0.259954        0.406924
     C    5       -0.507871        0.406924       -0.038954

     H    6       -0.270685       -0.135033        0.305767
     H    6       -0.135033        0.416499        0.469973
     H    6        0.305767        0.469973       -0.145814

     H    7       -0.048023        0.087600        0.028630
     H    7        0.087600       -0.049420       -0.580865
     H    7        0.028630       -0.580865        0.097443

     C    8       -0.206707       -0.119745       -0.101059
     C    8       -0.119745       -0.017228        0.451799
     C    8       -0.101059        0.451799        0.223935

     H    9        0.078261       -0.023986        0.246605
     H    9       -0.023986       -0.137118       -0.052401
     H    9        0.246605       -0.052401        0.058857

     C   10       -0.139772       -0.100410       -0.212619
     C   10       -0.100410       -0.056924        0.211406
     C   10       -0.212619        0.211406        0.196696

     C   11       -0.068910        0.545262       -0.086616
     C   11        0.545262        0.130118        0.327797
     C   11       -0.086616        0.327797       -0.061208

     Cl  12        2.122253        0.013651        0.115014
     Cl  12        0.013651        0.176168       -0.093067
     Cl  12        0.115014       -0.093067       -2.298422

     H   13       -0.197479       -0.173759        0.158971
     H   13       -0.173759        0.213518        0.574295
     H   13        0.158971        0.574295       -0.016039

     C   14        0.272026        0.364641       -0.141782
     C   14        0.364641        0.144395       -0.303352
     C   14       -0.141782       -0.303352       -0.416421

     H   15        0.446277        0.015456        0.545090
     H   15        0.015456       -0.235704        0.348178
     H   15        0.545090        0.348178       -0.210572

     C   16       -0.080383        0.149984       -0.096196
     C   16        0.149984        0.223495       -0.019004
     C   16       -0.096196       -0.019004       -0.143111

     C   17        0.172236       -0.390975       -0.273888
     C   17       -0.390975        0.284171       -0.617524
     C   17       -0.273888       -0.617524       -0.456407

     Cl  18        0.845691       -1.815580        0.986106
     Cl  18       -1.815580       -0.709731       -0.331903
     Cl  18        0.986106       -0.331903       -0.135960

     H   19       -0.044169       -0.027050        0.137775
     H   19       -0.027050        0.546072       -0.586828
     H   19        0.137775       -0.586828       -0.501903

     C   20       -0.369067       -0.036519        0.173503
     C   20       -0.036519        0.155859        0.147464
     C   20        0.173503        0.147464        0.213208

     H   21        0.437348       -0.054692        0.570166
     H   21       -0.054692       -0.269346       -0.388037
     H   21        0.570166       -0.388037       -0.168002

     C   22        0.180180        0.201396        0.247867
     C   22        0.201396        0.062810       -0.249223
     C   22        0.247867       -0.249223       -0.242990

     C   23       -0.250884       -0.131196       -0.202930
     C   23       -0.131196        0.189716        0.108519
     C   23       -0.202930        0.108519        0.061167

     Cl  24        0.151399        0.350961       -0.813843
     Cl  24        0.350961        1.173371        1.500892
     Cl  24       -0.813843        1.500892       -1.324769


     NQR/NMR SPECTROSCOPIC PARAMETERS:
     Cl   1    Vxx=   -0.4002    axis=(  0.260932  0.268624  0.927230)
     Cl   1    Vyy=   -0.6850    axis=(  0.548716  0.748981 -0.371399)
     Cl   1    Vzz=    1.0851    axis=( -0.794245  0.605696  0.048035)
     Cl   1  Q=        -8.1650 1e-30 m^2  Cq=       -20.8174 MHz  eta= 0.26246

     C    2    Vxx=    0.0382    axis=( -0.487248 -0.456151  0.744658)
     C    2    Vyy=    0.8744    axis=(  0.049156  0.837051  0.544912)
     C    2    Vzz=   -0.9126    axis=( -0.871879  0.302112 -0.385429)
     C    2  Q=         1.0000 1e-30 m^2  Cq=        -2.1442 MHz  eta= 0.91631

     C    3    Vxx=   -0.1209    axis=(  0.217385  0.865444  0.451387)
     C    3    Vyy=   -0.4156    axis=( -0.227721 -0.404717  0.885634)
     C    3    Vzz=    0.5365    axis=(  0.949151 -0.295314  0.109101)
     C    3  Q=         1.0000 1e-30 m^2  Cq=         1.2606 MHz  eta= 0.54914

     H    4    Vxx=   -0.1279    axis=(  0.259575 -0.952706  0.158025)
     H    4    Vyy=   -0.6891    axis=(  0.455250 -0.023595 -0.890051)
     H    4    Vzz=    0.8170    axis=(  0.851686  0.302976  0.427595)
     H    4  Q=         1.0000 1e-30 m^2  Cq=         1.9197 MHz  eta= 0.68690

     C    5    Vxx=    0.2389    axis=( -0.696137 -0.606485  0.384148)
     C    5    Vyy=    0.5749    axis=(  0.243987 -0.703110 -0.667913)
     C    5    Vzz=   -0.8139    axis=( -0.675177  0.371232 -0.637435)
     C    5  Q=         1.0000 1e-30 m^2  Cq=        -1.9123 MHz  eta= 0.41283

     H    6    Vxx=   -0.0024    axis=(  0.775964 -0.343433  0.529087)
     H    6    Vyy=   -0.6819    axis=(  0.629569  0.369776 -0.683307)
     H    6    Vzz=    0.6843    axis=(  0.039026  0.863319  0.503148)
     H    6  Q=         1.0000 1e-30 m^2  Cq=         1.6078 MHz  eta= 0.99288

     H    7    Vxx=   -0.0364    axis=(  0.985724  0.082423  0.146814)
     H    7    Vyy=   -0.5751    axis=( -0.158889  0.743834  0.649203)
     H    7    Vzz=    0.6115    axis=( -0.055696 -0.663262  0.746312)
     H    7  Q=         1.0000 1e-30 m^2  Cq=         1.4369 MHz  eta= 0.88084

     C    8    Vxx=   -0.2279    axis=( -0.954894  0.073988 -0.287581)
     C    8    Vyy=   -0.3722    axis=( -0.230925 -0.793878  0.562523)
     C    8    Vzz=    0.6001    axis=( -0.186684  0.603559  0.775155)
     C    8  Q=         1.0000 1e-30 m^2  Cq=         1.4099 MHz  eta= 0.24053

     H    9    Vxx=   -0.1335    axis=(  0.371984  0.898771 -0.232032)
     H    9    Vyy=   -0.1881    axis=( -0.594881  0.422714  0.683688)
     H    9    Vzz=    0.3216    axis=( -0.712562  0.116290 -0.691905)
     H    9  Q=         1.0000 1e-30 m^2  Cq=         0.7557 MHz  eta= 0.16975

     C   10    Vxx=   -0.1728    axis=(  0.213027  0.895854 -0.389954)
     C   10    Vyy=   -0.2427    axis=( -0.896139  0.020125 -0.443317)
     C   10    Vzz=    0.4155    axis=( -0.389299  0.443892  0.807097)
     C   10  Q=         1.0000 1e-30 m^2  Cq=         0.9763 MHz  eta= 0.16816

     C   11    Vxx=    0.0136    axis=( -0.523175  0.055895  0.850391)
     C   11    Vyy=    0.6450    axis=( -0.557868 -0.776808 -0.292152)
     C   11    Vzz=   -0.6586    axis=(  0.644260 -0.627252  0.437588)
     C   11  Q=         1.0000 1e-30 m^2  Cq=        -1.5475 MHz  eta= 0.95863

     Cl  12    Vxx=    0.1796    axis=( -0.004787  0.999276 -0.037752)
     Cl  12    Vyy=    2.1253    axis=( -0.999649 -0.005766 -0.025869)
     Cl  12    Vzz=   -2.3049    axis=( -0.026068  0.037614  0.998952)
     Cl  12  Q=        -8.1650 1e-30 m^2  Cq=        44.2189 MHz  eta= 0.84414

     H   13    Vxx=   -0.0690    axis=(  0.872689 -0.278529  0.401044)
     H   13    Vyy=   -0.6168    axis=( -0.486629 -0.563556  0.667530)
     H   13    Vzz=    0.6857    axis=( -0.040084  0.777705  0.627350)
     H   13  Q=         1.0000 1e-30 m^2  Cq=         1.6112 MHz  eta= 0.79885

     C   14    Vxx=   -0.1160    axis=(  0.708866 -0.635118  0.306812)
     C   14    Vyy=   -0.5495    axis=( -0.025485  0.411637  0.910992)
     C   14    Vzz=    0.6656    axis=( -0.704882 -0.653590  0.275610)
     C   14  Q=         1.0000 1e-30 m^2  Cq=         1.5638 MHz  eta= 0.65129

     H   15    Vxx=   -0.0783    axis=(  0.427369 -0.816525 -0.388126)
     H   15    Vyy=   -0.7115    axis=(  0.351023  0.545490 -0.761067)
     H   15    Vzz=    0.7898    axis=(  0.833150  0.189015  0.519745)
     H   15  Q=         1.0000 1e-30 m^2  Cq=         1.8558 MHz  eta= 0.80175

     C   16    Vxx=   -0.0648    axis=(  0.629099 -0.372275 -0.682383)
     C   16    Vyy=   -0.2272    axis=(  0.667260 -0.191692  0.719735)
     C   16    Vzz=    0.2920    axis=(  0.398747  0.908111 -0.127811)
     C   16  Q=         1.0000 1e-30 m^2  Cq=         0.6861 MHz  eta= 0.55624

     C   17    Vxx=    0.2420    axis=(  0.832385  0.210587 -0.512629)
     C   17    Vyy=    0.7303    axis=( -0.421991  0.840448 -0.339957)
     C   17    Vzz=   -0.9723    axis=(  0.359247  0.499300  0.788442)
     C   17  Q=         1.0000 1e-30 m^2  Cq=        -2.2844 MHz  eta= 0.50220

     Cl  18    Vxx=   -0.4863    axis=( -0.209627  0.343441  0.915480)
     Cl  18    Vyy=   -1.9524    axis=(  0.577498  0.799021 -0.167516)
     Cl  18    Vzz=    2.4386    axis=( -0.789020  0.493572 -0.365833)
     Cl  18  Q=        -8.1650 1e-30 m^2  Cq=       -46.7841 MHz  eta= 0.60119

     H   19    Vxx=   -0.0339    axis=(  0.983482  0.149343  0.102276)
     H   19    Vyy=   -0.7826    axis=( -0.154327  0.396556  0.904946)
     H   19    Vzz=    0.8165    axis=(  0.094589 -0.905782  0.413053)
     H   19  Q=         1.0000 1e-30 m^2  Cq=         1.9185 MHz  eta= 0.91684

     C   20    Vxx=    0.0735    axis=(  0.270547 -0.810477  0.519548)
     C   20    Vyy=    0.3533    axis=(  0.164410  0.570644  0.804571)
     C   20    Vzz=   -0.4268    axis=( -0.948564 -0.132256  0.287637)
     C   20  Q=         1.0000 1e-30 m^2  Cq=        -1.0027 MHz  eta= 0.65546

     H   21    Vxx=   -0.1080    axis=(  0.488799  0.778964 -0.392798)
     H   21    Vyy=   -0.7308    axis=( -0.334139  0.583082  0.740518)
     H   21    Vzz=    0.8388    axis=(  0.805870 -0.230715  0.545292)
     H   21  Q=         1.0000 1e-30 m^2  Cq=         1.9709 MHz  eta= 0.74250

     C   22    Vxx=    0.1847    axis=( -0.301849  0.737200 -0.604503)
     C   22    Vyy=    0.3392    axis=( -0.860783 -0.483307 -0.159582)
     C   22    Vzz=   -0.5239    axis=( -0.409804  0.472176  0.780455)
     C   22  Q=         1.0000 1e-30 m^2  Cq=        -1.2310 MHz  eta= 0.29489

     C   23    Vxx=    0.0252    axis=( -0.221268 -0.653729  0.723657)
     C   23    Vyy=    0.3353    axis=(  0.361091 -0.744229 -0.561905)
     C   23    Vzz=   -0.3605    axis=( -0.905899 -0.136975 -0.400729)
     C   23  Q=         1.0000 1e-30 m^2  Cq=        -0.8470 MHz  eta= 0.86028

     Cl  24    Vxx=    0.4655    axis=(  0.942156  0.158769 -0.295187)
     Cl  24    Vyy=    1.8775    axis=( -0.018134  0.903548  0.428104)
     Cl  24    Vzz=   -2.3430    axis=(  0.334685 -0.397988  0.854161)
     Cl  24  Q=        -8.1650 1e-30 m^2  Cq=        44.9489 MHz  eta= 0.60262

     Initialization:
     gipaw_setup  :      9.14s CPU     10.76s WALL (       1 calls)

     Linear response

     Apply operators

     Induced current

     Other routines
     efg          :      9.20s CPU     11.44s WALL (       1 calls)

     General routines
     calbec       :      3.26s CPU      4.28s WALL (      16 calls)
     fft          :      1.63s CPU      2.43s WALL (      15 calls)
     ffts         :      0.02s CPU      0.04s WALL (       2 calls)
     fftw         :      3.19s CPU      3.83s WALL (     672 calls)
     davcio       :      0.03s CPU      0.32s WALL (      32 calls)

     Parallel routines
     fft_scatter  :      2.11s CPU      3.37s WALL (     689 calls)

     Plugins

     GIPAW        :     60.62s CPU     71.51s WALL (       1 calls)
