
     Program QE v.6.0 (svn rev. 13079) starts on 23Dec2016 at 17:41:14 

     This program is part of the open-source Quantum ESPRESSO suite
     for quantum simulation of materials; please cite
         "P. Giannozzi et al., J. Phys.:Condens. Matter 21 395502 (2009);
          URL http://www.quantum-espresso.org", 
     in publications or presentations arising from this work. More details at
     http://www.quantum-espresso.org/quote

     Parallel version (MPI), running on     8 processors
     R & G space division:  proc/nbgrp/npool/nimage =       8

     ***** This is GIPAW svn revision unknown      *****

     Parallelizing q-star over 1 images

     Reading data from directory:
     /users/majewski/paradichlorobenzene/pbe/9_constraint/scratch/pbe.ecut100.np8.dt60.pcl2phi-129368.save
     Message from routine read_xml_file:
     file /users/majewski/paradichlorobenzene/pbe/9_constraint/scratch/pbe.ecut100.np8.dt60.pcl2phi-129368.save not guaranteed to be safe for post-processing

   Info: using nr1, nr2, nr3 values from input

   Info: using nr1, nr2, nr3 values from input

     IMPORTANT: XC functional enforced from input :
     Exchange-correlation      =  SLA  PW   PBX  PBC ( 1  4  3  4 0 0)
     Any further DFT definition will be discarded
     Please, verify this is what you really want

               file C.pbe-n-kjpaw_psl.1.0.0.UPF: wavefunction(s)  2S 2P renormalized
               file Cl.pbe-n-kjpaw_psl.1.0.0.UPF: wavefunction(s)  3S 3P renormalized
               file H.pbe-kjpaw_psl.1.0.0.UPF: wavefunction(s)  1S renormalized

     Parallelization info
     --------------------
     sticks:   dense  smooth     PW     G-vecs:    dense   smooth      PW
     Min        3057    1223    332               144436    36536    5170
     Max        3059    1225    333               144437    36537    5171
     Sum       24467    9791   2657              1155489   292295   41363


     Subspace diagonalization in iterative solution of the eigenvalue problem:
     a serial algorithm will be used

     GIPAW projectors -----------------------------------------------
     atom=  C    l=0  rc=    1.2000  rs=    0.8000
     atom=  C    l=0  rc=    1.2000  rs=    0.8000
     atom=  C    l=1  rc=    1.4000  rs=    0.9333
     atom=  C    l=1  rc=    1.4000  rs=    0.9333
     projs nearly linearly dependent: l=1  n1,n2= 1, 2  s=  0.99951561

     atom=  Cl   l=0  rc=    1.6000  rs=    1.0667
     atom=  Cl   l=0  rc=    1.6000  rs=    1.0667
     atom=  Cl   l=1  rc=    1.6000  rs=    1.0667
     atom=  Cl   l=1  rc=    1.6000  rs=    1.0667
     atom=  Cl   l=2  rc=    1.6000  rs=    1.0667
     atom=  Cl   l=2  rc=    1.6000  rs=    1.0667
     projs nearly linearly dependent: l=2  n1,n2= 1, 2  s=  0.99993509

     atom=  H    l=0  rc=    1.0000  rs=    0.6667
     atom=  H    l=0  rc=    1.0000  rs=    0.6667
     projs nearly linearly dependent: l=0  n1,n2= 1, 2  s=  0.99968852
     -----------------------------------------------------------------

     GIPAW integrals: -------------------------------------------
     Atom  i/j   nmr_para   nmr_dia   epr_rmc  epr_para   epr_dia
       C   1 1   0.83E+03  0.17E-01  0.93E+01  0.24E+08  0.24E+03
       C   2 1   0.86E+03 -0.61E-01  0.94E+01  0.25E+08  0.25E+03
       C   2 2   0.90E+03 -0.15E+00  0.97E+01  0.26E+08  0.26E+03
       C   3 3   0.33E+01  0.34E+00  0.18E+01  0.55E+03  0.21E+02
       C   4 3   0.35E+01  0.37E+00  0.20E+01  0.59E+03  0.22E+02
       C   4 4   0.38E+01  0.39E+00  0.22E+01  0.63E+03  0.24E+02
       Cl  1 1   0.14E+04 -0.47E+00  0.84E+01  0.32E+09  0.42E+03
       Cl  2 1   0.21E+04 -0.37E+00  0.12E+02  0.49E+09  0.65E+03
       Cl  2 2   0.33E+04 -0.16E+00  0.21E+02  0.76E+09  0.10E+04
       Cl  3 3   0.21E+02  0.79E-01  0.89E+01  0.23E+05  0.13E+03
       Cl  4 3   0.24E+02  0.67E-01  0.99E+01  0.27E+05  0.15E+03
       Cl  4 4   0.28E+02  0.44E-01  0.11E+02  0.32E+05  0.18E+03
       Cl  5 5   0.77E+00  0.19E+00  0.18E+01  0.12E+03  0.22E+02
       Cl  6 5   0.80E+00  0.19E+00  0.19E+01  0.12E+03  0.23E+02
       Cl  6 6   0.83E+00  0.20E+00  0.19E+01  0.12E+03  0.23E+02
       H   1 1   0.39E+02  0.19E+00  0.29E+00  0.78E+05  0.13E+02
       H   2 1   0.41E+02  0.21E+00  0.32E+00  0.82E+05  0.14E+02
       H   2 2   0.43E+02  0.22E+00  0.36E+00  0.86E+05  0.15E+02
     ------------------------------------------------------------

     alpha_pv=     34.2558 eV

     Number of occupied bands for each k-point:
     k-point:     1    nbnd_occ=  42
     k-point:     2    nbnd_occ=  42
     k-point:     3    nbnd_occ=  42
     k-point:     4    nbnd_occ=  42
     k-point:     5    nbnd_occ=  42
     k-point:     6    nbnd_occ=  42
     k-point:     7    nbnd_occ=  42
     k-point:     8    nbnd_occ=  42
     k-point:     9    nbnd_occ=  42
     k-point:    10    nbnd_occ=  42
     k-point:    11    nbnd_occ=  42
     k-point:    12    nbnd_occ=  42
     k-point:    13    nbnd_occ=  42
     k-point:    14    nbnd_occ=  42
     k-point:    15    nbnd_occ=  42
     k-point:    16    nbnd_occ=  42


     q-space interpolation up to   110.00 Rydberg

     GIPAW job: efg                                                                             


     ELECTRIC FIELD GRADIENTS TENSORS IN Hartree/bohrradius^2:

     ----- bare term -----
     Cl   1        0.316891        0.027338        0.245070
     Cl   1        0.027338        0.314071        0.401823
     Cl   1        0.245070        0.401823       -0.630961

     C    2       -0.596138       -0.004886       -0.227211
     C    2       -0.004886        0.012510       -0.260791
     C    2       -0.227211       -0.260791        0.583627

     C    3        0.041374        0.503426        0.060110
     C    3        0.503426       -0.527590       -0.462904
     C    3        0.060110       -0.462904        0.486215

     H    4       -0.522019       -0.169560       -0.321047
     H    4       -0.169560        0.357836       -0.306847
     H    4       -0.321047       -0.306847        0.164183

     C    5       -0.648993        0.401593       -0.442541
     C    5        0.401593        0.380522       -0.239647
     C    5       -0.442541       -0.239647        0.268471

     H    6        0.483839       -0.064891        0.119381
     H    6       -0.064891       -0.188920       -0.345240
     H    6        0.119381       -0.345240       -0.294919

     H    7        0.328254        0.290456        0.084646
     H    7        0.290456       -0.570955        0.208264
     H    7        0.084646        0.208264        0.242701

     C    8       -0.485224        0.068074       -0.263358
     C    8        0.068074       -0.036970        0.319017
     C    8       -0.263358        0.319017        0.522194

     H    9       -0.388633        0.248728       -0.501267
     H    9        0.248728        0.154997        0.219072
     H    9       -0.501267        0.219072        0.233637

     C   10       -0.107434       -0.419984        0.033174
     C   10       -0.419984       -0.490053        0.521655
     C   10        0.033174        0.521655        0.597487

     C   11       -0.184347        0.110335       -0.377313
     C   11        0.110335       -0.081560        0.530182
     C   11       -0.377313        0.530182        0.265908

     Cl  12       -0.011176       -0.156707       -0.084290
     Cl  12       -0.156707        0.044639        0.075426
     Cl  12       -0.084290        0.075426       -0.033462

     H   13        0.379511       -0.093471       -0.320017
     H   13       -0.093471        0.018938       -0.444434
     H   13       -0.320017       -0.444434       -0.398450

     C   14       -0.180767        0.329228       -0.057492
     C   14        0.329228       -0.400307       -0.358194
     C   14       -0.057492       -0.358194        0.581074

     H   15       -0.376383       -0.529208       -0.244845
     H   15       -0.529208        0.022193       -0.085675
     H   15       -0.244845       -0.085675        0.354190

     C   16       -0.319784        0.329650       -0.358721
     C   16        0.329650        0.006482       -0.395128
     C   16       -0.358721       -0.395128        0.313302

     C   17       -0.040795        0.339380       -0.181188
     C   17        0.339380       -0.082792       -0.612682
     C   17       -0.181188       -0.612682        0.123587

     Cl  18       -0.052593        0.187274       -0.090681
     Cl  18        0.187274        0.094786       -0.112833
     Cl  18       -0.090681       -0.112833       -0.042193

     H   19        0.470338        0.046608       -0.205026
     H   19        0.046608        0.020825        0.406838
     H   19       -0.205026        0.406838       -0.491162

     C   20       -0.241178       -0.348830        0.007609
     C   20       -0.348830       -0.308954        0.423929
     C   20        0.007609        0.423929        0.550133

     H   21        0.089964        0.087968       -0.476303
     H   21        0.087968        0.474340        0.043438
     H   21       -0.476303        0.043438       -0.564304

     C   22       -0.283394       -0.067186       -0.183787
     C   22       -0.067186       -0.050978        0.307144
     C   22       -0.183787        0.307144        0.334372

     C   23       -0.152431       -0.305675       -0.123850
     C   23       -0.305675       -0.334651        0.359982
     C   23       -0.123850        0.359982        0.487082

     Cl  24       -0.094382        0.010577       -0.065805
     Cl  24        0.010577       -0.057108        0.108903
     Cl  24       -0.065805        0.108903        0.151490

     ----- ionic term -----
     Cl   1        0.174030       -0.161552       -0.058768
     Cl   1       -0.161552       -0.081185        0.022414
     Cl   1       -0.058768        0.022414       -0.092845

     C    2        0.307341       -0.090866        0.132709
     C    2       -0.090866       -0.122076        0.474319
     C    2        0.132709        0.474319       -0.185265

     C    3        0.244503       -0.262277        0.053417
     C    3       -0.262277       -0.001206        0.449685
     C    3        0.053417        0.449685       -0.243297

     H    4        0.741546        0.326119        0.561583
     H    4        0.326119       -0.473134        0.223008
     H    4        0.561583        0.223008       -0.268412

     C    5        0.378978       -0.198626        0.151346
     C    5       -0.198626       -0.072753        0.360520
     C    5        0.151346        0.360520       -0.306225

     H    6       -0.521930        0.065349        0.064104
     H    6        0.065349        0.472812        0.797427
     H    6        0.064104        0.797427        0.049118

     H    7       -0.447162       -0.232973        0.177591
     H    7       -0.232973        0.480136       -0.717887
     H    7        0.177591       -0.717887       -0.032974

     C    8        0.251654        0.126506        0.366555
     C    8        0.126506        0.046649       -0.258832
     C    8        0.366555       -0.258832       -0.298303

     H    9        0.456236       -0.364207        0.704591
     H    9       -0.364207       -0.338253       -0.313690
     H    9        0.704591       -0.313690       -0.117983

     C   10        0.010998        0.191720        0.255992
     C   10        0.191720        0.325908       -0.379873
     C   10        0.255992       -0.379873       -0.336907

     C   11        0.020669        0.190522        0.307126
     C   11        0.190522        0.264076       -0.365399
     C   11        0.307126       -0.365399       -0.284746

     Cl  12        0.110479        0.198854        0.043920
     Cl  12        0.198854        0.039385        0.023928
     Cl  12        0.043920        0.023928       -0.149864

     H   13       -0.488489        0.177812        0.126178
     H   13        0.177812        0.461026        0.784408
     H   13        0.126178        0.784408        0.027464

     C   14        0.372048       -0.086813        0.180724
     C   14       -0.086813       -0.109796        0.384146
     C   14        0.180724        0.384146       -0.262252

     H   15        0.605610        0.431800        0.580641
     H   15        0.431800       -0.379076        0.301801
     H   15        0.580641        0.301801       -0.226534

     C   16        0.176655       -0.190925        0.054261
     C   16       -0.190925        0.058858        0.506438
     C   16        0.054261        0.506438       -0.235513

     C   17        0.253215       -0.204445        0.199298
     C   17       -0.204445        0.025527        0.423784
     C   17        0.199298        0.423784       -0.278741

     Cl  18        0.124234       -0.224096        0.002791
     Cl  18       -0.224096        0.022695       -0.001603
     Cl  18        0.002791       -0.001603       -0.146929

     H   19       -0.526299       -0.066652        0.069293
     H   19       -0.066652        0.558434       -0.734777
     H   19        0.069293       -0.734777       -0.032135

     C   20        0.166387        0.238018        0.309452
     C   20        0.238018        0.082754       -0.262741
     C   20        0.309452       -0.262741       -0.249142

     H   21        0.441471       -0.317499        0.726002
     H   21       -0.317499       -0.399158       -0.294900
     H   21        0.726002       -0.294900       -0.042313

     C   22        0.084306        0.255663        0.232546
     C   22        0.255663        0.206660       -0.345560
     C   22        0.232546       -0.345560       -0.290966

     C   23        0.208281        0.217012        0.264843
     C   23        0.217012        0.110331       -0.367977
     C   23        0.264843       -0.367977       -0.318612

     Cl  24        0.137872        0.237620        0.000238
     Cl  24        0.237620        0.011115       -0.004382
     Cl  24        0.000238       -0.004382       -0.148987

     ----- GIPAW term -----
     Cl   1        0.404402       -0.341543       -0.130894
     Cl   1       -0.341543       -0.001607        0.250346
     Cl   1       -0.130894        0.250346       -0.402795

     C    2       -0.152527       -0.077719        0.050394
     C    2       -0.077719       -0.115421        0.031594
     C    2        0.050394        0.031594        0.267948

     C    3       -0.006246        0.151612        0.131498
     C    3        0.151612       -0.102218        0.060482
     C    3        0.131498        0.060482        0.108464

     H    4       -0.000000        0.000000        0.000000
     H    4        0.000000        0.000000        0.000000
     H    4        0.000000        0.000000        0.000000

     C    5       -0.132431        0.187744       -0.074734
     C    5        0.187744        0.208451       -0.046888
     C    5       -0.074734       -0.046888       -0.076020

     H    6       -0.000000        0.000000        0.000000
     H    6        0.000000        0.000000        0.000000
     H    6        0.000000        0.000000        0.000000

     H    7       -0.000000        0.000000        0.000000
     H    7        0.000000        0.000000        0.000000
     H    7        0.000000        0.000000        0.000000

     C    8       -0.150067        0.044001        0.037380
     C    8        0.044001       -0.071672        0.152244
     C    8        0.037380        0.152244        0.221739

     H    9       -0.000000        0.000000        0.000000
     H    9        0.000000        0.000000        0.000000
     H    9        0.000000        0.000000        0.000000

     C   10       -0.050472       -0.055068        0.110138
     C   10       -0.055068       -0.156148        0.085667
     C   10        0.110138        0.085667        0.206620

     C   11        0.065440        0.169426       -0.022897
     C   11        0.169426       -0.031186        0.089498
     C   11       -0.022897        0.089498       -0.034254

     Cl  12        1.305726        0.886094       -0.684541
     Cl  12        0.886094        0.579086        0.694907
     Cl  12       -0.684541        0.694907       -1.884812

     H   13       -0.000000        0.000000        0.000000
     H   13        0.000000        0.000000        0.000000
     H   13        0.000000        0.000000        0.000000

     C   14       -0.080832        0.064595        0.078572
     C   14        0.064595       -0.199168       -0.012019
     C   14        0.078572       -0.012019        0.280000

     H   15       -0.000000        0.000000        0.000000
     H   15        0.000000        0.000000        0.000000
     H   15        0.000000        0.000000        0.000000

     C   16       -0.046181        0.146171       -0.108139
     C   16        0.146171        0.071815       -0.072607
     C   16       -0.108139       -0.072607       -0.025633

     C   17        0.056754        0.128070       -0.111111
     C   17        0.128070        0.051276       -0.177509
     C   17       -0.111111       -0.177509       -0.108030

     Cl  18        0.948712       -0.127634       -1.039357
     Cl  18       -0.127634        0.941960       -1.207778
     Cl  18       -1.039357       -1.207778       -1.890672

     H   19       -0.000000        0.000000        0.000000
     H   19        0.000000        0.000000        0.000000
     H   19        0.000000        0.000000        0.000000

     C   20       -0.098426       -0.029445        0.105567
     C   20       -0.029445       -0.176677        0.136491
     C   20        0.105567        0.136491        0.275103

     H   21       -0.000000        0.000000        0.000000
     H   21        0.000000        0.000000        0.000000
     H   21        0.000000        0.000000        0.000000

     C   22       -0.154011        0.027971        0.006540
     C   22        0.027971       -0.067011        0.111134
     C   22        0.006540        0.111134        0.221022

     C   23       -0.084034        0.034892        0.028321
     C   23        0.034892       -0.092169        0.141681
     C   23        0.028321        0.141681        0.176203

     Cl  24       -0.325767        1.854091       -0.249067
     Cl  24        1.854091       -0.452009        1.787280
     Cl  24       -0.249067        1.787280        0.777777

     ----- total EFG -----
     Cl   1        0.895323       -0.475757        0.055408
     Cl   1       -0.475757        0.231279        0.674583
     Cl   1        0.055408        0.674583       -1.126602

     C    2       -0.441323       -0.173471       -0.044108
     C    2       -0.173471       -0.224987        0.245121
     C    2       -0.044108        0.245121        0.666310

     C    3        0.279631        0.392761        0.245024
     C    3        0.392761       -0.631013        0.047263
     C    3        0.245024        0.047263        0.351382

     H    4        0.219527        0.156559        0.240536
     H    4        0.156559       -0.115297       -0.083839
     H    4        0.240536       -0.083839       -0.104230

     C    5       -0.402446        0.390711       -0.365928
     C    5        0.390711        0.516219        0.073985
     C    5       -0.365928        0.073985       -0.113774

     H    6       -0.038091        0.000458        0.183485
     H    6        0.000458        0.283892        0.452187
     H    6        0.183485        0.452187       -0.245801

     H    7       -0.118908        0.057483        0.262237
     H    7        0.057483       -0.090819       -0.509623
     H    7        0.262237       -0.509623        0.209727

     C    8       -0.383637        0.238581        0.140577
     C    8        0.238581       -0.061993        0.212430
     C    8        0.140577        0.212430        0.445630

     H    9        0.067603       -0.115479        0.203323
     H    9       -0.115479       -0.183256       -0.094618
     H    9        0.203323       -0.094618        0.115653

     C   10       -0.146908       -0.283332        0.399304
     C   10       -0.283332       -0.320293        0.227450
     C   10        0.399304        0.227450        0.467200

     C   11       -0.098238        0.470282       -0.093084
     C   11        0.470282        0.151330        0.254282
     C   11       -0.093084        0.254282       -0.053092

     Cl  12        1.405029        0.928242       -0.724911
     Cl  12        0.928242        0.663110        0.794261
     Cl  12       -0.724911        0.794261       -2.068139

     H   13       -0.108978        0.084341       -0.193839
     H   13        0.084341        0.479964        0.339975
     H   13       -0.193839        0.339975       -0.370986

     C   14        0.110449        0.307010        0.201804
     C   14        0.307010       -0.709272        0.013932
     C   14        0.201804        0.013932        0.598822

     H   15        0.229227       -0.097407        0.335796
     H   15       -0.097407       -0.356882        0.216126
     H   15        0.335796        0.216126        0.127655

     C   16       -0.189311        0.284896       -0.412599
     C   16        0.284896        0.137155        0.038703
     C   16       -0.412599        0.038703        0.052156

     C   17        0.269173        0.263006       -0.093001
     C   17        0.263006       -0.005989       -0.366407
     C   17       -0.093001       -0.366407       -0.263184

     Cl  18        1.020353       -0.164456       -1.127246
     Cl  18       -0.164456        1.059441       -1.322215
     Cl  18       -1.127246       -1.322215       -2.079794

     H   19       -0.055961       -0.020044       -0.135732
     H   19       -0.020044        0.579258       -0.327939
     H   19       -0.135732       -0.327939       -0.523297

     C   20       -0.173218       -0.140257        0.422628
     C   20       -0.140257       -0.402876        0.297679
     C   20        0.422628        0.297679        0.576094

     H   21        0.531435       -0.229531        0.249699
     H   21       -0.229531        0.075182       -0.251462
     H   21        0.249699       -0.251462       -0.606617

     C   22       -0.353100        0.216447        0.055299
     C   22        0.216447        0.088671        0.072718
     C   22        0.055299        0.072718        0.264429

     C   23       -0.028185       -0.053771        0.169314
     C   23       -0.053771       -0.316489        0.133686
     C   23        0.169314        0.133686        0.344674

     Cl  24       -0.282277        2.102288       -0.314633
     Cl  24        2.102288       -0.498002        1.891801
     Cl  24       -0.314633        1.891801        0.780279

     ----- total EFG (symmetrized) -----
     Cl   1        0.895323       -0.475757        0.055408
     Cl   1       -0.475757        0.231279        0.674583
     Cl   1        0.055408        0.674583       -1.126602

     C    2       -0.441323       -0.173471       -0.044108
     C    2       -0.173471       -0.224987        0.245121
     C    2       -0.044108        0.245121        0.666310

     C    3        0.279631        0.392761        0.245024
     C    3        0.392761       -0.631013        0.047263
     C    3        0.245024        0.047263        0.351382

     H    4        0.219527        0.156559        0.240536
     H    4        0.156559       -0.115297       -0.083839
     H    4        0.240536       -0.083839       -0.104230

     C    5       -0.402446        0.390711       -0.365928
     C    5        0.390711        0.516219        0.073985
     C    5       -0.365928        0.073985       -0.113774

     H    6       -0.038091        0.000458        0.183485
     H    6        0.000458        0.283892        0.452187
     H    6        0.183485        0.452187       -0.245801

     H    7       -0.118908        0.057483        0.262237
     H    7        0.057483       -0.090819       -0.509623
     H    7        0.262237       -0.509623        0.209727

     C    8       -0.383637        0.238581        0.140577
     C    8        0.238581       -0.061993        0.212430
     C    8        0.140577        0.212430        0.445630

     H    9        0.067603       -0.115479        0.203323
     H    9       -0.115479       -0.183256       -0.094618
     H    9        0.203323       -0.094618        0.115653

     C   10       -0.146908       -0.283332        0.399304
     C   10       -0.283332       -0.320293        0.227450
     C   10        0.399304        0.227450        0.467200

     C   11       -0.098238        0.470282       -0.093084
     C   11        0.470282        0.151330        0.254282
     C   11       -0.093084        0.254282       -0.053092

     Cl  12        1.405029        0.928242       -0.724911
     Cl  12        0.928242        0.663110        0.794261
     Cl  12       -0.724911        0.794261       -2.068139

     H   13       -0.108978        0.084341       -0.193839
     H   13        0.084341        0.479964        0.339975
     H   13       -0.193839        0.339975       -0.370986

     C   14        0.110449        0.307010        0.201804
     C   14        0.307010       -0.709272        0.013932
     C   14        0.201804        0.013932        0.598822

     H   15        0.229227       -0.097407        0.335796
     H   15       -0.097407       -0.356882        0.216126
     H   15        0.335796        0.216126        0.127655

     C   16       -0.189311        0.284896       -0.412599
     C   16        0.284896        0.137155        0.038703
     C   16       -0.412599        0.038703        0.052156

     C   17        0.269173        0.263006       -0.093001
     C   17        0.263006       -0.005989       -0.366407
     C   17       -0.093001       -0.366407       -0.263184

     Cl  18        1.020353       -0.164456       -1.127246
     Cl  18       -0.164456        1.059441       -1.322215
     Cl  18       -1.127246       -1.322215       -2.079794

     H   19       -0.055961       -0.020044       -0.135732
     H   19       -0.020044        0.579258       -0.327939
     H   19       -0.135732       -0.327939       -0.523297

     C   20       -0.173218       -0.140257        0.422628
     C   20       -0.140257       -0.402876        0.297679
     C   20        0.422628        0.297679        0.576094

     H   21        0.531435       -0.229531        0.249699
     H   21       -0.229531        0.075182       -0.251462
     H   21        0.249699       -0.251462       -0.606617

     C   22       -0.353100        0.216447        0.055299
     C   22        0.216447        0.088671        0.072718
     C   22        0.055299        0.072718        0.264429

     C   23       -0.028185       -0.053771        0.169314
     C   23       -0.053771       -0.316489        0.133686
     C   23        0.169314        0.133686        0.344674

     Cl  24       -0.282277        2.102288       -0.314633
     Cl  24        2.102288       -0.498002        1.891801
     Cl  24       -0.314633        1.891801        0.780279


     NQR/NMR SPECTROSCOPIC PARAMETERS:
     Cl   1    Vxx=    0.2506    axis=(  0.524360  0.756168  0.391480)
     Cl   1    Vyy=    1.1784    axis=(  0.845179 -0.518101 -0.131314)
     Cl   1    Vzz=   -1.4290    axis=( -0.103531 -0.399727  0.910769)
     Cl   1  Q=        -8.1650 1e-30 m^2  Cq=        27.4140 MHz  eta= 0.64924

     C    2    Vxx=   -0.1921    axis=( -0.520441  0.813644 -0.259086)
     C    2    Vyy=   -0.5436    axis=(  0.850661  0.520420 -0.074424)
     C    2    Vzz=    0.7357    axis=( -0.074279  0.259127  0.962983)
     C    2  Q=         1.0000 1e-30 m^2  Cq=         1.7285 MHz  eta= 0.47781

     C    3    Vxx=    0.1406    axis=( -0.600536 -0.259339  0.756373)
     C    3    Vyy=    0.6379    axis=(  0.716255  0.246017  0.653035)
     C    3    Vzz=   -0.7786    axis=( -0.355438  0.933927  0.038011)
     C    3  Q=         1.0000 1e-30 m^2  Cq=        -1.8293 MHz  eta= 0.63873

     H    4    Vxx=   -0.0322    axis=( -0.092094 -0.787738  0.609087)
     H    4    Vyy=   -0.3372    axis=(  0.455229 -0.577328 -0.677833)
     H    4    Vzz=    0.3693    axis=(  0.885599  0.214850  0.411770)
     H    4  Q=         1.0000 1e-30 m^2  Cq=         0.8678 MHz  eta= 0.82581

     C    5    Vxx=    0.0934    axis=( -0.437358  0.253148  0.862922)
     C    5    Vyy=    0.6648    axis=( -0.368125 -0.925879  0.085039)
     C    5    Vzz=   -0.7582    axis=(  0.820489 -0.280471  0.498131)
     C    5  Q=         1.0000 1e-30 m^2  Cq=        -1.7814 MHz  eta= 0.75363

     H    6    Vxx=   -0.0031    axis=(  0.941358 -0.285302  0.180133)
     H    6    Vyy=   -0.5546    axis=(  0.298059  0.452942 -0.840240)
     H    6    Vzz=    0.5578    axis=(  0.158133  0.844657  0.511418)
     H    6  Q=         1.0000 1e-30 m^2  Cq=         1.3105 MHz  eta= 0.98882

     H    7    Vxx=   -0.0647    axis=(  0.870226  0.487189  0.073168)
     H    7    Vyy=   -0.5692    axis=( -0.431280  0.681582  0.591138)
     H    7    Vzz=    0.6339    axis=(  0.238126 -0.545979  0.803245)
     H    7  Q=         1.0000 1e-30 m^2  Cq=         1.4893 MHz  eta= 0.79592

     C    8    Vxx=   -0.0615    axis=(  0.398761  0.801224 -0.446127)
     C    8    Vyy=   -0.5112    axis=( -0.888393  0.458179  0.028799)
     C    8    Vzz=    0.5728    axis=(  0.227481  0.384852  0.894506)
     C    8  Q=         1.0000 1e-30 m^2  Cq=         1.3458 MHz  eta= 0.78513

     H    9    Vxx=   -0.1088    axis=( -0.690193  0.179745  0.700946)
     H    9    Vyy=   -0.2293    axis=( -0.318673 -0.945171 -0.071412)
     H    9    Vzz=    0.3382    axis=(  0.649678 -0.272660  0.709630)
     H    9  Q=         1.0000 1e-30 m^2  Cq=         0.7945 MHz  eta= 0.35642

     C   10    Vxx=    0.0180    axis=(  0.664212 -0.711177 -0.230327)
     C   10    Vyy=    0.6710    axis=( -0.411406 -0.090506 -0.906947)
     C   10    Vzz=   -0.6890    axis=(  0.624154  0.697163 -0.352698)
     C   10  Q=         1.0000 1e-30 m^2  Cq=        -1.6189 MHz  eta= 0.94778

     C   11    Vxx=    0.0150    axis=( -0.487223  0.055150  0.871535)
     C   11    Vyy=    0.5511    axis=( -0.543422 -0.800380 -0.253147)
     C   11    Vzz=   -0.5661    axis=(  0.683598 -0.596951  0.419933)
     C   11  Q=         1.0000 1e-30 m^2  Cq=        -1.3301 MHz  eta= 0.94688

     Cl  12    Vxx=    0.4767    axis=( -0.485860  0.785399  0.383522)
     Cl  12    Vyy=    2.0405    axis=(  0.839948  0.540910 -0.043631)
     Cl  12    Vzz=   -2.5172    axis=(  0.241719 -0.300940  0.922500)
     Cl  12  Q=        -8.1650 1e-30 m^2  Cq=        48.2910 MHz  eta= 0.62122

     H   13    Vxx=   -0.0157    axis=(  0.913598  0.112549 -0.390731)
     H   13    Vyy=   -0.5838    axis=( -0.405956  0.307264 -0.860691)
     H   13    Vzz=    0.5995    axis=(  0.023187  0.944945  0.326406)
     H   13  Q=         1.0000 1e-30 m^2  Cq=         1.4085 MHz  eta= 0.94767

     C   14    Vxx=    0.1311    axis=(  0.869188  0.311156 -0.384311)
     C   14    Vyy=    0.6822    axis=(  0.374950  0.091962  0.922472)
     C   14    Vzz=   -0.8134    axis=( -0.322375  0.945899  0.036736)
     C   14  Q=         1.0000 1e-30 m^2  Cq=        -1.9111 MHz  eta= 0.67757

     H   15    Vxx=   -0.0140    axis=( -0.597983  0.542059  0.590414)
     H   15    Vyy=   -0.5096    axis=(  0.314434  0.836230 -0.449278)
     H   15    Vzz=    0.5236    axis=(  0.737257  0.083014  0.670493)
     H   15  Q=         1.0000 1e-30 m^2  Cq=         1.2304 MHz  eta= 0.94645

     C   16    Vxx=    0.1449    axis=( -0.059852  0.798094  0.599553)
     C   16    Vyy=    0.4432    axis=( -0.619768 -0.500547  0.604433)
     C   16    Vzz=   -0.5880    axis=( -0.782499  0.335407 -0.524592)
     C   16  Q=         1.0000 1e-30 m^2  Cq=        -1.3817 MHz  eta= 0.50729

     C   17    Vxx=   -0.0017    axis=(  0.685916 -0.529998  0.498619)
     C   17    Vyy=   -0.5311    axis=( -0.106887  0.604403  0.789476)
     C   17    Vzz=    0.5328    axis=( -0.719787 -0.594811  0.357920)
     C   17  Q=         1.0000 1e-30 m^2  Cq=         1.2518 MHz  eta= 0.99379

     Cl  18    Vxx=    1.1958    axis=(  0.806579 -0.589805 -0.039493)
     Cl  18    Vyy=    1.6864    axis=(  0.522975  0.743138 -0.417426)
     Cl  18    Vzz=   -2.8822    axis=(  0.275549  0.316033  0.907852)
     Cl  18  Q=        -8.1650 1e-30 m^2  Cq=        55.2937 MHz  eta= 0.17022

     H   19    Vxx=   -0.0249    axis=(  0.973996 -0.082278 -0.211097)
     H   19    Vyy=   -0.6450    axis=(  0.225352  0.255537  0.940169)
     H   19    Vzz=    0.6698    axis=( -0.023411 -0.963292  0.267434)
     H   19  Q=         1.0000 1e-30 m^2  Cq=         1.5738 MHz  eta= 0.92580

     C   20    Vxx=   -0.1540    axis=(  0.752124 -0.634947 -0.176498)
     C   20    Vyy=   -0.6519    axis=(  0.546961  0.750824 -0.370266)
     C   20    Vzz=    0.8058    axis=(  0.367618  0.181948  0.912004)
     C   20  Q=         1.0000 1e-30 m^2  Cq=         1.8934 MHz  eta= 0.61782

     H   21    Vxx=    0.0034    axis=(  0.459723  0.871437 -0.171032)
     H   21    Vyy=    0.7098    axis=( -0.876476  0.414224 -0.245373)
     H   21    Vzz=   -0.7133    axis=( -0.142981  0.262709  0.954222)
     H   21  Q=         1.0000 1e-30 m^2  Cq=        -1.6759 MHz  eta= 0.99033

     C   22    Vxx=    0.1226    axis=(  0.301087  0.795869 -0.525299)
     C   22    Vyy=    0.3197    axis=(  0.223243  0.476726  0.850232)
     C   22    Vzz=   -0.4423    axis=( -0.927097  0.373263  0.034136)
     C   22  Q=         1.0000 1e-30 m^2  Cq=        -1.0392 MHz  eta= 0.44579

     C   23    Vxx=   -0.0592    axis=(  0.904677 -0.329449 -0.270228)
     C   23    Vyy=   -0.3662    axis=(  0.268306  0.933120 -0.239371)
     C   23    Vzz=    0.4254    axis=(  0.331015  0.144050  0.932566)
     C   23  Q=         1.0000 1e-30 m^2  Cq=         0.9996 MHz  eta= 0.72179

     Cl  24    Vxx=    0.5812    axis=( -0.708747 -0.189394  0.679564)
     Cl  24    Vyy=    2.5925    axis=( -0.417537 -0.663831 -0.620476)
     Cl  24    Vzz=   -3.1737    axis=( -0.568630  0.723504 -0.391410)
     Cl  24  Q=        -8.1650 1e-30 m^2  Cq=        60.8863 MHz  eta= 0.63375

     Initialization:
     gipaw_setup  :      9.39s CPU     11.22s WALL (       1 calls)

     Linear response

     Apply operators

     Induced current

     Other routines
     efg          :      9.42s CPU     12.18s WALL (       1 calls)

     General routines
     calbec       :      3.42s CPU      4.81s WALL (      16 calls)
     fft          :      1.64s CPU      2.28s WALL (      15 calls)
     ffts         :      0.05s CPU      0.05s WALL (       2 calls)
     fftw         :      3.30s CPU      4.02s WALL (     672 calls)
     davcio       :      0.05s CPU      0.31s WALL (      32 calls)

     Parallel routines
     fft_scatter  :      2.38s CPU      3.54s WALL (     689 calls)

     Plugins

     GIPAW        :     62.34s CPU     76.93s WALL (       1 calls)
