
     Program QE v.6.0 (svn rev. 13079) starts on 29Dec2016 at 23:39:56 

     This program is part of the open-source Quantum ESPRESSO suite
     for quantum simulation of materials; please cite
         "P. Giannozzi et al., J. Phys.:Condens. Matter 21 395502 (2009);
          URL http://www.quantum-espresso.org", 
     in publications or presentations arising from this work. More details at
     http://www.quantum-espresso.org/quote

     Parallel version (MPI), running on     8 processors
     R & G space division:  proc/nbgrp/npool/nimage =       8

     ***** This is GIPAW svn revision unknown      *****

     Parallelizing q-star over 1 images

     Reading data from directory:
     /users/majewski/paradichlorobenzene/pbe/9_constraint/scratch/pbe.ecut100.np8.dt60.pcl2phi-129368.save
     Message from routine read_xml_file:
     file /users/majewski/paradichlorobenzene/pbe/9_constraint/scratch/pbe.ecut100.np8.dt60.pcl2phi-129368.save not guaranteed to be safe for post-processing

   Info: using nr1, nr2, nr3 values from input

   Info: using nr1, nr2, nr3 values from input

     IMPORTANT: XC functional enforced from input :
     Exchange-correlation      =  SLA  PW   PBX  PBC ( 1  4  3  4 0 0)
     Any further DFT definition will be discarded
     Please, verify this is what you really want

               file C.pbe-n-kjpaw_psl.1.0.0.UPF: wavefunction(s)  2S 2P renormalized
               file Cl.pbe-n-kjpaw_psl.1.0.0.UPF: wavefunction(s)  3S 3P renormalized
               file H.pbe-kjpaw_psl.1.0.0.UPF: wavefunction(s)  1S renormalized

     Parallelization info
     --------------------
     sticks:   dense  smooth     PW     G-vecs:    dense   smooth      PW
     Min        3057    1223    332               144436    36536    5170
     Max        3059    1225    333               144437    36537    5171
     Sum       24467    9791   2657              1155489   292295   41363


     Subspace diagonalization in iterative solution of the eigenvalue problem:
     a serial algorithm will be used

     GIPAW projectors -----------------------------------------------
     atom=  C    l=0  rc=    1.2000  rs=    0.8000
     atom=  C    l=0  rc=    1.2000  rs=    0.8000
     atom=  C    l=1  rc=    1.4000  rs=    0.9333
     atom=  C    l=1  rc=    1.4000  rs=    0.9333
     projs nearly linearly dependent: l=1  n1,n2= 1, 2  s=  0.99951561

     atom=  Cl   l=0  rc=    1.6000  rs=    1.0667
     atom=  Cl   l=0  rc=    1.6000  rs=    1.0667
     atom=  Cl   l=1  rc=    1.6000  rs=    1.0667
     atom=  Cl   l=1  rc=    1.6000  rs=    1.0667
     atom=  Cl   l=2  rc=    1.6000  rs=    1.0667
     atom=  Cl   l=2  rc=    1.6000  rs=    1.0667
     projs nearly linearly dependent: l=2  n1,n2= 1, 2  s=  0.99993509

     atom=  H    l=0  rc=    1.0000  rs=    0.6667
     atom=  H    l=0  rc=    1.0000  rs=    0.6667
     projs nearly linearly dependent: l=0  n1,n2= 1, 2  s=  0.99968852
     -----------------------------------------------------------------

     GIPAW integrals: -------------------------------------------
     Atom  i/j   nmr_para   nmr_dia   epr_rmc  epr_para   epr_dia
       C   1 1   0.83E+03  0.17E-01  0.93E+01  0.24E+08  0.24E+03
       C   2 1   0.86E+03 -0.61E-01  0.94E+01  0.25E+08  0.25E+03
       C   2 2   0.90E+03 -0.15E+00  0.97E+01  0.26E+08  0.26E+03
       C   3 3   0.33E+01  0.34E+00  0.18E+01  0.55E+03  0.21E+02
       C   4 3   0.35E+01  0.37E+00  0.20E+01  0.59E+03  0.22E+02
       C   4 4   0.38E+01  0.39E+00  0.22E+01  0.63E+03  0.24E+02
       Cl  1 1   0.14E+04 -0.47E+00  0.84E+01  0.32E+09  0.42E+03
       Cl  2 1   0.21E+04 -0.37E+00  0.12E+02  0.49E+09  0.65E+03
       Cl  2 2   0.33E+04 -0.16E+00  0.21E+02  0.76E+09  0.10E+04
       Cl  3 3   0.21E+02  0.79E-01  0.89E+01  0.23E+05  0.13E+03
       Cl  4 3   0.24E+02  0.67E-01  0.99E+01  0.27E+05  0.15E+03
       Cl  4 4   0.28E+02  0.44E-01  0.11E+02  0.32E+05  0.18E+03
       Cl  5 5   0.77E+00  0.19E+00  0.18E+01  0.12E+03  0.22E+02
       Cl  6 5   0.80E+00  0.19E+00  0.19E+01  0.12E+03  0.23E+02
       Cl  6 6   0.83E+00  0.20E+00  0.19E+01  0.12E+03  0.23E+02
       H   1 1   0.39E+02  0.19E+00  0.29E+00  0.78E+05  0.13E+02
       H   2 1   0.41E+02  0.21E+00  0.32E+00  0.82E+05  0.14E+02
       H   2 2   0.43E+02  0.22E+00  0.36E+00  0.86E+05  0.15E+02
     ------------------------------------------------------------

     alpha_pv=     33.8997 eV

     Number of occupied bands for each k-point:
     k-point:     1    nbnd_occ=  42
     k-point:     2    nbnd_occ=  42
     k-point:     3    nbnd_occ=  42
     k-point:     4    nbnd_occ=  42
     k-point:     5    nbnd_occ=  42
     k-point:     6    nbnd_occ=  42
     k-point:     7    nbnd_occ=  42
     k-point:     8    nbnd_occ=  42
     k-point:     9    nbnd_occ=  42
     k-point:    10    nbnd_occ=  42
     k-point:    11    nbnd_occ=  42
     k-point:    12    nbnd_occ=  42
     k-point:    13    nbnd_occ=  42
     k-point:    14    nbnd_occ=  42
     k-point:    15    nbnd_occ=  42
     k-point:    16    nbnd_occ=  42


     q-space interpolation up to   110.00 Rydberg

     GIPAW job: efg                                                                             


     ELECTRIC FIELD GRADIENTS TENSORS IN Hartree/bohrradius^2:

     ----- bare term -----
     Cl   1       -0.123419        0.203019       -0.010969
     Cl   1        0.203019        0.012883       -0.018707
     Cl   1       -0.010969       -0.018707        0.110536

     C    2       -0.022755       -0.050716       -0.275308
     C    2       -0.050716        0.069960       -0.689427
     C    2       -0.275308       -0.689427       -0.047204

     C    3       -0.624392        0.385957       -0.279740
     C    3        0.385957        0.295680       -0.257269
     C    3       -0.279740       -0.257269        0.328713

     H    4       -0.466675       -0.512477       -0.176309
     H    4       -0.512477        0.131667       -0.044432
     H    4       -0.176309       -0.044432        0.335008

     C    5       -0.209586        0.124298       -0.270737
     C    5        0.124298        0.023045       -0.530501
     C    5       -0.270737       -0.530501        0.186541

     H    6        0.465253       -0.053935       -0.029975
     H    6       -0.053935       -0.809922       -0.170908
     H    6       -0.029975       -0.170908        0.344669

     H    7        0.336333        0.090816        0.053934
     H    7        0.090816       -0.417884        0.586985
     H    7        0.053934        0.586985        0.081551

     C    8       -0.869828       -0.342845       -0.336513
     C    8       -0.342845        0.464007        0.092933
     C    8       -0.336513        0.092933        0.405821

     H    9       -0.034316       -0.046099       -0.530181
     H    9       -0.046099        0.082563       -0.200911
     H    9       -0.530181       -0.200911       -0.048246

     C   10        0.142798       -0.093016       -0.155658
     C   10       -0.093016       -0.078992        0.573195
     C   10       -0.155658        0.573195       -0.063806

     C   11       -0.681924       -0.400440       -0.354472
     C   11       -0.400440        0.351222        0.171389
     C   11       -0.354472        0.171389        0.330702

     Cl  12        0.117034       -0.045977       -0.026607
     Cl  12       -0.045977       -0.153374       -0.016041
     Cl  12       -0.026607       -0.016041        0.036339

     H   13        0.524657       -0.029147        0.015185
     H   13       -0.029147       -0.195524       -0.334046
     H   13        0.015185       -0.334046       -0.329132

     C   14       -0.696365        0.354618       -0.261675
     C   14        0.354618        0.346223       -0.327159
     C   14       -0.261675       -0.327159        0.350142

     H   15       -0.246447        0.126086       -0.541141
     H   15        0.126086        0.086771        0.036031
     H   15       -0.541141        0.036031        0.159676

     C   16       -0.011408       -0.010454       -0.247006
     C   16       -0.010454       -0.045795       -0.651460
     C   16       -0.247006       -0.651460        0.057203

     C   17       -0.602293        0.366970       -0.383349
     C   17        0.366970        0.320619       -0.239700
     C   17       -0.383349       -0.239700        0.281674

     Cl  18        0.007172        0.080863       -0.035237
     Cl  18        0.080863        0.084932       -0.010005
     Cl  18       -0.035237       -0.010005       -0.092105

     H   19        0.447836       -0.037945        0.046334
     H   19       -0.037945       -0.465092        0.625950
     H   19        0.046334        0.625950        0.017255

     C   20       -0.100837       -0.065632       -0.212334
     C   20       -0.065632       -0.072152        0.372304
     C   20       -0.212334        0.372304        0.172989

     H   21       -0.326476        0.247384       -0.515590
     H   21        0.247384        0.283469        0.248099
     H   21       -0.515590        0.248099        0.043006

     C   22       -0.650994       -0.341027       -0.397577
     C   22       -0.341027        0.201261        0.004740
     C   22       -0.397577        0.004740        0.449732

     C   23        0.032642        0.299537       -0.419071
     C   23        0.299537       -0.267885        0.509005
     C   23       -0.419071        0.509005        0.235243

     Cl  24       -0.250179       -0.290000       -0.138452
     Cl  24       -0.290000       -0.030077       -0.105003
     Cl  24       -0.138452       -0.105003        0.280256

     ----- ionic term -----
     Cl   1        0.158543       -0.167084       -0.011069
     Cl   1       -0.167084       -0.019377        0.019615
     Cl   1       -0.011069        0.019615       -0.139165

     C    2        0.205526       -0.106561        0.235528
     C    2       -0.106561        0.075353        0.443226
     C    2        0.235528        0.443226       -0.280878

     C    3        0.224464       -0.240867        0.185211
     C    3       -0.240867        0.116556        0.377099
     C    3        0.185211        0.377099       -0.341020

     H    4        0.755720        0.242649        0.596181
     H    4        0.242649       -0.478669        0.194630
     H    4        0.596181        0.194630       -0.277051

     C    5        0.353278       -0.213422        0.274140
     C    5       -0.213422        0.029389        0.283397
     C    5        0.274140        0.283397       -0.382668

     H    6       -0.503447        0.024469        0.045311
     H    6        0.024469        0.735190        0.667370
     H    6        0.045311        0.667370       -0.231743

     H    7       -0.491551        0.154951       -0.058110
     H    7        0.154951        0.606867       -0.709350
     H    7       -0.058110       -0.709350       -0.115316

     C    8        0.191506        0.307774        0.349072
     C    8        0.307774        0.061934       -0.260878
     C    8        0.349072       -0.260878       -0.253440

     H    9        0.476542       -0.323953        0.711696
     H    9       -0.323953       -0.388768       -0.279063
     H    9        0.711696       -0.279063       -0.087774

     C   10        0.056115        0.279373        0.251567
     C   10        0.279373        0.177848       -0.383630
     C   10        0.251567       -0.383630       -0.233962

     C   11        0.064266        0.224662        0.255716
     C   11        0.224662        0.145426       -0.424410
     C   11        0.255716       -0.424410       -0.209692

     Cl  12        0.111709        0.224702        0.016440
     Cl  12        0.224702        0.034731        0.006080
     Cl  12        0.016440        0.006080       -0.146440

     H   13       -0.524720        0.032364        0.012077
     H   13        0.032364        0.517147        0.770306
     H   13        0.012077        0.770306        0.007573

     C   14        0.239572       -0.144813        0.212867
     C   14       -0.144813        0.037032        0.338870
     C   14        0.212867        0.338870       -0.276604

     H   15        0.548091        0.279653        0.718979
     H   15        0.279653       -0.422548        0.250001
     H   15        0.718979        0.250001       -0.125542

     C   16        0.119375       -0.180168        0.192797
     C   16       -0.180168        0.175823        0.407946
     C   16        0.192797        0.407946       -0.295197

     C   17        0.200761       -0.159763        0.295094
     C   17       -0.159763        0.134504        0.395400
     C   17        0.295094        0.395400       -0.335265

     Cl  18        0.118023       -0.225555        0.016469
     Cl  18       -0.225555        0.030013        0.001143
     Cl  18        0.016469        0.001143       -0.148036

     H   19       -0.533993        0.015372       -0.004067
     H   19        0.015372        0.545998       -0.755198
     H   19       -0.004067       -0.755198       -0.012005

     C   20        0.177653        0.288130        0.259838
     C   20        0.288130        0.125613       -0.282720
     C   20        0.259838       -0.282720       -0.303266

     H   21        0.786062       -0.132453        0.629150
     H   21       -0.132453       -0.489019       -0.148798
     H   21        0.629150       -0.148798       -0.297043

     C   22        0.137652        0.307846        0.227687
     C   22        0.307846        0.242573       -0.351487
     C   22        0.227687       -0.351487       -0.380225

     C   23        0.099427        0.181321        0.365231
     C   23        0.181321        0.136619       -0.420389
     C   23        0.365231       -0.420389       -0.236046

     Cl  24        0.122434        0.203746        0.015152
     Cl  24        0.203746        0.029134       -0.004732
     Cl  24        0.015152       -0.004732       -0.151568

     ----- GIPAW term -----
     Cl   1       -0.437607        0.519495       -0.761691
     Cl   1        0.519495        1.764889       -1.568077
     Cl   1       -0.761691       -1.568077       -1.327282

     C    2       -0.061343       -0.055665       -0.042271
     C    2       -0.055665        0.256478       -0.136217
     C    2       -0.042271       -0.136217       -0.195135

     C    3       -0.215325        0.121097       -0.067036
     C    3        0.121097        0.292252       -0.059268
     C    3       -0.067036       -0.059268       -0.076926

     H    4       -0.000000        0.000000        0.000000
     H    4        0.000000        0.000000        0.000000
     H    4        0.000000        0.000000        0.000000

     C    5       -0.100547        0.052952       -0.038755
     C    5        0.052952        0.193359       -0.172600
     C    5       -0.038755       -0.172600       -0.092812

     H    6       -0.000000        0.000000        0.000000
     H    6        0.000000        0.000000        0.000000
     H    6        0.000000        0.000000        0.000000

     H    7       -0.000000        0.000000        0.000000
     H    7        0.000000        0.000000        0.000000
     H    7        0.000000        0.000000        0.000000

     C    8       -0.213994        0.056663       -0.034218
     C    8        0.056663        0.299480       -0.053774
     C    8       -0.034218       -0.053774       -0.085486

     H    9       -0.000000        0.000000        0.000000
     H    9        0.000000        0.000000        0.000000
     H    9        0.000000        0.000000        0.000000

     C   10       -0.080325       -0.001270       -0.014075
     C   10       -0.001270        0.206962        0.092132
     C   10       -0.014075        0.092132       -0.126637

     C   11       -0.172994        0.025965       -0.043771
     C   11        0.025965        0.308747       -0.012932
     C   11       -0.043771       -0.012932       -0.135752

     Cl  12       -0.031381        0.370421       -0.141436
     Cl  12        0.370421        2.351173        0.143047
     Cl  12       -0.141436        0.143047       -2.319792

     H   13       -0.000000        0.000000        0.000000
     H   13        0.000000        0.000000        0.000000
     H   13        0.000000        0.000000        0.000000

     C   14       -0.211535        0.031425       -0.016848
     C   14        0.031425        0.240807       -0.139391
     C   14       -0.016848       -0.139391       -0.029272

     H   15       -0.000000        0.000000        0.000000
     H   15        0.000000        0.000000        0.000000
     H   15        0.000000        0.000000        0.000000

     C   16       -0.112481       -0.096054       -0.037808
     C   16       -0.096054        0.249383       -0.096246
     C   16       -0.037808       -0.096246       -0.136901

     C   17       -0.153407        0.005758       -0.054279
     C   17        0.005758        0.296831       -0.024605
     C   17       -0.054279       -0.024605       -0.143425

     Cl  18        0.169982       -0.337182       -0.250900
     Cl  18       -0.337182        2.538758       -0.369830
     Cl  18       -0.250900       -0.369830       -2.708739

     H   19       -0.000000        0.000000        0.000000
     H   19        0.000000        0.000000        0.000000
     H   19        0.000000        0.000000        0.000000

     C   20       -0.122215       -0.005915       -0.015450
     C   20       -0.005915        0.201134       -0.080689
     C   20       -0.015450       -0.080689       -0.078918

     H   21       -0.000000        0.000000        0.000000
     H   21        0.000000        0.000000        0.000000
     H   21        0.000000        0.000000        0.000000

     C   22       -0.182093        0.073073       -0.142860
     C   22        0.073073        0.139991       -0.181671
     C   22       -0.142860       -0.181671        0.042102

     C   23       -0.029650        0.198427       -0.118959
     C   23        0.198427        0.029801       -0.109582
     C   23       -0.118959       -0.109582       -0.000151

     Cl  24        0.161355        1.781505       -1.558455
     Cl  24        1.781505       -0.018564       -1.424098
     Cl  24       -1.558455       -1.424098       -0.142791

     ----- total EFG -----
     Cl   1       -0.402483        0.555431       -0.783729
     Cl   1        0.555431        1.758395       -1.567169
     Cl   1       -0.783729       -1.567169       -1.355912

     C    2        0.121427       -0.212941       -0.082052
     C    2       -0.212941        0.401791       -0.382417
     C    2       -0.082052       -0.382417       -0.523218

     C    3       -0.615253        0.266187       -0.161565
     C    3        0.266187        0.704487        0.060562
     C    3       -0.161565        0.060562       -0.089234

     H    4        0.289045       -0.269828        0.419872
     H    4       -0.269828       -0.347002        0.150198
     H    4        0.419872        0.150198        0.057957

     C    5        0.043145       -0.036172       -0.035352
     C    5       -0.036172        0.245794       -0.419704
     C    5       -0.035352       -0.419704       -0.288939

     H    6       -0.038194       -0.029465        0.015337
     H    6       -0.029465       -0.074732        0.496462
     H    6        0.015337        0.496462        0.112926

     H    7       -0.155218        0.245766       -0.004175
     H    7        0.245766        0.188983       -0.122365
     H    7       -0.004175       -0.122365       -0.033765

     C    8       -0.892316        0.021592       -0.021659
     C    8        0.021592        0.825421       -0.221720
     C    8       -0.021659       -0.221720        0.066895

     H    9        0.442225       -0.370052        0.181515
     H    9       -0.370052       -0.306205       -0.479975
     H    9        0.181515       -0.479975       -0.136020

     C   10        0.118588        0.185086        0.081835
     C   10        0.185086        0.305817        0.281697
     C   10        0.081835        0.281697       -0.424406

     C   11       -0.790653       -0.149812       -0.142527
     C   11       -0.149812        0.805395       -0.265952
     C   11       -0.142527       -0.265952       -0.014742

     Cl  12        0.197363        0.549145       -0.151603
     Cl  12        0.549145        2.232530        0.133086
     Cl  12       -0.151603        0.133086       -2.429893

     H   13       -0.000064        0.003217        0.027262
     H   13        0.003217        0.321623        0.436260
     H   13        0.027262        0.436260       -0.321559

     C   14       -0.668328        0.241230       -0.065657
     C   14        0.241230        0.624063       -0.127680
     C   14       -0.065657       -0.127680        0.044266

     H   15        0.301643        0.405739        0.177838
     H   15        0.405739       -0.335777        0.286031
     H   15        0.177838        0.286031        0.034134

     C   16       -0.004515       -0.286676       -0.092016
     C   16       -0.286676        0.379410       -0.339760
     C   16       -0.092016       -0.339760       -0.374896

     C   17       -0.554939        0.212966       -0.142534
     C   17        0.212966        0.751955        0.131095
     C   17       -0.142534        0.131095       -0.197016

     Cl  18        0.295177       -0.481874       -0.269668
     Cl  18       -0.481874        2.653703       -0.378692
     Cl  18       -0.269668       -0.378692       -2.948879

     H   19       -0.086157       -0.022573        0.042267
     H   19       -0.022573        0.080907       -0.129247
     H   19        0.042267       -0.129247        0.005250

     C   20       -0.045399        0.216583        0.032053
     C   20        0.216583        0.254594        0.008896
     C   20        0.032053        0.008896       -0.209195

     H   21        0.459586        0.114931        0.113560
     H   21        0.114931       -0.205550        0.099301
     H   21        0.113560        0.099301       -0.254036

     C   22       -0.695434        0.039892       -0.312751
     C   22        0.039892        0.583825       -0.528419
     C   22       -0.312751       -0.528419        0.111609

     C   23        0.102419        0.679285       -0.172799
     C   23        0.679285       -0.101465       -0.020965
     C   23       -0.172799       -0.020965       -0.000954

     Cl  24        0.033610        1.695251       -1.681754
     Cl  24        1.695251       -0.019507       -1.533833
     Cl  24       -1.681754       -1.533833       -0.014103

     ----- total EFG (symmetrized) -----
     Cl   1       -0.402483        0.555431       -0.783729
     Cl   1        0.555431        1.758395       -1.567169
     Cl   1       -0.783729       -1.567169       -1.355912

     C    2        0.121427       -0.212941       -0.082052
     C    2       -0.212941        0.401791       -0.382417
     C    2       -0.082052       -0.382417       -0.523218

     C    3       -0.615253        0.266187       -0.161565
     C    3        0.266187        0.704487        0.060562
     C    3       -0.161565        0.060562       -0.089234

     H    4        0.289045       -0.269828        0.419872
     H    4       -0.269828       -0.347002        0.150198
     H    4        0.419872        0.150198        0.057957

     C    5        0.043145       -0.036172       -0.035352
     C    5       -0.036172        0.245794       -0.419704
     C    5       -0.035352       -0.419704       -0.288939

     H    6       -0.038194       -0.029465        0.015337
     H    6       -0.029465       -0.074732        0.496462
     H    6        0.015337        0.496462        0.112926

     H    7       -0.155218        0.245766       -0.004175
     H    7        0.245766        0.188983       -0.122365
     H    7       -0.004175       -0.122365       -0.033765

     C    8       -0.892316        0.021592       -0.021659
     C    8        0.021592        0.825421       -0.221720
     C    8       -0.021659       -0.221720        0.066895

     H    9        0.442225       -0.370052        0.181515
     H    9       -0.370052       -0.306205       -0.479975
     H    9        0.181515       -0.479975       -0.136020

     C   10        0.118588        0.185086        0.081835
     C   10        0.185086        0.305817        0.281697
     C   10        0.081835        0.281697       -0.424406

     C   11       -0.790653       -0.149812       -0.142527
     C   11       -0.149812        0.805395       -0.265952
     C   11       -0.142527       -0.265952       -0.014742

     Cl  12        0.197363        0.549145       -0.151603
     Cl  12        0.549145        2.232530        0.133086
     Cl  12       -0.151603        0.133086       -2.429893

     H   13       -0.000064        0.003217        0.027262
     H   13        0.003217        0.321623        0.436260
     H   13        0.027262        0.436260       -0.321559

     C   14       -0.668328        0.241230       -0.065657
     C   14        0.241230        0.624063       -0.127680
     C   14       -0.065657       -0.127680        0.044266

     H   15        0.301643        0.405739        0.177838
     H   15        0.405739       -0.335777        0.286031
     H   15        0.177838        0.286031        0.034134

     C   16       -0.004515       -0.286676       -0.092016
     C   16       -0.286676        0.379410       -0.339760
     C   16       -0.092016       -0.339760       -0.374896

     C   17       -0.554939        0.212966       -0.142534
     C   17        0.212966        0.751955        0.131095
     C   17       -0.142534        0.131095       -0.197016

     Cl  18        0.295177       -0.481874       -0.269668
     Cl  18       -0.481874        2.653703       -0.378692
     Cl  18       -0.269668       -0.378692       -2.948879

     H   19       -0.086157       -0.022573        0.042267
     H   19       -0.022573        0.080907       -0.129247
     H   19        0.042267       -0.129247        0.005250

     C   20       -0.045399        0.216583        0.032053
     C   20        0.216583        0.254594        0.008896
     C   20        0.032053        0.008896       -0.209195

     H   21        0.459586        0.114931        0.113560
     H   21        0.114931       -0.205550        0.099301
     H   21        0.113560        0.099301       -0.254036

     C   22       -0.695434        0.039892       -0.312751
     C   22        0.039892        0.583825       -0.528419
     C   22       -0.312751       -0.528419        0.111609

     C   23        0.102419        0.679285       -0.172799
     C   23        0.679285       -0.101465       -0.020965
     C   23       -0.172799       -0.020965       -0.000954

     Cl  24        0.033610        1.695251       -1.681754
     Cl  24        1.695251       -0.019507       -1.533833
     Cl  24       -1.681754       -1.533833       -0.014103


     NQR/NMR SPECTROSCOPIC PARAMETERS:
     Cl   1    Vxx=   -0.4643    axis=(  0.916933 -0.356101 -0.180071)
     Cl   1    Vyy=   -2.1686    axis=(  0.299737  0.316741  0.899907)
     Cl   1    Vzz=    2.6328    axis=( -0.263421 -0.879129  0.397167)
     Cl   1  Q=        -8.1650 1e-30 m^2  Cq=       -50.5095 MHz  eta= 0.64732

     C    2    Vxx=    0.0857    axis=(  0.918764  0.266563 -0.291234)
     C    2    Vyy=    0.6035    axis=( -0.347995  0.895181 -0.278481)
     C    2    Vzz=   -0.6892    axis=(  0.186474  0.357206  0.915222)
     C    2  Q=         1.0000 1e-30 m^2  Cq=        -1.6193 MHz  eta= 0.75143

     C    3    Vxx=   -0.0438    axis=( -0.265013  0.016244  0.964108)
     C    3    Vyy=   -0.7133    axis=( -0.946065  0.188860 -0.263236)
     C    3    Vzz=    0.7571    axis=( -0.186358 -0.981870 -0.034683)
     C    3  Q=         1.0000 1e-30 m^2  Cq=         1.7790 MHz  eta= 0.88430

     H    4    Vxx=   -0.0283    axis=( -0.366322  0.631954  0.682966)
     H    4    Vyy=   -0.5980    axis=(  0.451341  0.762537 -0.463496)
     H    4    Vzz=    0.6263    axis=( -0.813695  0.138462 -0.564561)
     H    4  Q=         1.0000 1e-30 m^2  Cq=         1.4715 MHz  eta= 0.90972

     C    5    Vxx=    0.0468    axis=(  0.995785 -0.011040 -0.091056)
     C    5    Vyy=    0.4766    axis=(  0.034102 -0.877007  0.479266)
     C    5    Vzz=   -0.5233    axis=( -0.085148 -0.480351 -0.872933)
     C    5  Q=         1.0000 1e-30 m^2  Cq=        -1.2296 MHz  eta= 0.82123

     H    6    Vxx=   -0.0359    axis=(  0.997332 -0.047446  0.055485)
     H    6    Vyy=   -0.4885    axis=(  0.071936  0.768292 -0.636044)
     H    6    Vzz=    0.5244    axis=( -0.012451  0.638339  0.769655)
     H    6  Q=         1.0000 1e-30 m^2  Cq=         1.2322 MHz  eta= 0.86294

     H    7    Vxx=   -0.0544    axis=(  0.320171  0.147189  0.935856)
     H    7    Vyy=   -0.2947    axis=( -0.847991  0.484958  0.213838)
     H    7    Vzz=    0.3492    axis=( -0.422377 -0.862062  0.280084)
     H    7  Q=         1.0000 1e-30 m^2  Cq=         0.8204 MHz  eta= 0.68817

     C    8    Vxx=    0.0071    axis=( -0.016950  0.261894  0.964948)
     C    8    Vyy=    0.8859    axis=(  0.014905  0.965045 -0.261659)
     C    8    Vzz=   -0.8930    axis=( -0.999745  0.009948 -0.020261)
     C    8  Q=         1.0000 1e-30 m^2  Cq=        -2.0981 MHz  eta= 0.98410

     H    9    Vxx=   -0.0176    axis=(  0.595495  0.397480 -0.698137)
     H    9    Vyy=   -0.7355    axis=(  0.158841  0.793611  0.587326)
     H    9    Vzz=    0.7531    axis=(  0.787499 -0.460643  0.409455)
     H    9  Q=         1.0000 1e-30 m^2  Cq=         1.7694 MHz  eta= 0.95332

     C   10    Vxx=    0.0143    axis=(  0.886768 -0.446090 -0.121020)
     C   10    Vyy=    0.5067    axis=(  0.461255  0.837199  0.293839)
     C   10    Vzz=   -0.5210    axis=( -0.029761 -0.316388  0.948163)
     C   10  Q=         1.0000 1e-30 m^2  Cq=        -1.2241 MHz  eta= 0.94506

     C   11    Vxx=   -0.0507    axis=( -0.231893  0.251345  0.939708)
     C   11    Vyy=   -0.8398    axis=(  0.970732  0.121848  0.206958)
     C   11    Vzz=    0.8905    axis=( -0.062483  0.960197 -0.272245)
     C   11  Q=         1.0000 1e-30 m^2  Cq=         2.0924 MHz  eta= 0.88613

     Cl  12    Vxx=    0.0715    axis=( -0.967758  0.241518  0.071503)
     Cl  12    Vyy=    2.3730    axis=(  0.243428  0.969729  0.019187)
     Cl  12    Vzz=   -2.4445    axis=(  0.064704 -0.035974  0.997256)
     Cl  12  Q=        -8.1650 1e-30 m^2  Cq=        46.8971 MHz  eta= 0.94149

     H   13    Vxx=    0.0005    axis=(  0.998721 -0.043959  0.024995)
     H   13    Vyy=    0.5424    axis=( -0.027966 -0.891955 -0.451259)
     H   13    Vzz=   -0.5429    axis=(  0.042132  0.449983 -0.892043)
     H   13  Q=         1.0000 1e-30 m^2  Cq=        -1.2756 MHz  eta= 0.99824

     C   14    Vxx=    0.0177    axis=( -0.018570  0.213069  0.976861)
     C   14    Vyy=    0.6966    axis=(  0.179911  0.961793 -0.206363)
     C   14    Vzz=   -0.7142    axis=( -0.983508  0.171916 -0.056194)
     C   14  Q=         1.0000 1e-30 m^2  Cq=        -1.6782 MHz  eta= 0.95054

     H   15    Vxx=   -0.0480    axis=( -0.531250  0.088450  0.842585)
     H   15    Vyy=   -0.5915    axis=( -0.341786  0.887638 -0.308675)
     H   15    Vzz=    0.6394    axis=( -0.775213 -0.451968 -0.441327)
     H   15  Q=         1.0000 1e-30 m^2  Cq=         1.5024 MHz  eta= 0.84997

     C   16    Vxx=   -0.0312    axis=(  0.861823  0.225960 -0.454097)
     C   16    Vyy=   -0.5740    axis=(  0.340901  0.404864  0.848453)
     C   16    Vzz=    0.6052    axis=(  0.375563 -0.886018  0.271891)
     C   16  Q=         1.0000 1e-30 m^2  Cq=         1.4219 MHz  eta= 0.89691

     C   17    Vxx=   -0.1500    axis=( -0.355617 -0.051672  0.933202)
     C   17    Vyy=   -0.6476    axis=( -0.923567  0.172610 -0.342387)
     C   17    Vzz=    0.7975    axis=( -0.143388 -0.983634 -0.109106)
     C   17  Q=         1.0000 1e-30 m^2  Cq=         1.8739 MHz  eta= 0.62395

     Cl  18    Vxx=    0.2359    axis=(  0.978384  0.178688 -0.104092)
     Cl  18    Vyy=    2.7664    axis=(  0.185169 -0.981094  0.056270)
     Cl  18    Vzz=   -3.0022    axis=(  0.092069  0.074329  0.992975)
     Cl  18  Q=        -8.1650 1e-30 m^2  Cq=        57.5963 MHz  eta= 0.84288

     H   19    Vxx=   -0.0723    axis=(  0.683711  0.526732  0.505066)
     H   19    Vyy=   -0.1124    axis=(  0.712206 -0.330776 -0.619153)
     H   19    Vzz=    0.1847    axis=(  0.159064 -0.783033  0.601297)
     H   19  Q=         1.0000 1e-30 m^2  Cq=         0.4341 MHz  eta= 0.21702

     C   20    Vxx=   -0.1492    axis=(  0.815422 -0.445509  0.369605)
     C   20    Vyy=   -0.2197    axis=( -0.344391  0.139839  0.928353)
     C   20    Vzz=    0.3689    axis=( -0.465275 -0.884289 -0.039402)
     C   20  Q=         1.0000 1e-30 m^2  Cq=         0.8669 MHz  eta= 0.19121

     H   21    Vxx=   -0.1685    axis=(  0.246779 -0.778954 -0.576481)
     H   21    Vyy=   -0.3325    axis=(  0.027498  0.600269 -0.799325)
     H   21    Vzz=    0.5010    axis=(  0.968682  0.181404  0.169553)
     H   21  Q=         1.0000 1e-30 m^2  Cq=         1.1771 MHz  eta= 0.32744

     C   22    Vxx=   -0.1345    axis=(  0.371368 -0.563485 -0.737950)
     C   22    Vyy=   -0.8179    axis=( -0.919856 -0.115173 -0.374967)
     C   22    Vzz=    0.9524    axis=(  0.126296  0.818058 -0.561097)
     C   22  Q=         1.0000 1e-30 m^2  Cq=         2.2378 MHz  eta= 0.71758

     C   23    Vxx=   -0.0167    axis=(  0.059437  0.236299  0.969861)
     C   23    Vyy=   -0.7001    axis=(  0.657088 -0.740664  0.140188)
     C   23    Vzz=    0.7168    axis=(  0.751467  0.628951 -0.199292)
     C   23  Q=         1.0000 1e-30 m^2  Cq=         1.6842 MHz  eta= 0.95354

     Cl  24    Vxx=   -1.5501    axis=( -0.042247 -0.683478 -0.728748)
     Cl  24    Vyy=   -1.7256    axis=( -0.804071  0.456202 -0.381249)
     Cl  24    Vzz=    3.2758    axis=(  0.593031  0.569858 -0.568837)
     Cl  24  Q=        -8.1650 1e-30 m^2  Cq=       -62.8439 MHz  eta= 0.05357

     Initialization:
     gipaw_setup  :      9.44s CPU     11.24s WALL (       1 calls)

     Linear response

     Apply operators

     Induced current

     Other routines
     efg          :      9.28s CPU     11.81s WALL (       1 calls)

     General routines
     calbec       :      3.14s CPU      4.18s WALL (      16 calls)
     fft          :      1.51s CPU      2.14s WALL (      15 calls)
     ffts         :      0.05s CPU      0.06s WALL (       2 calls)
     fftw         :      3.29s CPU      4.16s WALL (     672 calls)
     davcio       :      0.05s CPU      0.33s WALL (      32 calls)

     Parallel routines
     fft_scatter  :      2.25s CPU      3.54s WALL (     689 calls)

     Plugins

     GIPAW        :     61.82s CPU     77.37s WALL (       1 calls)
