
     Program QE v.6.0 (svn rev. 13079) starts on 20Dec2016 at 16: 6: 3 

     This program is part of the open-source Quantum ESPRESSO suite
     for quantum simulation of materials; please cite
         "P. Giannozzi et al., J. Phys.:Condens. Matter 21 395502 (2009);
          URL http://www.quantum-espresso.org", 
     in publications or presentations arising from this work. More details at
     http://www.quantum-espresso.org/quote

     Parallel version (MPI), running on     8 processors
     R & G space division:  proc/nbgrp/npool/nimage =       8

     ***** This is GIPAW svn revision unknown      *****

     Parallelizing q-star over 1 images

     Reading data from directory:
     /users/majewski/paradichlorobenzene/pbe/9_constraint/scratch/pbe.ecut100.np8.dt60.pcl2phi-129368.save
     Message from routine read_xml_file:
     file /users/majewski/paradichlorobenzene/pbe/9_constraint/scratch/pbe.ecut100.np8.dt60.pcl2phi-129368.save not guaranteed to be safe for post-processing

   Info: using nr1, nr2, nr3 values from input

   Info: using nr1, nr2, nr3 values from input

     IMPORTANT: XC functional enforced from input :
     Exchange-correlation      =  SLA  PW   PBX  PBC ( 1  4  3  4 0 0)
     Any further DFT definition will be discarded
     Please, verify this is what you really want

               file C.pbe-n-kjpaw_psl.1.0.0.UPF: wavefunction(s)  2S 2P renormalized
               file Cl.pbe-n-kjpaw_psl.1.0.0.UPF: wavefunction(s)  3S 3P renormalized
               file H.pbe-kjpaw_psl.1.0.0.UPF: wavefunction(s)  1S renormalized

     Parallelization info
     --------------------
     sticks:   dense  smooth     PW     G-vecs:    dense   smooth      PW
     Min        3057    1223    332               144436    36536    5170
     Max        3059    1225    333               144437    36537    5171
     Sum       24467    9791   2657              1155489   292295   41363


     Subspace diagonalization in iterative solution of the eigenvalue problem:
     a serial algorithm will be used

     GIPAW projectors -----------------------------------------------
     atom=  C    l=0  rc=    1.2000  rs=    0.8000
     atom=  C    l=0  rc=    1.2000  rs=    0.8000
     atom=  C    l=1  rc=    1.4000  rs=    0.9333
     atom=  C    l=1  rc=    1.4000  rs=    0.9333
     projs nearly linearly dependent: l=1  n1,n2= 1, 2  s=  0.99951561

     atom=  Cl   l=0  rc=    1.6000  rs=    1.0667
     atom=  Cl   l=0  rc=    1.6000  rs=    1.0667
     atom=  Cl   l=1  rc=    1.6000  rs=    1.0667
     atom=  Cl   l=1  rc=    1.6000  rs=    1.0667
     atom=  Cl   l=2  rc=    1.6000  rs=    1.0667
     atom=  Cl   l=2  rc=    1.6000  rs=    1.0667
     projs nearly linearly dependent: l=2  n1,n2= 1, 2  s=  0.99993509

     atom=  H    l=0  rc=    1.0000  rs=    0.6667
     atom=  H    l=0  rc=    1.0000  rs=    0.6667
     projs nearly linearly dependent: l=0  n1,n2= 1, 2  s=  0.99968852
     -----------------------------------------------------------------

     GIPAW integrals: -------------------------------------------
     Atom  i/j   nmr_para   nmr_dia   epr_rmc  epr_para   epr_dia
       C   1 1   0.83E+03  0.17E-01  0.93E+01  0.24E+08  0.24E+03
       C   2 1   0.86E+03 -0.61E-01  0.94E+01  0.25E+08  0.25E+03
       C   2 2   0.90E+03 -0.15E+00  0.97E+01  0.26E+08  0.26E+03
       C   3 3   0.33E+01  0.34E+00  0.18E+01  0.55E+03  0.21E+02
       C   4 3   0.35E+01  0.37E+00  0.20E+01  0.59E+03  0.22E+02
       C   4 4   0.38E+01  0.39E+00  0.22E+01  0.63E+03  0.24E+02
       Cl  1 1   0.14E+04 -0.47E+00  0.84E+01  0.32E+09  0.42E+03
       Cl  2 1   0.21E+04 -0.37E+00  0.12E+02  0.49E+09  0.65E+03
       Cl  2 2   0.33E+04 -0.16E+00  0.21E+02  0.76E+09  0.10E+04
       Cl  3 3   0.21E+02  0.79E-01  0.89E+01  0.23E+05  0.13E+03
       Cl  4 3   0.24E+02  0.67E-01  0.99E+01  0.27E+05  0.15E+03
       Cl  4 4   0.28E+02  0.44E-01  0.11E+02  0.32E+05  0.18E+03
       Cl  5 5   0.77E+00  0.19E+00  0.18E+01  0.12E+03  0.22E+02
       Cl  6 5   0.80E+00  0.19E+00  0.19E+01  0.12E+03  0.23E+02
       Cl  6 6   0.83E+00  0.20E+00  0.19E+01  0.12E+03  0.23E+02
       H   1 1   0.39E+02  0.19E+00  0.29E+00  0.78E+05  0.13E+02
       H   2 1   0.41E+02  0.21E+00  0.32E+00  0.82E+05  0.14E+02
       H   2 2   0.43E+02  0.22E+00  0.36E+00  0.86E+05  0.15E+02
     ------------------------------------------------------------

     alpha_pv=     34.3571 eV

     Number of occupied bands for each k-point:
     k-point:     1    nbnd_occ=  42
     k-point:     2    nbnd_occ=  42
     k-point:     3    nbnd_occ=  42
     k-point:     4    nbnd_occ=  42
     k-point:     5    nbnd_occ=  42
     k-point:     6    nbnd_occ=  42
     k-point:     7    nbnd_occ=  42
     k-point:     8    nbnd_occ=  42
     k-point:     9    nbnd_occ=  42
     k-point:    10    nbnd_occ=  42
     k-point:    11    nbnd_occ=  42
     k-point:    12    nbnd_occ=  42
     k-point:    13    nbnd_occ=  42
     k-point:    14    nbnd_occ=  42
     k-point:    15    nbnd_occ=  42
     k-point:    16    nbnd_occ=  42


     q-space interpolation up to   110.00 Rydberg

     GIPAW job: efg                                                                             


     ELECTRIC FIELD GRADIENTS TENSORS IN Hartree/bohrradius^2:

     ----- bare term -----
     Cl   1       -0.242593        0.180493        0.094328
     Cl   1        0.180493        0.006518        0.054586
     Cl   1        0.094328        0.054586        0.236074

     C    2        0.084550       -0.373616       -0.566550
     C    2       -0.373616       -0.250812       -0.546543
     C    2       -0.566550       -0.546543        0.166263

     C    3       -0.368936        0.358286       -0.401008
     C    3        0.358286       -0.114133       -0.116806
     C    3       -0.401008       -0.116806        0.483069

     H    4        0.076058       -0.118285       -0.330875
     H    4       -0.118285        0.508966       -0.083924
     H    4       -0.330875       -0.083924       -0.585024

     C    5       -0.124229       -0.119869       -0.355324
     C    5       -0.119869       -0.160643       -0.320834
     C    5       -0.355324       -0.320834        0.284872

     H    6        0.467128       -0.081781       -0.063016
     H    6       -0.081781       -0.262895       -0.651651
     H    6       -0.063016       -0.651651       -0.204233

     H    7        0.477614        0.014919       -0.105131
     H    7        0.014919       -0.251825        0.412813
     H    7       -0.105131        0.412813       -0.225789

     C    8       -0.579004       -0.343505       -0.242150
     C    8       -0.343505        0.253587        0.371341
     C    8       -0.242150        0.371341        0.325416

     H    9       -0.195743       -0.184779       -0.493674
     H    9       -0.184779       -0.077858        0.023401
     H    9       -0.493674        0.023401        0.273601

     C   10        0.009042       -0.251569       -0.145670
     C   10       -0.251569       -0.090379        0.618088
     C   10       -0.145670        0.618088        0.081337

     C   11       -0.379966       -0.261845       -0.412943
     C   11       -0.261845        0.217666        0.171158
     C   11       -0.412943        0.171158        0.162300

     Cl  12       -0.063668       -0.056820        0.049682
     Cl  12       -0.056820       -0.030710       -0.061983
     Cl  12        0.049682       -0.061983        0.094378

     H   13        0.545315        0.023368       -0.080069
     H   13        0.023368       -0.255408       -0.316529
     H   13       -0.080069       -0.316529       -0.289907

     C   14       -0.661135        0.343955       -0.137711
     C   14        0.343955        0.273393       -0.176608
     C   14       -0.137711       -0.176608        0.387742

     H   15        0.058556        0.185742       -0.389426
     H   15        0.185742       -0.052934        0.143409
     H   15       -0.389426        0.143409       -0.005622

     C   16        0.271425        0.039639       -0.184656
     C   16        0.039639       -0.167942       -0.459815
     C   16       -0.184656       -0.459815       -0.103483

     C   17       -0.652880        0.462095       -0.357866
     C   17        0.462095        0.283211       -0.095203
     C   17       -0.357866       -0.095203        0.369669

     Cl  18        0.115801       -0.018711       -0.022462
     Cl  18       -0.018711       -0.199684        0.043897
     Cl  18       -0.022462        0.043897        0.083883

     H   19        0.074380        0.503060        0.093974
     H   19        0.503060       -0.464633        0.059285
     H   19        0.093974        0.059285        0.390254

     C   20       -0.050794       -0.342603       -0.135089
     C   20       -0.342603       -0.225972        0.320716
     C   20       -0.135089        0.320716        0.276766

     H   21       -0.408694        0.408146        0.170453
     H   21        0.408146        0.170470       -0.103009
     H   21        0.170453       -0.103009        0.238224

     C   22       -0.086626       -0.032692       -0.091724
     C   22       -0.032692       -0.117720        0.206943
     C   22       -0.091724        0.206943        0.204346

     C   23       -0.174745       -0.147075       -0.234711
     C   23       -0.147075       -0.038535        0.583956
     C   23       -0.234711        0.583956        0.213281

     Cl  24       -0.131011       -0.127653       -0.038824
     Cl  24       -0.127653       -0.015959        0.082339
     Cl  24       -0.038824        0.082339        0.146970

     ----- ionic term -----
     Cl   1        0.041836       -0.175697        0.025860
     Cl   1       -0.175697        0.096607       -0.014495
     Cl   1        0.025860       -0.014495       -0.138442

     C    2       -0.017325       -0.213923        0.350616
     C    2       -0.213923        0.163379        0.365526
     C    2        0.350616        0.365526       -0.146054

     C    3        0.013218       -0.230447        0.271428
     C    3       -0.230447        0.175244        0.365764
     C    3        0.271428        0.365764       -0.188462

     H    4        0.489424        0.154485        0.785456
     H    4        0.154485       -0.492714        0.175909
     H    4        0.785456        0.175909        0.003291

     C    5        0.135203       -0.202138        0.385213
     C    5       -0.202138        0.026545        0.256957
     C    5        0.385213        0.256957       -0.161747

     H    6       -0.509357        0.183692        0.124433
     H    6        0.183692        0.494666        0.740712
     H    6        0.124433        0.740712        0.014691

     H    7       -0.514595       -0.161262        0.100199
     H    7       -0.161262        0.716136       -0.688971
     H    7        0.100199       -0.688971       -0.201541

     C    8        0.285785        0.163560        0.184222
     C    8        0.163560        0.068639       -0.319984
     C    8        0.184222       -0.319984       -0.354424

     H    9        0.692468       -0.158106        0.691814
     H    9       -0.158106       -0.505488       -0.163850
     H    9        0.691814       -0.163850       -0.186980

     C   10        0.168080        0.199479        0.159463
     C   10        0.199479        0.098938       -0.418570
     C   10        0.159463       -0.418570       -0.267018

     C   11        0.319183        0.009979        0.184098
     C   11        0.009979        0.010570       -0.448191
     C   11        0.184098       -0.448191       -0.329753

     Cl  12        0.124166        0.176461       -0.036086
     Cl  12        0.176461       -0.021505       -0.032555
     Cl  12       -0.036086       -0.032555       -0.102661

     H   13       -0.535010       -0.091568       -0.040799
     H   13       -0.091568        0.476325        0.760718
     H   13       -0.040799        0.760718        0.058685

     C   14        0.108510       -0.344425        0.302051
     C   14       -0.344425        0.099758        0.239986
     C   14        0.302051        0.239986       -0.208268

     H   15        0.497918        0.000739        0.762444
     H   15        0.000739       -0.482297        0.081151
     H   15        0.762444        0.081151       -0.015621

     C   16        0.025264       -0.346017        0.256530
     C   16       -0.346017        0.197376        0.326503
     C   16        0.256530        0.326503       -0.222640

     C   17        0.084038       -0.271217        0.370692
     C   17       -0.271217        0.076541        0.377200
     C   17        0.370692        0.377200       -0.160579

     Cl  18        0.122076       -0.244435        0.014699
     Cl  18       -0.244435        0.044050       -0.002548
     Cl  18        0.014699       -0.002548       -0.166126

     H   19       -0.463757       -0.280314        0.125159
     H   19       -0.280314        0.697227       -0.647839
     H   19        0.125159       -0.647839       -0.233470

     C   20        0.388098        0.030567        0.177255
     C   20        0.030567        0.047784       -0.326200
     C   20        0.177255       -0.326200       -0.435882

     H   21        0.784990       -0.431930        0.444726
     H   21       -0.431930       -0.348230       -0.224377
     H   21        0.444726       -0.224377       -0.436760

     C   22        0.158785        0.113625        0.101231
     C   22        0.113625        0.256605       -0.428914
     C   22        0.101231       -0.428914       -0.415391

     C   23        0.211720        0.152510        0.219405
     C   23        0.152510        0.196361       -0.406250
     C   23        0.219405       -0.406250       -0.408081

     Cl  24        0.123139        0.211214       -0.019274
     Cl  24        0.211214        0.042998       -0.024506
     Cl  24       -0.019274       -0.024506       -0.166136

     ----- GIPAW term -----
     Cl   1        1.162111        0.876805       -1.339949
     Cl   1        0.876805       -0.500654       -0.812687
     Cl   1       -1.339949       -0.812687       -0.661457

     C    2        0.112064       -0.249499       -0.196498
     C    2       -0.249499       -0.062560        0.022156
     C    2       -0.196498        0.022156       -0.049504

     C    3       -0.094350       -0.001898       -0.215794
     C    3       -0.001898       -0.101831        0.069553
     C    3       -0.215794        0.069553        0.196181

     H    4       -0.000000        0.000000        0.000000
     H    4        0.000000        0.000000        0.000000
     H    4        0.000000        0.000000        0.000000

     C    5       -0.089686       -0.121110       -0.111189
     C    5       -0.121110        0.042684        0.123239
     C    5       -0.111189        0.123239        0.047002

     H    6       -0.000000        0.000000        0.000000
     H    6        0.000000        0.000000        0.000000
     H    6        0.000000        0.000000        0.000000

     H    7       -0.000000        0.000000        0.000000
     H    7        0.000000        0.000000        0.000000
     H    7        0.000000        0.000000        0.000000

     C    8       -0.185538       -0.074317       -0.044044
     C    8       -0.074317        0.143962        0.207609
     C    8       -0.044044        0.207609        0.041576

     H    9       -0.000000        0.000000        0.000000
     H    9        0.000000        0.000000        0.000000
     H    9        0.000000        0.000000        0.000000

     C   10       -0.109163       -0.070205       -0.013714
     C   10       -0.070205        0.246057        0.074012
     C   10       -0.013714        0.074012       -0.136895

     C   11        0.048696       -0.138495        0.035922
     C   11       -0.138495        0.101612       -0.091500
     C   11        0.035922       -0.091500       -0.150309

     Cl  12       -0.369644        0.913082        0.992774
     Cl  12        0.913082       -0.602921       -1.802163
     Cl  12        0.992774       -1.802163        0.972565

     H   13       -0.000000        0.000000        0.000000
     H   13        0.000000        0.000000        0.000000
     H   13        0.000000        0.000000        0.000000

     C   14       -0.102756       -0.138392        0.029760
     C   14       -0.138392        0.196957       -0.026629
     C   14        0.029760       -0.026629       -0.094201

     H   15       -0.000000        0.000000        0.000000
     H   15        0.000000        0.000000        0.000000
     H   15        0.000000        0.000000        0.000000

     C   16       -0.027576       -0.016704       -0.015056
     C   16       -0.016704        0.120780       -0.031852
     C   16       -0.015056       -0.031852       -0.093204

     C   17       -0.131006        0.043045       -0.032006
     C   17        0.043045        0.229143        0.003871
     C   17       -0.032006        0.003871       -0.098136

     Cl  18        0.133596        0.077993       -0.284744
     Cl  18        0.077993        1.985460       -0.465960
     Cl  18       -0.284744       -0.465960       -2.119055

     H   19       -0.000000        0.000000        0.000000
     H   19        0.000000        0.000000        0.000000
     H   19        0.000000        0.000000        0.000000

     C   20        0.036295       -0.170606       -0.079605
     C   20       -0.170606        0.003259        0.133058
     C   20       -0.079605        0.133058       -0.039555

     H   21       -0.000000        0.000000        0.000000
     H   21        0.000000        0.000000        0.000000
     H   21        0.000000        0.000000        0.000000

     C   22       -0.009364       -0.033036       -0.084335
     C   22       -0.033036       -0.024368        0.056892
     C   22       -0.084335        0.056892        0.033732

     C   23       -0.036685       -0.037352       -0.127951
     C   23       -0.037352        0.011539        0.211802
     C   23       -0.127951        0.211802        0.025145

     Cl  24       -0.646954        0.769126       -0.941098
     Cl  24        0.769126       -0.493517        1.951208
     Cl  24       -0.941098        1.951208        1.140470

     ----- total EFG -----
     Cl   1        0.961354        0.881601       -1.219761
     Cl   1        0.881601       -0.397529       -0.772596
     Cl   1       -1.219761       -0.772596       -0.563825

     C    2        0.179289       -0.837038       -0.412431
     C    2       -0.837038       -0.149993       -0.158860
     C    2       -0.412431       -0.158860       -0.029296

     C    3       -0.450068        0.125941       -0.345374
     C    3        0.125941       -0.040720        0.318511
     C    3       -0.345374        0.318511        0.490788

     H    4        0.565482        0.036200        0.454581
     H    4        0.036200        0.016251        0.091984
     H    4        0.454581        0.091984       -0.581733

     C    5       -0.078712       -0.443116       -0.081300
     C    5       -0.443116       -0.091414        0.059362
     C    5       -0.081300        0.059362        0.170126

     H    6       -0.042229        0.101911        0.061417
     H    6        0.101911        0.231771        0.089061
     H    6        0.061417        0.089061       -0.189542

     H    7       -0.036981       -0.146343       -0.004932
     H    7       -0.146343        0.464311       -0.276158
     H    7       -0.004932       -0.276158       -0.427330

     C    8       -0.478756       -0.254261       -0.101972
     C    8       -0.254261        0.466188        0.258966
     C    8       -0.101972        0.258966        0.012567

     H    9        0.496725       -0.342885        0.198140
     H    9       -0.342885       -0.583346       -0.140449
     H    9        0.198140       -0.140449        0.086621

     C   10        0.067959       -0.122295        0.000078
     C   10       -0.122295        0.254616        0.273529
     C   10        0.000078        0.273529       -0.322576

     C   11       -0.012087       -0.390361       -0.192923
     C   11       -0.390361        0.329849       -0.368533
     C   11       -0.192923       -0.368533       -0.317762

     Cl  12       -0.309146        1.032723        1.006370
     Cl  12        1.032723       -0.655136       -1.896701
     Cl  12        1.006370       -1.896701        0.964281

     H   13        0.010305       -0.068200       -0.120868
     H   13       -0.068200        0.220917        0.444189
     H   13       -0.120868        0.444189       -0.231222

     C   14       -0.655381       -0.138862        0.194099
     C   14       -0.138862        0.570108        0.036749
     C   14        0.194099        0.036749        0.085273

     H   15        0.556474        0.186481        0.373018
     H   15        0.186481       -0.535231        0.224560
     H   15        0.373018        0.224560       -0.021243

     C   16        0.269113       -0.323083        0.056819
     C   16       -0.323083        0.150214       -0.165163
     C   16        0.056819       -0.165163       -0.419327

     C   17       -0.699848        0.233922       -0.019181
     C   17        0.233922        0.588895        0.285868
     C   17       -0.019181        0.285868        0.110953

     Cl  18        0.371472       -0.185153       -0.292506
     Cl  18       -0.185153        1.829826       -0.424611
     Cl  18       -0.292506       -0.424611       -2.201298

     H   19       -0.389377        0.222746        0.219133
     H   19        0.222746        0.232594       -0.588554
     H   19        0.219133       -0.588554        0.156784

     C   20        0.373600       -0.482643       -0.037438
     C   20       -0.482643       -0.174930        0.127574
     C   20       -0.037438        0.127574       -0.198670

     H   21        0.376296       -0.023784        0.615179
     H   21       -0.023784       -0.177760       -0.327386
     H   21        0.615179       -0.327386       -0.198536

     C   22        0.062795        0.047898       -0.074827
     C   22        0.047898        0.114518       -0.165079
     C   22       -0.074827       -0.165079       -0.177313

     C   23        0.000290       -0.031917       -0.143258
     C   23       -0.031917        0.169365        0.389508
     C   23       -0.143258        0.389508       -0.169654

     Cl  24       -0.654826        0.852687       -0.999196
     Cl  24        0.852687       -0.466478        2.009042
     Cl  24       -0.999196        2.009042        1.121304

     ----- total EFG (symmetrized) -----
     Cl   1        0.961354        0.881601       -1.219761
     Cl   1        0.881601       -0.397529       -0.772596
     Cl   1       -1.219761       -0.772596       -0.563825

     C    2        0.179289       -0.837038       -0.412431
     C    2       -0.837038       -0.149993       -0.158860
     C    2       -0.412431       -0.158860       -0.029296

     C    3       -0.450068        0.125941       -0.345374
     C    3        0.125941       -0.040720        0.318511
     C    3       -0.345374        0.318511        0.490788

     H    4        0.565482        0.036200        0.454581
     H    4        0.036200        0.016251        0.091984
     H    4        0.454581        0.091984       -0.581733

     C    5       -0.078712       -0.443116       -0.081300
     C    5       -0.443116       -0.091414        0.059362
     C    5       -0.081300        0.059362        0.170126

     H    6       -0.042229        0.101911        0.061417
     H    6        0.101911        0.231771        0.089061
     H    6        0.061417        0.089061       -0.189542

     H    7       -0.036981       -0.146343       -0.004932
     H    7       -0.146343        0.464311       -0.276158
     H    7       -0.004932       -0.276158       -0.427330

     C    8       -0.478756       -0.254261       -0.101972
     C    8       -0.254261        0.466188        0.258966
     C    8       -0.101972        0.258966        0.012567

     H    9        0.496725       -0.342885        0.198140
     H    9       -0.342885       -0.583346       -0.140449
     H    9        0.198140       -0.140449        0.086621

     C   10        0.067959       -0.122295        0.000078
     C   10       -0.122295        0.254616        0.273529
     C   10        0.000078        0.273529       -0.322576

     C   11       -0.012087       -0.390361       -0.192923
     C   11       -0.390361        0.329849       -0.368533
     C   11       -0.192923       -0.368533       -0.317762

     Cl  12       -0.309146        1.032723        1.006370
     Cl  12        1.032723       -0.655136       -1.896701
     Cl  12        1.006370       -1.896701        0.964281

     H   13        0.010305       -0.068200       -0.120868
     H   13       -0.068200        0.220917        0.444189
     H   13       -0.120868        0.444189       -0.231222

     C   14       -0.655381       -0.138862        0.194099
     C   14       -0.138862        0.570108        0.036749
     C   14        0.194099        0.036749        0.085273

     H   15        0.556474        0.186481        0.373018
     H   15        0.186481       -0.535231        0.224560
     H   15        0.373018        0.224560       -0.021243

     C   16        0.269113       -0.323083        0.056819
     C   16       -0.323083        0.150214       -0.165163
     C   16        0.056819       -0.165163       -0.419327

     C   17       -0.699848        0.233922       -0.019181
     C   17        0.233922        0.588895        0.285868
     C   17       -0.019181        0.285868        0.110953

     Cl  18        0.371472       -0.185153       -0.292506
     Cl  18       -0.185153        1.829826       -0.424611
     Cl  18       -0.292506       -0.424611       -2.201298

     H   19       -0.389377        0.222746        0.219133
     H   19        0.222746        0.232594       -0.588554
     H   19        0.219133       -0.588554        0.156784

     C   20        0.373600       -0.482643       -0.037438
     C   20       -0.482643       -0.174930        0.127574
     C   20       -0.037438        0.127574       -0.198670

     H   21        0.376296       -0.023784        0.615179
     H   21       -0.023784       -0.177760       -0.327386
     H   21        0.615179       -0.327386       -0.198536

     C   22        0.062795        0.047898       -0.074827
     C   22        0.047898        0.114518       -0.165079
     C   22       -0.074827       -0.165079       -0.177313

     C   23        0.000290       -0.031917       -0.143258
     C   23       -0.031917        0.169365        0.389508
     C   23       -0.143258        0.389508       -0.169654

     Cl  24       -0.654826        0.852687       -0.999196
     Cl  24        0.852687       -0.466478        2.009042
     Cl  24       -0.999196        2.009042        1.121304


     NQR/NMR SPECTROSCOPIC PARAMETERS:
     Cl   1    Vxx=   -0.7972    axis=( -0.551552  0.806727 -0.212089)
     Cl   1    Vyy=   -1.3580    axis=(  0.290099  0.423904  0.857991)
     Cl   1    Vzz=    2.1551    axis=( -0.782070 -0.411700  0.467836)
     Cl   1  Q=        -8.1650 1e-30 m^2  Cq=       -41.3447 MHz  eta= 0.26022

     C    2    Vxx=    0.0734    axis=( -0.050383 -0.446548  0.893340)
     C    2    Vyy=    0.9223    axis=(  0.781786 -0.574265 -0.242962)
     C    2    Vzz=   -0.9957    axis=(  0.621508  0.686160  0.378038)
     C    2  Q=         1.0000 1e-30 m^2  Cq=        -2.3395 MHz  eta= 0.85262

     C    3    Vxx=   -0.0526    axis=(  0.458993  0.862349 -0.213729)
     C    3    Vyy=   -0.6497    axis=( -0.857136  0.366521 -0.361911)
     C    3    Vzz=    0.7024    axis=( -0.233758  0.349309  0.907381)
     C    3  Q=         1.0000 1e-30 m^2  Cq=         1.6503 MHz  eta= 0.85014

     H    4    Vxx=    0.0178    axis=(  0.117663 -0.991063 -0.062842)
     H    4    Vyy=    0.7296    axis=(  0.938989  0.090439  0.331845)
     H    4    Vzz=   -0.7474    axis=( -0.323196 -0.098053  0.941239)
     H    4  Q=         1.0000 1e-30 m^2  Cq=        -1.7561 MHz  eta= 0.95241

     C    5    Vxx=    0.1275    axis=(  0.267677 -0.292959  0.917891)
     C    5    Vyy=    0.4011    axis=( -0.658275  0.640048  0.396248)
     C    5    Vzz=   -0.5285    axis=( -0.703579 -0.710292 -0.021522)
     C    5  Q=         1.0000 1e-30 m^2  Cq=        -1.2419 MHz  eta= 0.51765

     H    6    Vxx=   -0.0699    axis=(  0.910196 -0.365157  0.195460)
     H    6    Vyy=   -0.2183    axis=( -0.258099 -0.130974  0.957200)
     H    6    Vzz=    0.2882    axis=( -0.323928 -0.921687 -0.213458)
     H    6  Q=         1.0000 1e-30 m^2  Cq=         0.6772 MHz  eta= 0.51477

     H    7    Vxx=   -0.0644    axis=(  0.969922  0.187174 -0.155616)
     H    7    Vyy=   -0.5103    axis=( -0.098010 -0.284890 -0.953537)
     H    7    Vzz=    0.5748    axis=( -0.222811  0.940108 -0.257976)
     H    7  Q=         1.0000 1e-30 m^2  Cq=         1.3505 MHz  eta= 0.77581

     C    8    Vxx=   -0.1046    axis=(  0.025126 -0.403751  0.914524)
     C    8    Vyy=   -0.5454    axis=(  0.971508  0.225525  0.072874)
     C    8    Vzz=    0.6500    axis=( -0.235671  0.886636  0.397914)
     C    8  Q=         1.0000 1e-30 m^2  Cq=         1.5272 MHz  eta= 0.67826

     H    9    Vxx=    0.0065    axis=( -0.375995 -0.002068  0.926619)
     H    9    Vyy=    0.6851    axis=( -0.889664  0.280406 -0.360374)
     H    9    Vzz=   -0.6916    axis=( -0.259084 -0.959879 -0.107271)
     H    9  Q=         1.0000 1e-30 m^2  Cq=        -1.6250 MHz  eta= 0.98110

     C   10    Vxx=    0.0333    axis=(  0.941663  0.266753  0.205216)
     C   10    Vyy=    0.4025    axis=( -0.323568  0.885315  0.333948)
     C   10    Vzz=   -0.4358    axis=( -0.092599 -0.380868  0.919981)
     C   10  Q=         1.0000 1e-30 m^2  Cq=        -1.0240 MHz  eta= 0.84704

     C   11    Vxx=    0.0384    axis=(  0.750029  0.212594 -0.626307)
     C   11    Vyy=    0.6360    axis=( -0.446585  0.861264 -0.242457)
     C   11    Vzz=   -0.6744    axis=(  0.487871  0.461549  0.740914)
     C   11  Q=         1.0000 1e-30 m^2  Cq=        -1.5845 MHz  eta= 0.88622

     Cl  12    Vxx=    0.4864    axis=(  0.852977  0.494594  0.166755)
     Cl  12    Vyy=    2.2521    axis=( -0.128971  0.509298 -0.850871)
     Cl  12    Vzz=   -2.7385    axis=( -0.505764  0.704267  0.498208)
     Cl  12  Q=        -8.1650 1e-30 m^2  Cq=        52.5373 MHz  eta= 0.64476

     H   13    Vxx=   -0.0098    axis=(  0.963680  0.266894  0.009360)
     H   13    Vyy=   -0.5125    axis=(  0.131455 -0.504573  0.853303)
     H   13    Vzz=    0.5223    axis=(  0.232464 -0.821081 -0.521332)
     H   13  Q=         1.0000 1e-30 m^2  Cq=         1.2271 MHz  eta= 0.96263

     C   14    Vxx=    0.1330    axis=(  0.239940 -0.005391  0.970773)
     C   14    Vyy=    0.5861    axis=( -0.106194  0.993838  0.031766)
     C   14    Vzz=   -0.7192    axis=( -0.964962 -0.110713  0.237889)
     C   14  Q=         1.0000 1e-30 m^2  Cq=        -1.6897 MHz  eta= 0.63000

     H   15    Vxx=   -0.1718    axis=( -0.492156  0.260666  0.830563)
     H   15    Vyy=   -0.6216    axis=( -0.046874  0.944795 -0.324293)
     H   15    Vzz=    0.7934    axis=( -0.869244 -0.198534 -0.452768)
     H   15  Q=         1.0000 1e-30 m^2  Cq=         1.8641 MHz  eta= 0.56690

     C   16    Vxx=   -0.0960    axis=(  0.663666  0.706950 -0.244478)
     C   16    Vyy=   -0.4652    axis=( -0.050675 -0.283588 -0.957606)
     C   16    Vzz=    0.5612    axis=( -0.746310  0.647920 -0.152384)
     C   16  Q=         1.0000 1e-30 m^2  Cq=         1.3186 MHz  eta= 0.65798

     C   17    Vxx=   -0.0047    axis=( -0.152805 -0.379297  0.912570)
     C   17    Vyy=   -0.7468    axis=( -0.978191  0.189505 -0.085028)
     C   17    Vzz=    0.7515    axis=( -0.140686 -0.905661 -0.399982)
     C   17  Q=         1.0000 1e-30 m^2  Cq=         1.7657 MHz  eta= 0.98762

     Cl  18    Vxx=    0.3920    axis=(  0.987922  0.089958 -0.126162)
     Cl  18    Vyy=    1.8899    axis=( -0.102351  0.990159 -0.095447)
     Cl  18    Vzz=   -2.2819    axis=(  0.116334  0.107207  0.987407)
     Cl  18  Q=        -8.1650 1e-30 m^2  Cq=        43.7764 MHz  eta= 0.65645

     H   19    Vxx=   -0.0801    axis=( -0.710189 -0.473946 -0.520583)
     H   19    Vyy=   -0.7045    axis=( -0.703916  0.490166  0.514042)
     H   19    Vzz=    0.7846    axis=(  0.011544  0.731514 -0.681729)
     H   19  Q=         1.0000 1e-30 m^2  Cq=         1.8435 MHz  eta= 0.79583

     C   20    Vxx=   -0.1796    axis=(  0.251501  0.215055  0.943662)
     C   20    Vyy=   -0.4858    axis=( -0.454989 -0.834279  0.311389)
     C   20    Vzz=    0.6653    axis=( -0.854244  0.507671  0.111975)
     C   20  Q=         1.0000 1e-30 m^2  Cq=         1.5633 MHz  eta= 0.46020

     H   21    Vxx=   -0.0853    axis=(  0.411660  0.868764 -0.275291)
     H   21    Vyy=   -0.7235    axis=( -0.428235  0.451049  0.783052)
     H   21    Vzz=    0.8088    axis=(  0.804457 -0.204462  0.557714)
     H   21  Q=         1.0000 1e-30 m^2  Cq=         1.9004 MHz  eta= 0.78911

     C   22    Vxx=    0.0350    axis=(  0.890004 -0.454238  0.039505)
     C   22    Vyy=    0.2243    axis=(  0.428891  0.804626 -0.410646)
     C   22    Vzz=   -0.2593    axis=(  0.154744  0.382420  0.910939)
     C   22  Q=         1.0000 1e-30 m^2  Cq=        -0.6093 MHz  eta= 0.72986

     C   23    Vxx=   -0.0010    axis=(  0.945180  0.320468 -0.062736)
     C   23    Vyy=   -0.4489    axis=(  0.228121 -0.510513  0.829058)
     C   23    Vzz=    0.4499    axis=(  0.233659 -0.797920 -0.555632)
     C   23  Q=         1.0000 1e-30 m^2  Cq=         1.0572 MHz  eta= 0.99545

     Cl  24    Vxx=    0.1175    axis=(  0.832346  0.515588 -0.203393)
     Cl  24    Vyy=    2.5303    axis=( -0.122072  0.528485  0.840120)
     Cl  24    Vzz=   -2.6478    axis=(  0.540646 -0.674443  0.502821)
     Cl  24  Q=        -8.1650 1e-30 m^2  Cq=        50.7971 MHz  eta= 0.91123

     Initialization:
     gipaw_setup  :      9.27s CPU     10.98s WALL (       1 calls)

     Linear response

     Apply operators

     Induced current

     Other routines
     efg          :      9.22s CPU     11.75s WALL (       1 calls)

     General routines
     calbec       :      3.22s CPU      4.27s WALL (      16 calls)
     fft          :      1.62s CPU      2.30s WALL (      15 calls)
     ffts         :      0.04s CPU      0.06s WALL (       2 calls)
     fftw         :      3.29s CPU      3.99s WALL (     672 calls)
     davcio       :      0.02s CPU      0.31s WALL (      32 calls)

     Parallel routines
     fft_scatter  :      2.34s CPU      3.58s WALL (     689 calls)

     Plugins

     GIPAW        :     60.44s CPU     72.60s WALL (       1 calls)
