
     Program QE v.6.0 (svn rev. 13079) starts on 22Dec2016 at 17:52:10 

     This program is part of the open-source Quantum ESPRESSO suite
     for quantum simulation of materials; please cite
         "P. Giannozzi et al., J. Phys.:Condens. Matter 21 395502 (2009);
          URL http://www.quantum-espresso.org", 
     in publications or presentations arising from this work. More details at
     http://www.quantum-espresso.org/quote

     Parallel version (MPI), running on     8 processors
     R & G space division:  proc/nbgrp/npool/nimage =       8

     ***** This is GIPAW svn revision unknown      *****

     Parallelizing q-star over 1 images

     Reading data from directory:
     /users/majewski/paradichlorobenzene/pbe/9_constraint/scratch/pbe.ecut100.np8.dt60.pcl2phi-129368.save
     Message from routine read_xml_file:
     file /users/majewski/paradichlorobenzene/pbe/9_constraint/scratch/pbe.ecut100.np8.dt60.pcl2phi-129368.save not guaranteed to be safe for post-processing

   Info: using nr1, nr2, nr3 values from input

   Info: using nr1, nr2, nr3 values from input

     IMPORTANT: XC functional enforced from input :
     Exchange-correlation      =  SLA  PW   PBX  PBC ( 1  4  3  4 0 0)
     Any further DFT definition will be discarded
     Please, verify this is what you really want

               file C.pbe-n-kjpaw_psl.1.0.0.UPF: wavefunction(s)  2S 2P renormalized
               file Cl.pbe-n-kjpaw_psl.1.0.0.UPF: wavefunction(s)  3S 3P renormalized
               file H.pbe-kjpaw_psl.1.0.0.UPF: wavefunction(s)  1S renormalized

     Parallelization info
     --------------------
     sticks:   dense  smooth     PW     G-vecs:    dense   smooth      PW
     Min        3057    1223    332               144436    36536    5170
     Max        3059    1225    333               144437    36537    5171
     Sum       24467    9791   2657              1155489   292295   41363


     Subspace diagonalization in iterative solution of the eigenvalue problem:
     a serial algorithm will be used

     GIPAW projectors -----------------------------------------------
     atom=  C    l=0  rc=    1.2000  rs=    0.8000
     atom=  C    l=0  rc=    1.2000  rs=    0.8000
     atom=  C    l=1  rc=    1.4000  rs=    0.9333
     atom=  C    l=1  rc=    1.4000  rs=    0.9333
     projs nearly linearly dependent: l=1  n1,n2= 1, 2  s=  0.99951561

     atom=  Cl   l=0  rc=    1.6000  rs=    1.0667
     atom=  Cl   l=0  rc=    1.6000  rs=    1.0667
     atom=  Cl   l=1  rc=    1.6000  rs=    1.0667
     atom=  Cl   l=1  rc=    1.6000  rs=    1.0667
     atom=  Cl   l=2  rc=    1.6000  rs=    1.0667
     atom=  Cl   l=2  rc=    1.6000  rs=    1.0667
     projs nearly linearly dependent: l=2  n1,n2= 1, 2  s=  0.99993509

     atom=  H    l=0  rc=    1.0000  rs=    0.6667
     atom=  H    l=0  rc=    1.0000  rs=    0.6667
     projs nearly linearly dependent: l=0  n1,n2= 1, 2  s=  0.99968852
     -----------------------------------------------------------------

     GIPAW integrals: -------------------------------------------
     Atom  i/j   nmr_para   nmr_dia   epr_rmc  epr_para   epr_dia
       C   1 1   0.83E+03  0.17E-01  0.93E+01  0.24E+08  0.24E+03
       C   2 1   0.86E+03 -0.61E-01  0.94E+01  0.25E+08  0.25E+03
       C   2 2   0.90E+03 -0.15E+00  0.97E+01  0.26E+08  0.26E+03
       C   3 3   0.33E+01  0.34E+00  0.18E+01  0.55E+03  0.21E+02
       C   4 3   0.35E+01  0.37E+00  0.20E+01  0.59E+03  0.22E+02
       C   4 4   0.38E+01  0.39E+00  0.22E+01  0.63E+03  0.24E+02
       Cl  1 1   0.14E+04 -0.47E+00  0.84E+01  0.32E+09  0.42E+03
       Cl  2 1   0.21E+04 -0.37E+00  0.12E+02  0.49E+09  0.65E+03
       Cl  2 2   0.33E+04 -0.16E+00  0.21E+02  0.76E+09  0.10E+04
       Cl  3 3   0.21E+02  0.79E-01  0.89E+01  0.23E+05  0.13E+03
       Cl  4 3   0.24E+02  0.67E-01  0.99E+01  0.27E+05  0.15E+03
       Cl  4 4   0.28E+02  0.44E-01  0.11E+02  0.32E+05  0.18E+03
       Cl  5 5   0.77E+00  0.19E+00  0.18E+01  0.12E+03  0.22E+02
       Cl  6 5   0.80E+00  0.19E+00  0.19E+01  0.12E+03  0.23E+02
       Cl  6 6   0.83E+00  0.20E+00  0.19E+01  0.12E+03  0.23E+02
       H   1 1   0.39E+02  0.19E+00  0.29E+00  0.78E+05  0.13E+02
       H   2 1   0.41E+02  0.21E+00  0.32E+00  0.82E+05  0.14E+02
       H   2 2   0.43E+02  0.22E+00  0.36E+00  0.86E+05  0.15E+02
     ------------------------------------------------------------

     alpha_pv=     34.2384 eV

     Number of occupied bands for each k-point:
     k-point:     1    nbnd_occ=  42
     k-point:     2    nbnd_occ=  42
     k-point:     3    nbnd_occ=  42
     k-point:     4    nbnd_occ=  42
     k-point:     5    nbnd_occ=  42
     k-point:     6    nbnd_occ=  42
     k-point:     7    nbnd_occ=  42
     k-point:     8    nbnd_occ=  42
     k-point:     9    nbnd_occ=  42
     k-point:    10    nbnd_occ=  42
     k-point:    11    nbnd_occ=  42
     k-point:    12    nbnd_occ=  42
     k-point:    13    nbnd_occ=  42
     k-point:    14    nbnd_occ=  42
     k-point:    15    nbnd_occ=  42
     k-point:    16    nbnd_occ=  42


     q-space interpolation up to   110.00 Rydberg

     GIPAW job: efg                                                                             


     ELECTRIC FIELD GRADIENTS TENSORS IN Hartree/bohrradius^2:

     ----- bare term -----
     Cl   1       -0.157065        0.252370       -0.030407
     Cl   1        0.252370        0.114022       -0.063128
     Cl   1       -0.030407       -0.063128        0.043042

     C    2       -0.000585        0.129569       -0.081820
     C    2        0.129569       -0.017658       -0.502339
     C    2       -0.081820       -0.502339        0.018244

     C    3        0.058596       -0.025188        0.258507
     C    3       -0.025188       -0.074327        0.276853
     C    3        0.258507        0.276853        0.015731

     H    4       -0.117016       -0.270508        0.115555
     H    4       -0.270508       -0.101202        0.156129
     H    4        0.115555        0.156129        0.218218

     C    5       -0.066662       -0.125145       -0.090745
     C    5       -0.125145       -0.044276        0.125557
     C    5       -0.090745        0.125557        0.110938

     H    6        0.364985       -0.137410       -0.007477
     H    6       -0.137410       -0.573236        0.277641
     H    6       -0.007477        0.277641        0.208251

     H    7        0.421273        0.082340        0.166138
     H    7        0.082340       -0.225139        0.395212
     H    7        0.166138        0.395212       -0.196134

     C    8       -0.787159       -0.391131       -0.369870
     C    8       -0.391131        0.454436        0.213270
     C    8       -0.369870        0.213270        0.332724

     H    9       -0.096747        0.149206       -0.448463
     H    9        0.149206        0.438300        0.057808
     H    9       -0.448463        0.057808       -0.341553

     C   10       -0.040706       -0.184341       -0.191153
     C   10       -0.184341       -0.057649        0.653655
     C   10       -0.191153        0.653655        0.098355

     C   11       -0.527414       -0.365903       -0.431309
     C   11       -0.365903        0.308066        0.229331
     C   11       -0.431309        0.229331        0.219349

     Cl  12       -0.003943        0.048103       -0.032772
     Cl  12        0.048103        0.070886        0.032748
     Cl  12       -0.032772        0.032748       -0.066943

     H   13        0.315570        0.061948       -0.071658
     H   13        0.061948       -0.523192       -0.437635
     H   13       -0.071658       -0.437635        0.207623

     C   14       -0.437324        0.185959       -0.412596
     C   14        0.185959        0.062796       -0.330681
     C   14       -0.412596       -0.330681        0.374527

     H   15       -0.223419       -0.445769       -0.224589
     H   15       -0.445769       -0.116661        0.098812
     H   15       -0.224589        0.098812        0.340080

     C   16       -0.201677        0.350369       -0.108680
     C   16        0.350369       -0.359868       -0.533786
     C   16       -0.108680       -0.533786        0.561545

     C   17       -0.200215        0.112413       -0.368094
     C   17        0.112413       -0.138428       -0.500507
     C   17       -0.368094       -0.500507        0.338643

     Cl  18       -0.015907        0.119805       -0.113545
     Cl  18        0.119805        0.040671       -0.116101
     Cl  18       -0.113545       -0.116101       -0.024764

     H   19        0.469363        0.025874        0.005410
     H   19        0.025874       -0.198159        0.631375
     H   19        0.005410        0.631375       -0.271204

     C   20       -0.164419        0.005460       -0.324462
     C   20        0.005460       -0.131884        0.354525
     C   20       -0.324462        0.354525        0.296303

     H   21        0.060137        0.111858       -0.317376
     H   21        0.111858        0.503175        0.195392
     H   21       -0.317376        0.195392       -0.563311

     C   22       -0.434492       -0.360073       -0.420057
     C   22       -0.360073       -0.071566        0.091631
     C   22       -0.420057        0.091631        0.506059

     C   23       -0.003673        0.165735       -0.354270
     C   23        0.165735       -0.204749        0.461238
     C   23       -0.354270        0.461238        0.208422

     Cl  24       -0.209209       -0.204560       -0.094113
     Cl  24       -0.204560       -0.099684       -0.046497
     Cl  24       -0.094113       -0.046497        0.308893

     ----- ionic term -----
     Cl   1        0.167247       -0.211233        0.038433
     Cl   1       -0.211233        0.022217       -0.019707
     Cl   1        0.038433       -0.019707       -0.189464

     C    2        0.250940       -0.120372        0.164476
     C    2       -0.120372        0.334331        0.239358
     C    2        0.164476        0.239358       -0.585271

     C    3        0.288558       -0.127191        0.010865
     C    3       -0.127191        0.318098        0.250508
     C    3        0.010865        0.250508       -0.606657

     H    4        0.714262        0.629471        0.200125
     H    4        0.629471       -0.090558        0.136273
     H    4        0.200125        0.136273       -0.623704

     C    5        0.465326       -0.035162        0.045720
     C    5       -0.035162        0.135025        0.238271
     C    5        0.045720        0.238271       -0.600351

     H    6       -0.518013        0.047141       -0.018833
     H    6        0.047141        0.951960        0.465230
     H    6       -0.018833        0.465230       -0.433947

     H    7       -0.527470        0.064467       -0.017370
     H    7        0.064467        0.503276       -0.767956
     H    7       -0.017370       -0.767956        0.024194

     C    8        0.202406        0.248804        0.343256
     C    8        0.248804       -0.002579       -0.287905
     C    8        0.343256       -0.287905       -0.199826

     H    9        0.401404       -0.427018        0.667123
     H    9       -0.427018       -0.310039       -0.360716
     H    9        0.667123       -0.360716       -0.091364

     C   10        0.103169        0.218014        0.237508
     C   10        0.218014        0.121685       -0.366329
     C   10        0.237508       -0.366329       -0.224853

     C   11        0.229207        0.195515        0.360726
     C   11        0.195515       -0.043313       -0.383391
     C   11        0.360726       -0.383391       -0.185894

     Cl  12        0.187694        0.228563        0.013043
     Cl  12        0.228563       -0.025617        0.002877
     Cl  12        0.013043        0.002877       -0.162078

     H   13       -0.532529        0.063205        0.033940
     H   13        0.063205        0.785108        0.609827
     H   13        0.033940        0.609827       -0.252580

     C   14        0.345291       -0.078089        0.108219
     C   14       -0.078089        0.140606        0.282670
     C   14        0.108219        0.282670       -0.485897

     H   15        0.541777        0.553550        0.504758
     H   15        0.553550       -0.185208        0.314635
     H   15        0.504758        0.314635       -0.356569

     C   16        0.185944       -0.126502        0.077141
     C   16       -0.126502        0.292399        0.368115
     C   16        0.077141        0.368115       -0.478343

     C   17        0.342748        0.018084        0.043490
     C   17        0.018084        0.202292        0.341390
     C   17        0.043490        0.341390       -0.545041

     Cl  18        0.186987       -0.186330       -0.028785
     Cl  18       -0.186330       -0.058351        0.013851
     Cl  18       -0.028785        0.013851       -0.128635

     H   19       -0.530052       -0.071118        0.066352
     H   19       -0.071118        0.468086       -0.779614
     H   19        0.066352       -0.779614        0.061965

     C   20        0.193184        0.221461        0.378256
     C   20        0.221461        0.015817       -0.299500
     C   20        0.378256       -0.299500       -0.209001

     H   21        0.422527       -0.174472        0.790921
     H   21       -0.174472       -0.491256       -0.225604
     H   21        0.790921       -0.225604        0.068729

     C   22        0.028425        0.330201        0.243825
     C   22        0.330201        0.175626       -0.401688
     C   22        0.243825       -0.401688       -0.204051

     C   23        0.062685        0.232705        0.346950
     C   23        0.232705        0.098361       -0.422165
     C   23        0.346950       -0.422165       -0.161045

     Cl  24        0.102054        0.216941        0.044143
     Cl  24        0.216941        0.044192        0.024907
     Cl  24        0.044143        0.024907       -0.146246

     ----- GIPAW term -----
     Cl   1       -0.254908        0.498721       -0.574475
     Cl   1        0.498721        2.223407       -1.085680
     Cl   1       -0.574475       -1.085680       -1.968499

     C    2       -0.005620        0.052258       -0.054140
     C    2        0.052258        0.078827       -0.130866
     C    2       -0.054140       -0.130866       -0.073207

     C    3        0.019499       -0.014026        0.021608
     C    3       -0.014026        0.000993        0.038813
     C    3        0.021608        0.038813       -0.020491

     H    4       -0.000000        0.000000        0.000000
     H    4        0.000000        0.000000        0.000000
     H    4        0.000000        0.000000        0.000000

     C    5        0.002912       -0.015311        0.009123
     C    5       -0.015311       -0.005142        0.010642
     C    5        0.009123        0.010642        0.002230

     H    6       -0.000000        0.000000        0.000000
     H    6        0.000000        0.000000        0.000000
     H    6        0.000000        0.000000        0.000000

     H    7       -0.000000        0.000000        0.000000
     H    7        0.000000        0.000000        0.000000
     H    7        0.000000        0.000000        0.000000

     C    8       -0.225722       -0.093212       -0.046222
     C    8       -0.093212        0.295898        0.036842
     C    8       -0.046222        0.036842       -0.070176

     H    9       -0.000000        0.000000        0.000000
     H    9        0.000000        0.000000        0.000000
     H    9        0.000000        0.000000        0.000000

     C   10       -0.123342       -0.040906       -0.046555
     C   10       -0.040906        0.167335        0.225184
     C   10       -0.046555        0.225184       -0.043993

     C   11       -0.104144       -0.082309       -0.059800
     C   11       -0.082309        0.263558        0.007264
     C   11       -0.059800        0.007264       -0.159414

     Cl  12        1.228109        2.433239       -0.213265
     Cl  12        2.433239        0.703953        0.297223
     Cl  12       -0.213265        0.297223       -1.932062

     H   13       -0.000000        0.000000        0.000000
     H   13        0.000000        0.000000        0.000000
     H   13        0.000000        0.000000        0.000000

     C   14       -0.009515        0.061379       -0.024695
     C   14        0.061379       -0.017432       -0.037362
     C   14       -0.024695       -0.037362        0.026947

     H   15       -0.000000        0.000000        0.000000
     H   15        0.000000        0.000000        0.000000
     H   15        0.000000        0.000000        0.000000

     C   16       -0.094914        0.043558        0.005914
     C   16        0.043558       -0.094119       -0.126259
     C   16        0.005914       -0.126259        0.189033

     C   17        0.023235       -0.107883       -0.071620
     C   17       -0.107883       -0.006817       -0.111311
     C   17       -0.071620       -0.111311       -0.016417

     Cl  18        1.272056       -0.922562       -1.119558
     Cl  18       -0.922562        0.301913       -1.054269
     Cl  18       -1.119558       -1.054269       -1.573969

     H   19       -0.000000        0.000000        0.000000
     H   19        0.000000        0.000000        0.000000
     H   19        0.000000        0.000000        0.000000

     C   20       -0.089961        0.069898       -0.079751
     C   20        0.069898        0.063937       -0.075497
     C   20       -0.079751       -0.075497        0.026024

     H   21       -0.000000        0.000000        0.000000
     H   21        0.000000        0.000000        0.000000
     H   21        0.000000        0.000000        0.000000

     C   22       -0.113154        0.020359       -0.211129
     C   22        0.020359       -0.065685       -0.108054
     C   22       -0.211129       -0.108054        0.178839

     C   23       -0.035151        0.178598       -0.077087
     C   23        0.178598        0.079030       -0.109132
     C   23       -0.077087       -0.109132       -0.043879

     Cl  24       -0.621837        1.218039       -1.329272
     Cl  24        1.218039       -1.283128       -0.796405
     Cl  24       -1.329272       -0.796405        1.904965

     ----- total EFG -----
     Cl   1       -0.244725        0.539859       -0.566449
     Cl   1        0.539859        2.359646       -1.168514
     Cl   1       -0.566449       -1.168514       -2.114921

     C    2        0.244735        0.061455        0.028517
     C    2        0.061455        0.395499       -0.393847
     C    2        0.028517       -0.393847       -0.640235

     C    3        0.366653       -0.166405        0.290980
     C    3       -0.166405        0.244764        0.566174
     C    3        0.290980        0.566174       -0.611417

     H    4        0.597246        0.358964        0.315680
     H    4        0.358964       -0.191761        0.292402
     H    4        0.315680        0.292402       -0.405485

     C    5        0.401576       -0.175617       -0.035902
     C    5       -0.175617        0.085606        0.374470
     C    5       -0.035902        0.374470       -0.487182

     H    6       -0.153029       -0.090269       -0.026310
     H    6       -0.090269        0.378724        0.742871
     H    6       -0.026310        0.742871       -0.225695

     H    7       -0.106198        0.146807        0.148768
     H    7        0.146807        0.278137       -0.372744
     H    7        0.148768       -0.372744       -0.171940

     C    8       -0.810476       -0.235539       -0.072836
     C    8       -0.235539        0.747754       -0.037792
     C    8       -0.072836       -0.037792        0.062722

     H    9        0.304656       -0.277812        0.218659
     H    9       -0.277812        0.128261       -0.302908
     H    9        0.218659       -0.302908       -0.432917

     C   10       -0.060879       -0.007233       -0.000199
     C   10       -0.007233        0.231371        0.512510
     C   10       -0.000199        0.512510       -0.170492

     C   11       -0.402351       -0.252697       -0.130383
     C   11       -0.252697        0.528311       -0.146796
     C   11       -0.130383       -0.146796       -0.125960

     Cl  12        1.411860        2.709906       -0.232995
     Cl  12        2.709906        0.749223        0.332847
     Cl  12       -0.232995        0.332847       -2.161082

     H   13       -0.216959        0.125153       -0.037717
     H   13        0.125153        0.261916        0.172193
     H   13       -0.037717        0.172193       -0.044957

     C   14       -0.101548        0.169249       -0.329072
     C   14        0.169249        0.185970       -0.085373
     C   14       -0.329072       -0.085373       -0.084423

     H   15        0.318358        0.107781        0.280168
     H   15        0.107781       -0.301869        0.413447
     H   15        0.280168        0.413447       -0.016489

     C   16       -0.110647        0.267425       -0.025625
     C   16        0.267425       -0.161588       -0.291931
     C   16       -0.025625       -0.291931        0.272235

     C   17        0.165768        0.022614       -0.396224
     C   17        0.022614        0.057047       -0.270428
     C   17       -0.396224       -0.270428       -0.222815

     Cl  18        1.443136       -0.989086       -1.261888
     Cl  18       -0.989086        0.284232       -1.156519
     Cl  18       -1.261888       -1.156519       -1.727368

     H   19       -0.060689       -0.045244        0.071762
     H   19       -0.045244        0.269927       -0.148239
     H   19        0.071762       -0.148239       -0.209238

     C   20       -0.061196        0.296819       -0.025958
     C   20        0.296819       -0.052131       -0.020472
     C   20       -0.025958       -0.020472        0.113327

     H   21        0.482663       -0.062613        0.473545
     H   21       -0.062613        0.011919       -0.030212
     H   21        0.473545       -0.030212       -0.494582

     C   22       -0.519221       -0.009513       -0.387361
     C   22       -0.009513        0.038375       -0.418110
     C   22       -0.387361       -0.418110        0.480847

     C   23        0.023861        0.577038       -0.084408
     C   23        0.577038       -0.027359       -0.070059
     C   23       -0.084408       -0.070059        0.003498

     Cl  24       -0.728992        1.230420       -1.379242
     Cl  24        1.230420       -1.338620       -0.817996
     Cl  24       -1.379242       -0.817996        2.067611

     ----- total EFG (symmetrized) -----
     Cl   1       -0.244725        0.539859       -0.566449
     Cl   1        0.539859        2.359646       -1.168514
     Cl   1       -0.566449       -1.168514       -2.114921

     C    2        0.244735        0.061455        0.028517
     C    2        0.061455        0.395499       -0.393847
     C    2        0.028517       -0.393847       -0.640235

     C    3        0.366653       -0.166405        0.290980
     C    3       -0.166405        0.244764        0.566174
     C    3        0.290980        0.566174       -0.611417

     H    4        0.597246        0.358964        0.315680
     H    4        0.358964       -0.191761        0.292402
     H    4        0.315680        0.292402       -0.405485

     C    5        0.401576       -0.175617       -0.035902
     C    5       -0.175617        0.085606        0.374470
     C    5       -0.035902        0.374470       -0.487182

     H    6       -0.153029       -0.090269       -0.026310
     H    6       -0.090269        0.378724        0.742871
     H    6       -0.026310        0.742871       -0.225695

     H    7       -0.106198        0.146807        0.148768
     H    7        0.146807        0.278137       -0.372744
     H    7        0.148768       -0.372744       -0.171940

     C    8       -0.810476       -0.235539       -0.072836
     C    8       -0.235539        0.747754       -0.037792
     C    8       -0.072836       -0.037792        0.062722

     H    9        0.304656       -0.277812        0.218659
     H    9       -0.277812        0.128261       -0.302908
     H    9        0.218659       -0.302908       -0.432917

     C   10       -0.060879       -0.007233       -0.000199
     C   10       -0.007233        0.231371        0.512510
     C   10       -0.000199        0.512510       -0.170492

     C   11       -0.402351       -0.252697       -0.130383
     C   11       -0.252697        0.528311       -0.146796
     C   11       -0.130383       -0.146796       -0.125960

     Cl  12        1.411860        2.709906       -0.232995
     Cl  12        2.709906        0.749223        0.332847
     Cl  12       -0.232995        0.332847       -2.161082

     H   13       -0.216959        0.125153       -0.037717
     H   13        0.125153        0.261916        0.172193
     H   13       -0.037717        0.172193       -0.044957

     C   14       -0.101548        0.169249       -0.329072
     C   14        0.169249        0.185970       -0.085373
     C   14       -0.329072       -0.085373       -0.084423

     H   15        0.318358        0.107781        0.280168
     H   15        0.107781       -0.301869        0.413447
     H   15        0.280168        0.413447       -0.016489

     C   16       -0.110647        0.267425       -0.025625
     C   16        0.267425       -0.161588       -0.291931
     C   16       -0.025625       -0.291931        0.272235

     C   17        0.165768        0.022614       -0.396224
     C   17        0.022614        0.057047       -0.270428
     C   17       -0.396224       -0.270428       -0.222815

     Cl  18        1.443136       -0.989086       -1.261888
     Cl  18       -0.989086        0.284232       -1.156519
     Cl  18       -1.261888       -1.156519       -1.727368

     H   19       -0.060689       -0.045244        0.071762
     H   19       -0.045244        0.269927       -0.148239
     H   19        0.071762       -0.148239       -0.209238

     C   20       -0.061196        0.296819       -0.025958
     C   20        0.296819       -0.052131       -0.020472
     C   20       -0.025958       -0.020472        0.113327

     H   21        0.482663       -0.062613        0.473545
     H   21       -0.062613        0.011919       -0.030212
     H   21        0.473545       -0.030212       -0.494582

     C   22       -0.519221       -0.009513       -0.387361
     C   22       -0.009513        0.038375       -0.418110
     C   22       -0.387361       -0.418110        0.480847

     C   23        0.023861        0.577038       -0.084408
     C   23        0.577038       -0.027359       -0.070059
     C   23       -0.084408       -0.070059        0.003498

     Cl  24       -0.728992        1.230420       -1.379242
     Cl  24        1.230420       -1.338620       -0.817996
     Cl  24       -1.379242       -0.817996        2.067611


     NQR/NMR SPECTROSCOPIC PARAMETERS:
     Cl   1    Vxx=   -0.3071    axis=(  0.957687 -0.253550 -0.136189)
     Cl   1    Vyy=   -2.4841    axis=( -0.191903 -0.209891 -0.958707)
     Cl   1    Vzz=    2.7912    axis=(  0.214496  0.944277 -0.249666)
     Cl   1  Q=        -8.1650 1e-30 m^2  Cq=       -53.5484 MHz  eta= 0.77995

     C    2    Vxx=    0.2386    axis=(  0.984906 -0.143767  0.096392)
     C    2    Vyy=    0.5366    axis=(  0.166927  0.936206 -0.309281)
     C    2    Vzz=   -0.7751    axis=( -0.045779  0.320703  0.946073)
     C    2  Q=         1.0000 1e-30 m^2  Cq=        -1.8212 MHz  eta= 0.38447

     C    3    Vxx=    0.4457    axis=(  0.944966  0.097455  0.312316)
     C    3    Vyy=    0.5309    axis=( -0.220396  0.895123  0.387531)
     C    3    Vzz=   -0.9765    axis=( -0.241795 -0.435037  0.867340)
     C    3  Q=         1.0000 1e-30 m^2  Cq=        -2.2944 MHz  eta= 0.08724

     H    4    Vxx=   -0.2510    axis=(  0.484013 -0.755699 -0.441191)
     H    4    Vyy=   -0.6132    axis=(  0.062181  0.532611 -0.844073)
     H    4    Vzz=    0.8642    axis=(  0.872849  0.381109  0.304781)
     H    4  Q=         1.0000 1e-30 m^2  Cq=         2.0305 MHz  eta= 0.41921

     C    5    Vxx=    0.1516    axis=( -0.565744 -0.724844 -0.393109)
     C    5    Vyy=    0.5226    axis=( -0.823425  0.521853  0.222803)
     C    5    Vzz=   -0.6742    axis=( -0.043647 -0.449745  0.892090)
     C    5  Q=         1.0000 1e-30 m^2  Cq=        -1.5841 MHz  eta= 0.55022

     H    6    Vxx=   -0.1593    axis=(  0.995040  0.043246  0.089589)
     H    6    Vyy=   -0.7269    axis=(  0.050137  0.559817 -0.827098)
     H    6    Vzz=    0.8862    axis=( -0.085922  0.827487  0.554872)
     H    6  Q=         1.0000 1e-30 m^2  Cq=         2.0823 MHz  eta= 0.64045

     H    7    Vxx=   -0.0046    axis=(  0.877914  0.145552  0.456159)
     H    7    Vyy=   -0.4894    axis=( -0.468610  0.456848  0.756105)
     H    7    Vzz=    0.4939    axis=( -0.098343 -0.877556  0.469280)
     H    7  Q=         1.0000 1e-30 m^2  Cq=         1.1605 MHz  eta= 0.98154

     C    8    Vxx=    0.0683    axis=( -0.089094  0.024499  0.995722)
     C    8    Vyy=    0.7836    axis=( -0.144407  0.988817 -0.037250)
     C    8    Vzz=   -0.8519    axis=( -0.985499 -0.147108 -0.084560)
     C    8  Q=         1.0000 1e-30 m^2  Cq=        -2.0016 MHz  eta= 0.83963

     H    9    Vxx=   -0.0530    axis=(  0.671093  0.717670 -0.185968)
     H    9    Vyy=   -0.5760    axis=( -0.119390  0.352185  0.928284)
     H    9    Vzz=    0.6290    axis=(  0.731697 -0.600763  0.322032)
     H    9  Q=         1.0000 1e-30 m^2  Cq=         1.4779 MHz  eta= 0.83138

     C   10    Vxx=   -0.0609    axis=(  0.999919  0.003036  0.012380)
     C   10    Vyy=   -0.5201    axis=(  0.008517  0.563488 -0.826080)
     C   10    Vzz=    0.5810    axis=( -0.009484  0.826119  0.563417)
     C   10  Q=         1.0000 1e-30 m^2  Cq=         1.3651 MHz  eta= 0.79034

     C   11    Vxx=   -0.0764    axis=( -0.405467  0.052105  0.912623)
     C   11    Vyy=   -0.5332    axis=(  0.887039  0.263593  0.379052)
     C   11    Vzz=    0.6096    axis=( -0.220811  0.963226 -0.153097)
     C   11  Q=         1.0000 1e-30 m^2  Cq=         1.4323 MHz  eta= 0.74929

     Cl  12    Vxx=   -1.4275    axis=( -0.583945  0.653282  0.481904)
     Cl  12    Vyy=   -2.3834    axis=(  0.314536 -0.365183  0.876190)
     Cl  12    Vzz=    3.8110    axis=( -0.748382 -0.663223 -0.007767)
     Cl  12  Q=        -8.1650 1e-30 m^2  Cq=       -73.1118 MHz  eta= 0.25083

     H   13    Vxx=   -0.0772    axis=( -0.461856 -0.260096  0.847962)
     H   13    Vyy=   -0.2794    axis=( -0.869692  0.320506 -0.375383)
     H   13    Vzz=    0.3566    axis=( -0.174141 -0.910838 -0.374231)
     H   13  Q=         1.0000 1e-30 m^2  Cq=         0.8378 MHz  eta= 0.56684

     C   14    Vxx=    0.0348    axis=(  0.389762 -0.743266 -0.543730)
     C   14    Vyy=    0.3941    axis=(  0.558703  0.660200 -0.501983)
     C   14    Vzz=   -0.4289    axis=(  0.732077 -0.108129  0.672586)
     C   14  Q=         1.0000 1e-30 m^2  Cq=        -1.0077 MHz  eta= 0.83788

     H   15    Vxx=    0.0111    axis=(  0.674190 -0.493569 -0.549416)
     H   15    Vyy=    0.5922    axis=( -0.733027 -0.356304 -0.579412)
     H   15    Vzz=   -0.6033    axis=(  0.090220  0.793371 -0.602016)
     H   15  Q=         1.0000 1e-30 m^2  Cq=        -1.4176 MHz  eta= 0.96309

     C   16    Vxx=    0.0050    axis=(  0.779441  0.384424  0.494662)
     C   16    Vyy=    0.4597    axis=( -0.272611 -0.502792  0.820295)
     C   16    Vzz=   -0.4647    axis=(  0.564053 -0.774221 -0.287099)
     C   16  Q=         1.0000 1e-30 m^2  Cq=        -1.0918 MHz  eta= 0.97854

     C   17    Vxx=    0.0685    axis=(  0.521395 -0.849601  0.079529)
     C   17    Vyy=    0.4828    axis=( -0.728349 -0.394543  0.560217)
     C   17    Vzz=   -0.5513    axis=( -0.444583 -0.350020 -0.824519)
     C   17  Q=         1.0000 1e-30 m^2  Cq=        -1.2952 MHz  eta= 0.75154

     Cl  18    Vxx=    0.7189    axis=(  0.235760  0.825945 -0.512086)
     Cl  18    Vyy=    2.1092    axis=( -0.908389  0.374538  0.185878)
     Cl  18    Vzz=   -2.8281    axis=(  0.345321  0.421351  0.838580)
     Cl  18  Q=        -8.1650 1e-30 m^2  Cq=        54.2558 MHz  eta= 0.49157

     H   19    Vxx=   -0.0552    axis=(  0.947907  0.231624  0.218683)
     H   19    Vyy=   -0.2674    axis=( -0.272566  0.234463  0.933132)
     H   19    Vzz=    0.3226    axis=(  0.164863 -0.944128  0.285382)
     H   19  Q=         1.0000 1e-30 m^2  Cq=         0.7581 MHz  eta= 0.65789

     C   20    Vxx=    0.1054    axis=(  0.159656  0.174573  0.971614)
     C   20    Vyy=    0.2482    axis=(  0.682953  0.691150 -0.236404)
     C   20    Vzz=   -0.3536    axis=( -0.712801  0.701310 -0.008878)
     C   20  Q=         1.0000 1e-30 m^2  Cq=        -0.8307 MHz  eta= 0.40386

     H   21    Vxx=    0.0048    axis=(  0.097927  0.994657  0.032687)
     H   21    Vyy=    0.6817    axis=( -0.921789  0.103036 -0.373749)
     H   21    Vzz=   -0.6864    axis=( -0.375120  0.006470  0.926954)
     H   21  Q=         1.0000 1e-30 m^2  Cq=        -1.6128 MHz  eta= 0.98613

     C   22    Vxx=   -0.1293    axis=( -0.371380  0.858848  0.352784)
     C   22    Vyy=   -0.6861    axis=(  0.895597  0.231135  0.380109)
     C   22    Vzz=    0.8153    axis=( -0.244915 -0.457117  0.855021)
     C   22  Q=         1.0000 1e-30 m^2  Cq=         1.9157 MHz  eta= 0.68294

     C   23    Vxx=   -0.0166    axis=(  0.121902  0.135283  0.983279)
     C   23    Vyy=   -0.5795    axis=( -0.692113  0.721663 -0.013485)
     C   23    Vzz=    0.5961    axis=( -0.711421 -0.678896  0.181603)
     C   23  Q=         1.0000 1e-30 m^2  Cq=         1.4005 MHz  eta= 0.94428

     Cl  24    Vxx=   -0.6785    axis=(  0.642969  0.583066  0.496614)
     Cl  24    Vyy=   -2.3139    axis=( -0.644452  0.762243 -0.060560)
     Cl  24    Vzz=    2.9924    axis=( -0.413850 -0.281106  0.865856)
     Cl  24  Q=        -8.1650 1e-30 m^2  Cq=       -57.4079 MHz  eta= 0.54652

     Initialization:
     gipaw_setup  :      9.23s CPU     10.91s WALL (       1 calls)

     Linear response

     Apply operators

     Induced current

     Other routines
     efg          :      9.14s CPU     11.58s WALL (       1 calls)

     General routines
     calbec       :      3.30s CPU      4.38s WALL (      16 calls)
     fft          :      1.42s CPU      1.69s WALL (      15 calls)
     ffts         :      0.04s CPU      0.04s WALL (       2 calls)
     fftw         :      3.17s CPU      3.97s WALL (     672 calls)
     davcio       :      0.00s CPU      0.32s WALL (      32 calls)

     Parallel routines
     fft_scatter  :      2.00s CPU      2.89s WALL (     689 calls)

     Plugins

     GIPAW        :     62.26s CPU     75.39s WALL (       1 calls)
