
     Program QE v.6.0 (svn rev. 13079) starts on 24Dec2016 at  3:27:47 

     This program is part of the open-source Quantum ESPRESSO suite
     for quantum simulation of materials; please cite
         "P. Giannozzi et al., J. Phys.:Condens. Matter 21 395502 (2009);
          URL http://www.quantum-espresso.org", 
     in publications or presentations arising from this work. More details at
     http://www.quantum-espresso.org/quote

     Parallel version (MPI), running on     8 processors
     R & G space division:  proc/nbgrp/npool/nimage =       8

     ***** This is GIPAW svn revision unknown      *****

     Parallelizing q-star over 1 images

     Reading data from directory:
     /users/majewski/paradichlorobenzene/pbe/9_constraint/scratch/pbe.ecut100.np8.dt60.pcl2phi-129368.save
     Message from routine read_xml_file:
     file /users/majewski/paradichlorobenzene/pbe/9_constraint/scratch/pbe.ecut100.np8.dt60.pcl2phi-129368.save not guaranteed to be safe for post-processing

   Info: using nr1, nr2, nr3 values from input

   Info: using nr1, nr2, nr3 values from input

     IMPORTANT: XC functional enforced from input :
     Exchange-correlation      =  SLA  PW   PBX  PBC ( 1  4  3  4 0 0)
     Any further DFT definition will be discarded
     Please, verify this is what you really want

               file C.pbe-n-kjpaw_psl.1.0.0.UPF: wavefunction(s)  2S 2P renormalized
               file Cl.pbe-n-kjpaw_psl.1.0.0.UPF: wavefunction(s)  3S 3P renormalized
               file H.pbe-kjpaw_psl.1.0.0.UPF: wavefunction(s)  1S renormalized

     Parallelization info
     --------------------
     sticks:   dense  smooth     PW     G-vecs:    dense   smooth      PW
     Min        3057    1223    332               144436    36536    5170
     Max        3059    1225    333               144437    36537    5171
     Sum       24467    9791   2657              1155489   292295   41363


     Subspace diagonalization in iterative solution of the eigenvalue problem:
     a serial algorithm will be used

     GIPAW projectors -----------------------------------------------
     atom=  C    l=0  rc=    1.2000  rs=    0.8000
     atom=  C    l=0  rc=    1.2000  rs=    0.8000
     atom=  C    l=1  rc=    1.4000  rs=    0.9333
     atom=  C    l=1  rc=    1.4000  rs=    0.9333
     projs nearly linearly dependent: l=1  n1,n2= 1, 2  s=  0.99951561

     atom=  Cl   l=0  rc=    1.6000  rs=    1.0667
     atom=  Cl   l=0  rc=    1.6000  rs=    1.0667
     atom=  Cl   l=1  rc=    1.6000  rs=    1.0667
     atom=  Cl   l=1  rc=    1.6000  rs=    1.0667
     atom=  Cl   l=2  rc=    1.6000  rs=    1.0667
     atom=  Cl   l=2  rc=    1.6000  rs=    1.0667
     projs nearly linearly dependent: l=2  n1,n2= 1, 2  s=  0.99993509

     atom=  H    l=0  rc=    1.0000  rs=    0.6667
     atom=  H    l=0  rc=    1.0000  rs=    0.6667
     projs nearly linearly dependent: l=0  n1,n2= 1, 2  s=  0.99968852
     -----------------------------------------------------------------

     GIPAW integrals: -------------------------------------------
     Atom  i/j   nmr_para   nmr_dia   epr_rmc  epr_para   epr_dia
       C   1 1   0.83E+03  0.17E-01  0.93E+01  0.24E+08  0.24E+03
       C   2 1   0.86E+03 -0.61E-01  0.94E+01  0.25E+08  0.25E+03
       C   2 2   0.90E+03 -0.15E+00  0.97E+01  0.26E+08  0.26E+03
       C   3 3   0.33E+01  0.34E+00  0.18E+01  0.55E+03  0.21E+02
       C   4 3   0.35E+01  0.37E+00  0.20E+01  0.59E+03  0.22E+02
       C   4 4   0.38E+01  0.39E+00  0.22E+01  0.63E+03  0.24E+02
       Cl  1 1   0.14E+04 -0.47E+00  0.84E+01  0.32E+09  0.42E+03
       Cl  2 1   0.21E+04 -0.37E+00  0.12E+02  0.49E+09  0.65E+03
       Cl  2 2   0.33E+04 -0.16E+00  0.21E+02  0.76E+09  0.10E+04
       Cl  3 3   0.21E+02  0.79E-01  0.89E+01  0.23E+05  0.13E+03
       Cl  4 3   0.24E+02  0.67E-01  0.99E+01  0.27E+05  0.15E+03
       Cl  4 4   0.28E+02  0.44E-01  0.11E+02  0.32E+05  0.18E+03
       Cl  5 5   0.77E+00  0.19E+00  0.18E+01  0.12E+03  0.22E+02
       Cl  6 5   0.80E+00  0.19E+00  0.19E+01  0.12E+03  0.23E+02
       Cl  6 6   0.83E+00  0.20E+00  0.19E+01  0.12E+03  0.23E+02
       H   1 1   0.39E+02  0.19E+00  0.29E+00  0.78E+05  0.13E+02
       H   2 1   0.41E+02  0.21E+00  0.32E+00  0.82E+05  0.14E+02
       H   2 2   0.43E+02  0.22E+00  0.36E+00  0.86E+05  0.15E+02
     ------------------------------------------------------------

     alpha_pv=     34.4852 eV

     Number of occupied bands for each k-point:
     k-point:     1    nbnd_occ=  42
     k-point:     2    nbnd_occ=  42
     k-point:     3    nbnd_occ=  42
     k-point:     4    nbnd_occ=  42
     k-point:     5    nbnd_occ=  42
     k-point:     6    nbnd_occ=  42
     k-point:     7    nbnd_occ=  42
     k-point:     8    nbnd_occ=  42
     k-point:     9    nbnd_occ=  42
     k-point:    10    nbnd_occ=  42
     k-point:    11    nbnd_occ=  42
     k-point:    12    nbnd_occ=  42
     k-point:    13    nbnd_occ=  42
     k-point:    14    nbnd_occ=  42
     k-point:    15    nbnd_occ=  42
     k-point:    16    nbnd_occ=  42


     q-space interpolation up to   110.00 Rydberg

     GIPAW job: efg                                                                             


     ELECTRIC FIELD GRADIENTS TENSORS IN Hartree/bohrradius^2:

     ----- bare term -----
     Cl   1        0.082246        0.057241        0.003021
     Cl   1        0.057241        0.120796       -0.050275
     Cl   1        0.003021       -0.050275       -0.203042

     C    2       -0.621069        0.023971       -0.212393
     C    2        0.023971        0.051195       -0.224781
     C    2       -0.212393       -0.224781        0.569874

     C    3       -0.032021        0.169534       -0.135325
     C    3        0.169534       -0.574607       -0.393410
     C    3       -0.135325       -0.393410        0.606628

     H    4       -0.537157       -0.279219        0.098789
     H    4       -0.279219        0.429542       -0.110244
     H    4        0.098789       -0.110244        0.107615

     C    5       -0.701735        0.297404       -0.421541
     C    5        0.297404        0.165774       -0.132738
     C    5       -0.421541       -0.132738        0.535961

     H    6        0.216059       -0.150760       -0.034779
     H    6       -0.150760       -0.461375       -0.506935
     H    6       -0.034779       -0.506935        0.245317

     H    7        0.388457        0.088353       -0.042003
     H    7        0.088353       -0.605782        0.393281
     H    7       -0.042003        0.393281        0.217325

     C    8       -0.376679       -0.124551       -0.368328
     C    8       -0.124551       -0.049039        0.442354
     C    8       -0.368328        0.442354        0.425718

     H    9       -0.199493        0.152590       -0.374875
     H    9        0.152590        0.435818        0.277931
     H    9       -0.374875        0.277931       -0.236324

     C   10       -0.215343       -0.396568       -0.116615
     C   10       -0.396568       -0.246947        0.464283
     C   10       -0.116615        0.464283        0.462289

     C   11       -0.314580        0.224047       -0.269780
     C   11        0.224047       -0.074584        0.598365
     C   11       -0.269780        0.598365        0.389164

     Cl  12       -0.071498       -0.134280       -0.012419
     Cl  12       -0.134280       -0.025343        0.013435
     Cl  12       -0.012419        0.013435        0.096841

     H   13        0.496480       -0.047887       -0.081699
     H   13       -0.047887        0.020944       -0.478049
     H   13       -0.081699       -0.478049       -0.517424

     C   14       -0.146598        0.340817       -0.018928
     C   14        0.340817       -0.432256       -0.334161
     C   14       -0.018928       -0.334161        0.578854

     H   15       -0.265320       -0.366797       -0.471781
     H   15       -0.366797        0.119813       -0.316223
     H   15       -0.471781       -0.316223        0.145508

     C   16       -0.500527        0.346782       -0.315147
     C   16        0.346782        0.070006       -0.267341
     C   16       -0.315147       -0.267341        0.430521

     C   17       -0.061798        0.162881       -0.263050
     C   17        0.162881       -0.110782       -0.612536
     C   17       -0.263050       -0.612536        0.172581

     Cl  18       -0.121342        0.164102       -0.033503
     Cl  18        0.164102        0.017495       -0.064488
     Cl  18       -0.033503       -0.064488        0.103848

     H   19        0.295373        0.065837       -0.380703
     H   19        0.065837       -0.034860        0.417059
     H   19       -0.380703        0.417059       -0.260512

     C   20       -0.291266       -0.340585        0.020671
     C   20       -0.340585       -0.171884        0.427011
     C   20        0.020671        0.427011        0.463150

     H   21       -0.147132       -0.041708       -0.604564
     H   21       -0.041708        0.295839       -0.110594
     H   21       -0.604564       -0.110594       -0.148707

     C   22       -0.162187        0.004763       -0.218508
     C   22        0.004763       -0.083549        0.633537
     C   22       -0.218508        0.633537        0.245737

     C   23       -0.303456       -0.285083       -0.242042
     C   23       -0.285083       -0.149610        0.463696
     C   23       -0.242042        0.463696        0.453066

     Cl  24       -0.092536       -0.051833       -0.109984
     Cl  24       -0.051833       -0.017994        0.148249
     Cl  24       -0.109984        0.148249        0.110530

     ----- ionic term -----
     Cl   1        0.122790       -0.205743       -0.019188
     Cl   1       -0.205743        0.012097        0.024269
     Cl   1       -0.019188        0.024269       -0.134887

     C    2        0.231632       -0.117888        0.208626
     C    2       -0.117888        0.073042        0.437486
     C    2        0.208626        0.437486       -0.304674

     C    3        0.206007       -0.158174        0.093196
     C    3       -0.158174        0.117591        0.439349
     C    3        0.093196        0.439349       -0.323597

     H    4        0.750586        0.390319        0.529977
     H    4        0.390319       -0.401618        0.229903
     H    4        0.529977        0.229903       -0.348968

     C    5        0.363972       -0.097490        0.155776
     C    5       -0.097490        0.003259        0.342491
     C    5        0.155776        0.342491       -0.367232

     H    6       -0.485578        0.228388        0.122918
     H    6        0.228388        0.651057        0.714036
     H    6        0.122918        0.714036       -0.165478

     H    7       -0.512194       -0.095069        0.078010
     H    7       -0.095069        0.671244       -0.693830
     H    7        0.078010       -0.693830       -0.159049

     C    8        0.248389        0.300861        0.297714
     C    8        0.300861        0.039498       -0.266231
     C    8        0.297714       -0.266231       -0.287887

     H    9        0.345882       -0.177191        0.776864
     H    9       -0.177191       -0.481944       -0.237326
     H    9        0.776864       -0.237326        0.136062

     C   10        0.120935        0.335072        0.218785
     C   10        0.335072        0.094544       -0.374913
     C   10        0.218785       -0.374913       -0.215479

     C   11        0.188034        0.209579        0.324630
     C   11        0.209579        0.032725       -0.351267
     C   11        0.324630       -0.351267       -0.220759

     Cl  12        0.136337        0.214477        0.047908
     Cl  12        0.214477        0.019068        0.020827
     Cl  12        0.047908        0.020827       -0.155406

     H   13       -0.517455        0.025568        0.032981
     H   13        0.025568        0.497403        0.796836
     H   13        0.032981        0.796836        0.020053

     C   14        0.368915       -0.215002        0.149801
     C   14       -0.215002       -0.036784        0.370175
     C   14        0.149801        0.370175       -0.332131

     H   15        0.593393        0.346947        0.666250
     H   15        0.346947       -0.445800        0.277650
     H   15        0.666250        0.277650       -0.147592

     C   16        0.204984       -0.260621        0.075822
     C   16       -0.260621        0.075851        0.455227
     C   16        0.075822        0.455227       -0.280835

     C   17        0.310502       -0.160082        0.109023
     C   17       -0.160082       -0.004375        0.435659
     C   17        0.109023        0.435659       -0.306127

     Cl  18        0.154015       -0.202753       -0.056438
     Cl  18       -0.202753       -0.023629        0.031459
     Cl  18       -0.056438        0.031459       -0.130386

     H   19       -0.493960       -0.221172        0.120745
     H   19       -0.221172        0.682085       -0.665608
     H   19        0.120745       -0.665608       -0.188126

     C   20        0.228581        0.151393        0.275344
     C   20        0.151393        0.066300       -0.308253
     C   20        0.275344       -0.308253       -0.294881

     H   21        0.591834       -0.299583        0.663545
     H   21       -0.299583       -0.401552       -0.250314
     H   21        0.663545       -0.250314       -0.190283

     C   22        0.097970        0.223947        0.177059
     C   22        0.223947        0.229888       -0.416240
     C   22        0.177059       -0.416240       -0.327857

     C   23        0.134929        0.271924        0.299007
     C   23        0.271924        0.149452       -0.370700
     C   23        0.299007       -0.370700       -0.284381

     Cl  24        0.135006        0.257422        0.016019
     Cl  24        0.257422        0.025708        0.000781
     Cl  24        0.016019        0.000781       -0.160715

     ----- GIPAW term -----
     Cl   1       -0.582723       -0.992158        0.099307
     Cl   1       -0.992158       -1.082287        0.550919
     Cl   1        0.099307        0.550919        1.665010

     C    2       -0.159449       -0.063944        0.028084
     C    2       -0.063944       -0.106641        0.035027
     C    2        0.028084        0.035027        0.266090

     C    3       -0.111077       -0.003650       -0.063433
     C    3       -0.003650       -0.180734        0.050173
     C    3       -0.063433        0.050173        0.291812

     H    4       -0.000000        0.000000        0.000000
     H    4        0.000000        0.000000        0.000000
     H    4        0.000000        0.000000        0.000000

     C    5       -0.178234        0.037407       -0.070391
     C    5        0.037407        0.064986        0.092417
     C    5       -0.070391        0.092417        0.113248

     H    6       -0.000000        0.000000        0.000000
     H    6        0.000000        0.000000        0.000000
     H    6        0.000000        0.000000        0.000000

     H    7       -0.000000        0.000000        0.000000
     H    7        0.000000        0.000000        0.000000
     H    7        0.000000        0.000000        0.000000

     C    8       -0.055922        0.002030       -0.041491
     C    8        0.002030       -0.020266        0.121198
     C    8       -0.041491        0.121198        0.076188

     H    9       -0.000000        0.000000        0.000000
     H    9        0.000000        0.000000        0.000000
     H    9        0.000000        0.000000        0.000000

     C   10       -0.021393       -0.012289        0.017421
     C   10       -0.012289       -0.029004        0.090398
     C   10        0.017421        0.090398        0.050397

     C   11       -0.071349        0.173867        0.047107
     C   11        0.173867       -0.071731        0.186781
     C   11        0.047107        0.186781        0.143080

     Cl  12        1.351582        1.999450       -0.129808
     Cl  12        1.999450       -0.023418        0.061285
     Cl  12       -0.129808        0.061285       -1.328164

     H   13       -0.000000        0.000000        0.000000
     H   13        0.000000        0.000000        0.000000
     H   13        0.000000        0.000000        0.000000

     C   14       -0.082487        0.067867        0.095764
     C   14        0.067867       -0.208877        0.009776
     C   14        0.095764        0.009776        0.291364

     H   15       -0.000000        0.000000        0.000000
     H   15        0.000000        0.000000        0.000000
     H   15        0.000000        0.000000        0.000000

     C   16       -0.163728        0.085381       -0.056096
     C   16        0.085381        0.106961        0.036401
     C   16       -0.056096        0.036401        0.056766

     C   17        0.056240       -0.009421       -0.059324
     C   17       -0.009421        0.065810       -0.121997
     C   17       -0.059324       -0.121997       -0.122049

     Cl  18       -0.518018       -0.178695       -1.077592
     Cl  18       -0.178695        0.469317       -2.171033
     Cl  18       -1.077592       -2.171033        0.048701

     H   19       -0.000000        0.000000        0.000000
     H   19        0.000000        0.000000        0.000000
     H   19        0.000000        0.000000        0.000000

     C   20       -0.114122       -0.007352        0.095016
     C   20       -0.007352       -0.103028        0.185513
     C   20        0.095016        0.185513        0.217149

     H   21       -0.000000        0.000000        0.000000
     H   21        0.000000        0.000000        0.000000
     H   21        0.000000        0.000000        0.000000

     C   22       -0.143666        0.077664        0.004689
     C   22        0.077664        0.056079        0.253655
     C   22        0.004689        0.253655        0.087587

     C   23       -0.118290        0.039240       -0.021064
     C   23        0.039240        0.007499        0.228865
     C   23       -0.021064        0.228865        0.110791

     Cl  24       -0.050826        1.277609       -0.953549
     Cl  24        1.277609        0.080708        1.946285
     Cl  24       -0.953549        1.946285       -0.029882

     ----- total EFG -----
     Cl   1       -0.377687       -1.140660        0.083140
     Cl   1       -1.140660       -0.949394        0.524913
     Cl   1        0.083140        0.524913        1.327081

     C    2       -0.548886       -0.157861        0.024317
     C    2       -0.157861        0.017596        0.247732
     C    2        0.024317        0.247732        0.531290

     C    3        0.062908        0.007710       -0.105563
     C    3        0.007710       -0.637751        0.096112
     C    3       -0.105563        0.096112        0.574843

     H    4        0.213429        0.111100        0.628766
     H    4        0.111100        0.027925        0.119659
     H    4        0.628766        0.119659       -0.241354

     C    5       -0.515997        0.237320       -0.336156
     C    5        0.237320        0.234019        0.302170
     C    5       -0.336156        0.302170        0.281978

     H    6       -0.269520        0.077627        0.088139
     H    6        0.077627        0.189682        0.207101
     H    6        0.088139        0.207101        0.079838

     H    7       -0.123737       -0.006716        0.036007
     H    7       -0.006716        0.065462       -0.300549
     H    7        0.036007       -0.300549        0.058276

     C    8       -0.184213        0.178340       -0.112105
     C    8        0.178340       -0.029807        0.297321
     C    8       -0.112105        0.297321        0.214019

     H    9        0.146389       -0.024601        0.401989
     H    9       -0.024601       -0.046127        0.040605
     H    9        0.401989        0.040605       -0.100263

     C   10       -0.115800       -0.073784        0.119592
     C   10       -0.073784       -0.181407        0.179768
     C   10        0.119592        0.179768        0.297207

     C   11       -0.197894        0.607494        0.101956
     C   11        0.607494       -0.113591        0.433879
     C   11        0.101956        0.433879        0.311485

     Cl  12        1.416422        2.079647       -0.094319
     Cl  12        2.079647       -0.029693        0.095547
     Cl  12       -0.094319        0.095547       -1.386728

     H   13       -0.020975       -0.022319       -0.048718
     H   13       -0.022319        0.518347        0.318786
     H   13       -0.048718        0.318786       -0.497372

     C   14        0.139830        0.193682        0.226637
     C   14        0.193682       -0.677916        0.045790
     C   14        0.226637        0.045790        0.538087

     H   15        0.328072       -0.019851        0.194469
     H   15       -0.019851       -0.325988       -0.038573
     H   15        0.194469       -0.038573       -0.002085

     C   16       -0.459271        0.171542       -0.295420
     C   16        0.171542        0.252819        0.224287
     C   16       -0.295420        0.224287        0.206452

     C   17        0.304943       -0.006621       -0.213351
     C   17       -0.006621       -0.049348       -0.298874
     C   17       -0.213351       -0.298874       -0.255595

     Cl  18       -0.485346       -0.217346       -1.167534
     Cl  18       -0.217346        0.463183       -2.204062
     Cl  18       -1.167534       -2.204062        0.022162

     H   19       -0.198587       -0.155335       -0.259958
     H   19       -0.155335        0.647225       -0.248550
     H   19       -0.259958       -0.248550       -0.448638

     C   20       -0.176807       -0.196544        0.391032
     C   20       -0.196544       -0.208612        0.304272
     C   20        0.391032        0.304272        0.385419

     H   21        0.444702       -0.341292        0.058980
     H   21       -0.341292       -0.105713       -0.360908
     H   21        0.058980       -0.360908       -0.338989

     C   22       -0.207884        0.306374       -0.036759
     C   22        0.306374        0.202417        0.470951
     C   22       -0.036759        0.470951        0.005467

     C   23       -0.286817        0.026080        0.035900
     C   23        0.026080        0.007341        0.321861
     C   23        0.035900        0.321861        0.279476

     Cl  24       -0.008356        1.483197       -1.047513
     Cl  24        1.483197        0.088423        2.095315
     Cl  24       -1.047513        2.095315       -0.080067

     ----- total EFG (symmetrized) -----
     Cl   1       -0.377687       -1.140660        0.083140
     Cl   1       -1.140660       -0.949394        0.524913
     Cl   1        0.083140        0.524913        1.327081

     C    2       -0.548886       -0.157861        0.024317
     C    2       -0.157861        0.017596        0.247732
     C    2        0.024317        0.247732        0.531290

     C    3        0.062908        0.007710       -0.105563
     C    3        0.007710       -0.637751        0.096112
     C    3       -0.105563        0.096112        0.574843

     H    4        0.213429        0.111100        0.628766
     H    4        0.111100        0.027925        0.119659
     H    4        0.628766        0.119659       -0.241354

     C    5       -0.515997        0.237320       -0.336156
     C    5        0.237320        0.234019        0.302170
     C    5       -0.336156        0.302170        0.281978

     H    6       -0.269520        0.077627        0.088139
     H    6        0.077627        0.189682        0.207101
     H    6        0.088139        0.207101        0.079838

     H    7       -0.123737       -0.006716        0.036007
     H    7       -0.006716        0.065462       -0.300549
     H    7        0.036007       -0.300549        0.058276

     C    8       -0.184213        0.178340       -0.112105
     C    8        0.178340       -0.029807        0.297321
     C    8       -0.112105        0.297321        0.214019

     H    9        0.146389       -0.024601        0.401989
     H    9       -0.024601       -0.046127        0.040605
     H    9        0.401989        0.040605       -0.100263

     C   10       -0.115800       -0.073784        0.119592
     C   10       -0.073784       -0.181407        0.179768
     C   10        0.119592        0.179768        0.297207

     C   11       -0.197894        0.607494        0.101956
     C   11        0.607494       -0.113591        0.433879
     C   11        0.101956        0.433879        0.311485

     Cl  12        1.416422        2.079647       -0.094319
     Cl  12        2.079647       -0.029693        0.095547
     Cl  12       -0.094319        0.095547       -1.386728

     H   13       -0.020975       -0.022319       -0.048718
     H   13       -0.022319        0.518347        0.318786
     H   13       -0.048718        0.318786       -0.497372

     C   14        0.139830        0.193682        0.226637
     C   14        0.193682       -0.677916        0.045790
     C   14        0.226637        0.045790        0.538087

     H   15        0.328072       -0.019851        0.194469
     H   15       -0.019851       -0.325988       -0.038573
     H   15        0.194469       -0.038573       -0.002085

     C   16       -0.459271        0.171542       -0.295420
     C   16        0.171542        0.252819        0.224287
     C   16       -0.295420        0.224287        0.206452

     C   17        0.304943       -0.006621       -0.213351
     C   17       -0.006621       -0.049348       -0.298874
     C   17       -0.213351       -0.298874       -0.255595

     Cl  18       -0.485346       -0.217346       -1.167534
     Cl  18       -0.217346        0.463183       -2.204062
     Cl  18       -1.167534       -2.204062        0.022162

     H   19       -0.198587       -0.155335       -0.259958
     H   19       -0.155335        0.647225       -0.248550
     H   19       -0.259958       -0.248550       -0.448638

     C   20       -0.176807       -0.196544        0.391032
     C   20       -0.196544       -0.208612        0.304272
     C   20        0.391032        0.304272        0.385419

     H   21        0.444702       -0.341292        0.058980
     H   21       -0.341292       -0.105713       -0.360908
     H   21        0.058980       -0.360908       -0.338989

     C   22       -0.207884        0.306374       -0.036759
     C   22        0.306374        0.202417        0.470951
     C   22       -0.036759        0.470951        0.005467

     C   23       -0.286817        0.026080        0.035900
     C   23        0.026080        0.007341        0.321861
     C   23        0.035900        0.321861        0.279476

     Cl  24       -0.008356        1.483197       -1.047513
     Cl  24        1.483197        0.088423        2.095315
     Cl  24       -1.047513        2.095315       -0.080067


     NQR/NMR SPECTROSCOPIC PARAMETERS:
     Cl   1    Vxx=    0.4446    axis=(  0.793211 -0.553276  0.254367)
     Cl   1    Vyy=    1.4623    axis=(  0.121439 -0.265602 -0.956404)
     Cl   1    Vzz=   -1.9069    axis=(  0.596715  0.789520 -0.143489)
     Cl   1  Q=        -8.1650 1e-30 m^2  Cq=        36.5829 MHz  eta= 0.53369

     C    2    Vxx=   -0.0355    axis=( -0.288793  0.881742 -0.373002)
     C    2    Vyy=   -0.5970    axis=(  0.956862  0.278778 -0.081835)
     C    2    Vzz=    0.6325    axis=( -0.031828  0.380545  0.924215)
     C    2  Q=         1.0000 1e-30 m^2  Cq=         1.4860 MHz  eta= 0.88774

     C    3    Vxx=    0.0430    axis=( -0.981448 -0.037659 -0.187992)
     C    3    Vyy=    0.6027    axis=( -0.190363  0.074661  0.978871)
     C    3    Vzz=   -0.6457    axis=( -0.022827  0.996498 -0.080444)
     C    3  Q=         1.0000 1e-30 m^2  Cq=        -1.5171 MHz  eta= 0.86686

     H    4    Vxx=   -0.0088    axis=(  0.219566 -0.971060  0.093986)
     H    4    Vyy=   -0.6843    axis=( -0.568911 -0.049181  0.820927)
     H    4    Vzz=    0.6930    axis=( -0.792547 -0.233717 -0.563245)
     H    4  Q=         1.0000 1e-30 m^2  Cq=         1.6284 MHz  eta= 0.97467

     C    5    Vxx=    0.1809    axis=(  0.486808  0.711150 -0.507231)
     C    5    Vyy=    0.5701    axis=(  0.103574 -0.623579 -0.774869)
     C    5    Vzz=   -0.7510    axis=( -0.867347  0.324677 -0.377219)
     C    5  Q=         1.0000 1e-30 m^2  Cq=        -1.7646 MHz  eta= 0.51813

     H    6    Vxx=   -0.0772    axis=(  0.100234 -0.627969  0.771756)
     H    6    Vyy=   -0.2926    axis=( -0.978962  0.076309  0.189237)
     H    6    Vzz=    0.3698    axis=( -0.177727 -0.774488 -0.607109)
     H    6  Q=         1.0000 1e-30 m^2  Cq=         0.8690 MHz  eta= 0.58236

     H    7    Vxx=   -0.1219    axis=(  0.982549  0.166911  0.082081)
     H    7    Vyy=   -0.2424    axis=(  0.175498 -0.685723 -0.706388)
     H    7    Vzz=    0.3643    axis=(  0.061619 -0.708467  0.703049)
     H    7  Q=         1.0000 1e-30 m^2  Cq=         0.8560 MHz  eta= 0.33093

     C    8    Vxx=    0.0050    axis=(  0.743623  0.548844 -0.381831)
     C    8    Vyy=    0.4135    axis=( -0.011807 -0.560222 -0.828258)
     C    8    Vzz=   -0.4185    axis=( -0.668495  0.620420 -0.410114)
     C    8  Q=         1.0000 1e-30 m^2  Cq=        -0.9833 MHz  eta= 0.97621

     H    9    Vxx=   -0.0399    axis=(  0.085107 -0.991330 -0.100110)
     H    9    Vyy=   -0.4037    axis=(  0.588762  0.131093 -0.797605)
     H    9    Vzz=    0.4436    axis=(  0.803814  0.008940  0.594814)
     H    9  Q=         1.0000 1e-30 m^2  Cq=         1.0422 MHz  eta= 0.82004

     C   10    Vxx=   -0.0679    axis=(  0.835912 -0.548852 -0.003566)
     C   10    Vyy=   -0.3066    axis=(  0.515801  0.787762 -0.336720)
     C   10    Vzz=    0.3744    axis=(  0.187619  0.279629  0.941598)
     C   10  Q=         1.0000 1e-30 m^2  Cq=         0.8797 MHz  eta= 0.63750

     C   11    Vxx=    0.0246    axis=( -0.596528 -0.340437  0.726813)
     C   11    Vyy=    0.7888    axis=( -0.445026 -0.613318 -0.652529)
     C   11    Vzz=   -0.8134    axis=( -0.667913  0.712702 -0.214358)
     C   11  Q=         1.0000 1e-30 m^2  Cq=        -1.9112 MHz  eta= 0.93957

     Cl  12    Vxx=   -1.3018    axis=( -0.309386  0.442561  0.841677)
     Cl  12    Vyy=   -1.5934    axis=( -0.489851  0.684464 -0.539958)
     Cl  12    Vzz=    2.8952    axis=( -0.815062 -0.579352  0.005026)
     Cl  12  Q=        -8.1650 1e-30 m^2  Cq=       -55.5436 MHz  eta= 0.10072

     H   13    Vxx=   -0.0200    axis=(  0.995939  0.072720 -0.053079)
     H   13    Vyy=   -0.5920    axis=( -0.071119  0.273930 -0.959116)
     H   13    Vzz=    0.6120    axis=( -0.055207  0.958996  0.277989)
     H   13  Q=         1.0000 1e-30 m^2  Cq=         1.4380 MHz  eta= 0.93462

     C   14    Vxx=    0.0694    axis=(  0.874394  0.199521 -0.442298)
     C   14    Vyy=    0.6521    axis=(  0.432253  0.093823  0.896858)
     C   14    Vzz=   -0.7215    axis=( -0.220439  0.975392  0.004205)
     C   14  Q=         1.0000 1e-30 m^2  Cq=        -1.6952 MHz  eta= 0.80767

     H   15    Vxx=   -0.0891    axis=( -0.424217 -0.110807  0.898756)
     H   15    Vyy=   -0.3305    axis=(  0.005458 -0.992780 -0.119824)
     H   15    Vzz=    0.4197    axis=(  0.905544 -0.045926  0.421759)
     H   15  Q=         1.0000 1e-30 m^2  Cq=         0.9860 MHz  eta= 0.57527

     C   16    Vxx=    0.1754    axis=(  0.452991  0.676957 -0.580111)
     C   16    Vyy=    0.4624    axis=(  0.103119 -0.686121 -0.720142)
     C   16    Vzz=   -0.6379    axis=( -0.885531  0.266397 -0.380613)
     C   16  Q=         1.0000 1e-30 m^2  Cq=        -1.4987 MHz  eta= 0.45001

     C   17    Vxx=    0.1080    axis=( -0.422205  0.806005 -0.414848)
     C   17    Vyy=    0.4005    axis=(  0.879776  0.254031 -0.401823)
     C   17    Vzz=   -0.5084    axis=(  0.218487  0.534625  0.816357)
     C   17  Q=         1.0000 1e-30 m^2  Cq=        -1.1946 MHz  eta= 0.57536

     Cl  18    Vxx=   -0.0928    axis=(  0.860939 -0.466622 -0.202604)
     Cl  18    Vyy=   -2.5006    axis=(  0.462089  0.550783  0.695062)
     Cl  18    Vzz=    2.5934    axis=(  0.212741  0.692027 -0.689812)
     Cl  18  Q=        -8.1650 1e-30 m^2  Cq=       -49.7526 MHz  eta= 0.92844

     H   19    Vxx=   -0.0352    axis=(  0.846843 -0.000945 -0.531841)
     H   19    Vyy=   -0.6769    axis=(  0.519446  0.216112  0.826723)
     H   19    Vzz=    0.7121    axis=(  0.114156 -0.976368  0.183504)
     H   19  Q=         1.0000 1e-30 m^2  Cq=         1.6732 MHz  eta= 0.90127

     C   20    Vxx=   -0.0021    axis=(  0.660412 -0.746610 -0.080179)
     C   20    Vyy=   -0.6281    axis=(  0.649765  0.621715 -0.437351)
     C   20    Vzz=    0.6301    axis=(  0.376379  0.236735  0.895709)
     C   20  Q=         1.0000 1e-30 m^2  Cq=         1.4806 MHz  eta= 0.99339

     H   21    Vxx=   -0.0301    axis=(  0.511019  0.605561 -0.610045)
     H   21    Vyy=   -0.6264    axis=(  0.159170  0.630772  0.759468)
     H   21    Vzz=    0.6565    axis=(  0.844704 -0.485203  0.225950)
     H   21  Q=         1.0000 1e-30 m^2  Cq=         1.5426 MHz  eta= 0.90818

     C   22    Vxx=   -0.0987    axis=(  0.759763  0.196396 -0.619830)
     C   22    Vyy=   -0.5438    axis=( -0.596809  0.588956 -0.544932)
     C   22    Vzz=    0.6425    axis=( -0.258030 -0.783939 -0.564677)
     C   22  Q=         1.0000 1e-30 m^2  Cq=         1.5096 MHz  eta= 0.69276

     C   23    Vxx=   -0.2060    axis=(  0.022722  0.832470 -0.553604)
     C   23    Vyy=   -0.2894    axis=( -0.998139  0.050234  0.034570)
     C   23    Vzz=    0.4954    axis=(  0.056588  0.551788  0.832062)
     C   23  Q=         1.0000 1e-30 m^2  Cq=         1.1639 MHz  eta= 0.16833

     Cl  24    Vxx=    0.9385    axis=(  0.835233  0.162117 -0.525457)
     Cl  24    Vyy=    2.1829    axis=( -0.230078 -0.764867 -0.601699)
     Cl  24    Vzz=   -3.1214    axis=(  0.499450 -0.623455  0.601543)
     Cl  24  Q=        -8.1650 1e-30 m^2  Cq=        59.8832 MHz  eta= 0.39865

     Initialization:
     gipaw_setup  :      9.01s CPU     10.85s WALL (       1 calls)

     Linear response

     Apply operators

     Induced current

     Other routines
     efg          :      9.01s CPU     11.24s WALL (       1 calls)

     General routines
     calbec       :      3.09s CPU      4.11s WALL (      16 calls)
     fft          :      1.64s CPU      2.61s WALL (      15 calls)
     ffts         :      0.02s CPU      0.05s WALL (       2 calls)
     fftw         :      3.20s CPU      3.83s WALL (     672 calls)
     davcio       :      0.02s CPU      0.33s WALL (      32 calls)

     Parallel routines
     fft_scatter  :      2.24s CPU      3.67s WALL (     689 calls)

     Plugins

     GIPAW        :     62.00s CPU     73.07s WALL (       1 calls)
