
     Program QE v.6.0 (svn rev. 13079) starts on 24Jan2017 at  6:49:37 

     This program is part of the open-source Quantum ESPRESSO suite
     for quantum simulation of materials; please cite
         "P. Giannozzi et al., J. Phys.:Condens. Matter 21 395502 (2009);
          URL http://www.quantum-espresso.org", 
     in publications or presentations arising from this work. More details at
     http://www.quantum-espresso.org/quote

     Parallel version (MPI), running on     8 processors
     R & G space division:  proc/nbgrp/npool/nimage =       8

     ***** This is GIPAW svn revision unknown      *****

     Parallelizing q-star over 1 images

     Reading data from directory:
     /users/majewski/paradichlorobenzene/pbe/9_constraint/scratch/pbe.ecut100.np8.dt60.pcl2phi-129368.save
     Message from routine read_xml_file:
     file /users/majewski/paradichlorobenzene/pbe/9_constraint/scratch/pbe.ecut100.np8.dt60.pcl2phi-129368.save not guaranteed to be safe for post-processing

   Info: using nr1, nr2, nr3 values from input

   Info: using nr1, nr2, nr3 values from input

     IMPORTANT: XC functional enforced from input :
     Exchange-correlation      =  SLA  PW   PBX  PBC ( 1  4  3  4 0 0)
     Any further DFT definition will be discarded
     Please, verify this is what you really want

               file C.pbe-n-kjpaw_psl.1.0.0.UPF: wavefunction(s)  2S 2P renormalized
               file Cl.pbe-n-kjpaw_psl.1.0.0.UPF: wavefunction(s)  3S 3P renormalized
               file H.pbe-kjpaw_psl.1.0.0.UPF: wavefunction(s)  1S renormalized

     Parallelization info
     --------------------
     sticks:   dense  smooth     PW     G-vecs:    dense   smooth      PW
     Min        3057    1223    332               144436    36536    5170
     Max        3059    1225    333               144437    36537    5171
     Sum       24467    9791   2657              1155489   292295   41363


     Subspace diagonalization in iterative solution of the eigenvalue problem:
     a serial algorithm will be used

     GIPAW projectors -----------------------------------------------
     atom=  C    l=0  rc=    1.2000  rs=    0.8000
     atom=  C    l=0  rc=    1.2000  rs=    0.8000
     atom=  C    l=1  rc=    1.4000  rs=    0.9333
     atom=  C    l=1  rc=    1.4000  rs=    0.9333
     projs nearly linearly dependent: l=1  n1,n2= 1, 2  s=  0.99951561

     atom=  Cl   l=0  rc=    1.6000  rs=    1.0667
     atom=  Cl   l=0  rc=    1.6000  rs=    1.0667
     atom=  Cl   l=1  rc=    1.6000  rs=    1.0667
     atom=  Cl   l=1  rc=    1.6000  rs=    1.0667
     atom=  Cl   l=2  rc=    1.6000  rs=    1.0667
     atom=  Cl   l=2  rc=    1.6000  rs=    1.0667
     projs nearly linearly dependent: l=2  n1,n2= 1, 2  s=  0.99993509

     atom=  H    l=0  rc=    1.0000  rs=    0.6667
     atom=  H    l=0  rc=    1.0000  rs=    0.6667
     projs nearly linearly dependent: l=0  n1,n2= 1, 2  s=  0.99968852
     -----------------------------------------------------------------

     GIPAW integrals: -------------------------------------------
     Atom  i/j   nmr_para   nmr_dia   epr_rmc  epr_para   epr_dia
       C   1 1   0.83E+03  0.17E-01  0.93E+01  0.24E+08  0.24E+03
       C   2 1   0.86E+03 -0.61E-01  0.94E+01  0.25E+08  0.25E+03
       C   2 2   0.90E+03 -0.15E+00  0.97E+01  0.26E+08  0.26E+03
       C   3 3   0.33E+01  0.34E+00  0.18E+01  0.55E+03  0.21E+02
       C   4 3   0.35E+01  0.37E+00  0.20E+01  0.59E+03  0.22E+02
       C   4 4   0.38E+01  0.39E+00  0.22E+01  0.63E+03  0.24E+02
       Cl  1 1   0.14E+04 -0.47E+00  0.84E+01  0.32E+09  0.42E+03
       Cl  2 1   0.21E+04 -0.37E+00  0.12E+02  0.49E+09  0.65E+03
       Cl  2 2   0.33E+04 -0.16E+00  0.21E+02  0.76E+09  0.10E+04
       Cl  3 3   0.21E+02  0.79E-01  0.89E+01  0.23E+05  0.13E+03
       Cl  4 3   0.24E+02  0.67E-01  0.99E+01  0.27E+05  0.15E+03
       Cl  4 4   0.28E+02  0.44E-01  0.11E+02  0.32E+05  0.18E+03
       Cl  5 5   0.77E+00  0.19E+00  0.18E+01  0.12E+03  0.22E+02
       Cl  6 5   0.80E+00  0.19E+00  0.19E+01  0.12E+03  0.23E+02
       Cl  6 6   0.83E+00  0.20E+00  0.19E+01  0.12E+03  0.23E+02
       H   1 1   0.39E+02  0.19E+00  0.29E+00  0.78E+05  0.13E+02
       H   2 1   0.41E+02  0.21E+00  0.32E+00  0.82E+05  0.14E+02
       H   2 2   0.43E+02  0.22E+00  0.36E+00  0.86E+05  0.15E+02
     ------------------------------------------------------------

     alpha_pv=     34.0880 eV

     Number of occupied bands for each k-point:
     k-point:     1    nbnd_occ=  42
     k-point:     2    nbnd_occ=  42
     k-point:     3    nbnd_occ=  42
     k-point:     4    nbnd_occ=  42
     k-point:     5    nbnd_occ=  42
     k-point:     6    nbnd_occ=  42
     k-point:     7    nbnd_occ=  42
     k-point:     8    nbnd_occ=  42
     k-point:     9    nbnd_occ=  42
     k-point:    10    nbnd_occ=  42
     k-point:    11    nbnd_occ=  42
     k-point:    12    nbnd_occ=  42
     k-point:    13    nbnd_occ=  42
     k-point:    14    nbnd_occ=  42
     k-point:    15    nbnd_occ=  42
     k-point:    16    nbnd_occ=  42


     q-space interpolation up to   110.00 Rydberg

     GIPAW job: efg                                                                             


     ELECTRIC FIELD GRADIENTS TENSORS IN Hartree/bohrradius^2:

     ----- bare term -----
     Cl   1       -0.172149        0.128094        0.009261
     Cl   1        0.128094        0.065999       -0.107668
     Cl   1        0.009261       -0.107668        0.106150

     C    2       -0.030541        0.113671       -0.184950
     C    2        0.113671        0.023885       -0.640769
     C    2       -0.184950       -0.640769        0.006656

     C    3       -0.351789        0.275223       -0.268195
     C    3        0.275223        0.096571       -0.263932
     C    3       -0.268195       -0.263932        0.255218

     H    4       -0.353279       -0.569584       -0.118740
     H    4       -0.569584       -0.026666        0.008734
     H    4       -0.118740        0.008734        0.379945

     C    5       -0.083565        0.368754       -0.163474
     C    5        0.368754       -0.127053       -0.451207
     C    5       -0.163474       -0.451207        0.210618

     H    6        0.100613       -0.508578       -0.007754
     H    6       -0.508578       -0.492169       -0.209507
     H    6       -0.007754       -0.209507        0.391555

     H    7        0.375549        0.026141       -0.082158
     H    7        0.026141       -0.540928        0.533180
     H    7       -0.082158        0.533180        0.165379

     C    8       -0.642627       -0.315696       -0.337718
     C    8       -0.315696        0.214080        0.187160
     C    8       -0.337718        0.187160        0.428546

     H    9       -0.460624        0.062882       -0.510170
     H    9        0.062882        0.308993        0.122684
     H    9       -0.510170        0.122684        0.151632

     C   10       -0.034009        0.032184       -0.321258
     C   10        0.032184       -0.203786        0.584083
     C   10       -0.321258        0.584083        0.237795

     C   11       -0.473037       -0.320445       -0.215119
     C   11       -0.320445        0.096057        0.364065
     C   11       -0.215119        0.364065        0.376980

     Cl  12       -0.007675        0.127452       -0.027895
     Cl  12        0.127452        0.143165        0.020156
     Cl  12       -0.027895        0.020156       -0.135490

     H   13        0.395340       -0.053358       -0.032714
     H   13       -0.053358       -0.509862       -0.613924
     H   13       -0.032714       -0.613924        0.114522

     C   14       -0.737682        0.373187       -0.305353
     C   14        0.373187        0.446709       -0.215955
     C   14       -0.305353       -0.215955        0.290973

     H   15       -0.388568       -0.092106       -0.533365
     H   15       -0.092106        0.204408       -0.161879
     H   15       -0.533365       -0.161879        0.184160

     C   16        0.034420        0.327731       -0.102121
     C   16        0.327731       -0.132805       -0.592697
     C   16       -0.102121       -0.592697        0.098385

     C   17       -0.548343        0.374068       -0.415065
     C   17        0.374068        0.318611       -0.115499
     C   17       -0.415065       -0.115499        0.229732

     Cl  18       -0.099323        0.006212        0.046755
     Cl  18        0.006212       -0.060054        0.110447
     Cl  18        0.046755        0.110447        0.159378

     H   19        0.464507        0.160580        0.009781
     H   19        0.160580       -0.752962       -0.136783
     H   19        0.009781       -0.136783        0.288455

     C   20       -0.238015        0.146682       -0.311931
     C   20        0.146682        0.044821        0.564688
     C   20       -0.311931        0.564688        0.193194

     H   21       -0.169069        0.300747       -0.411988
     H   21        0.300747       -0.106862        0.300764
     H   21       -0.411988        0.300764        0.275931

     C   22       -0.591947       -0.334312       -0.127404
     C   22       -0.334312        0.207212        0.351900
     C   22       -0.127404        0.351900        0.384735

     C   23       -0.007362        0.246947       -0.424601
     C   23        0.246947       -0.130892        0.567184
     C   23       -0.424601        0.567184        0.138254

     Cl  24       -0.242555       -0.212002       -0.011600
     Cl  24       -0.212002        0.193529       -0.020769
     Cl  24       -0.011600       -0.020769        0.049026

     ----- ionic term -----
     Cl   1        0.085452       -0.209143        0.011882
     Cl   1       -0.209143        0.080538       -0.005777
     Cl   1        0.011882       -0.005777       -0.165990

     C    2        0.177119       -0.159608        0.274562
     C    2       -0.159608        0.181034        0.392249
     C    2        0.274562        0.392249       -0.358153

     C    3        0.173772       -0.183879        0.168023
     C    3       -0.183879        0.170321        0.427530
     C    3        0.168023        0.427530       -0.344093

     H    4        0.614492        0.337287        0.640867
     H    4        0.337287       -0.424062        0.260447
     H    4        0.640867        0.260447       -0.190430

     C    5        0.411739       -0.098960        0.240615
     C    5       -0.098960       -0.001804        0.322807
     C    5        0.240615        0.322807       -0.409935

     H    6       -0.466418        0.248618        0.131506
     H    6        0.248618        0.633959        0.689575
     H    6        0.131506        0.689575       -0.167541

     H    7       -0.506962        0.052506       -0.008134
     H    7        0.052506        0.780714       -0.609827
     H    7       -0.008134       -0.609827       -0.273752

     C    8        0.309356        0.230632        0.262664
     C    8        0.230632        0.077586       -0.274811
     C    8        0.262664       -0.274811       -0.386942

     H    9        0.521831       -0.329110        0.688793
     H    9       -0.329110       -0.383871       -0.271758
     H    9        0.688793       -0.271758       -0.137960

     C   10        0.166184        0.241746        0.189739
     C   10        0.241746        0.219189       -0.348828
     C   10        0.189739       -0.348828       -0.385373

     C   11        0.237207        0.175837        0.225869
     C   11        0.175837        0.172029       -0.357114
     C   11        0.225869       -0.357114       -0.409236

     Cl  12        0.158187        0.223901       -0.002330
     Cl  12        0.223901       -0.000258       -0.006076
     Cl  12       -0.002330       -0.006076       -0.157929

     H   13       -0.507981        0.066540        0.059831
     H   13        0.066540        0.856547        0.577218
     H   13        0.059831        0.577218       -0.348567

     C   14        0.347942       -0.222491        0.201994
     C   14       -0.222491        0.071255        0.296218
     C   14        0.201994        0.296218       -0.419197

     H   15        0.606182        0.397144        0.622725
     H   15        0.397144       -0.377351        0.283768
     H   15        0.622725        0.283768       -0.228831

     C   16        0.194400       -0.211562        0.134054
     C   16       -0.211562        0.132096        0.431353
     C   16        0.134054        0.431353       -0.326497

     C   17        0.326589       -0.090610        0.197704
     C   17       -0.090610        0.004644        0.430189
     C   17        0.197704        0.430189       -0.331233

     Cl  18        0.157042       -0.201289       -0.036298
     Cl  18       -0.201289       -0.033908        0.022045
     Cl  18       -0.036298        0.022045       -0.123134

     H   19       -0.484276       -0.195831        0.082346
     H   19       -0.195831        0.880130       -0.500878
     H   19        0.082346       -0.500878       -0.395854

     C   20        0.332939        0.137914        0.271541
     C   20        0.137914        0.113147       -0.237782
     C   20        0.271541       -0.237782       -0.446087

     H   21        0.504765       -0.257237        0.733459
     H   21       -0.257237       -0.431767       -0.248084
     H   21        0.733459       -0.248084       -0.072998

     C   22        0.163362        0.219546        0.226559
     C   22        0.219546        0.219600       -0.308997
     C   22        0.226559       -0.308997       -0.382962

     C   23        0.248692        0.136100        0.287329
     C   23        0.136100        0.131656       -0.336870
     C   23        0.287329       -0.336870       -0.380348

     Cl  24        0.167439        0.191543        0.011669
     Cl  24        0.191543       -0.011624       -0.004864
     Cl  24        0.011669       -0.004864       -0.155815

     ----- GIPAW term -----
     Cl   1        0.386618       -1.838665        0.024135
     Cl   1       -1.838665        0.683045       -0.860991
     Cl   1        0.024135       -0.860991       -1.069664

     C    2       -0.031606        0.049785       -0.069470
     C    2        0.049785        0.147016       -0.187314
     C    2       -0.069470       -0.187314       -0.115410

     C    3       -0.074831        0.147624       -0.114194
     C    3        0.147624        0.116941       -0.113738
     C    3       -0.114194       -0.113738       -0.042111

     H    4       -0.000000        0.000000        0.000000
     H    4        0.000000        0.000000        0.000000
     H    4        0.000000        0.000000        0.000000

     C    5       -0.004926        0.208113       -0.049781
     C    5        0.208113        0.099749       -0.155596
     C    5       -0.049781       -0.155596       -0.094823

     H    6       -0.000000        0.000000        0.000000
     H    6        0.000000        0.000000        0.000000
     H    6        0.000000        0.000000        0.000000

     H    7       -0.000000        0.000000        0.000000
     H    7        0.000000        0.000000        0.000000
     H    7        0.000000        0.000000        0.000000

     C    8       -0.135435        0.048789       -0.057320
     C    8        0.048789        0.155813       -0.027596
     C    8       -0.057320       -0.027596       -0.020378

     H    9       -0.000000        0.000000        0.000000
     H    9        0.000000        0.000000        0.000000
     H    9        0.000000        0.000000        0.000000

     C   10       -0.022265        0.131336       -0.090610
     C   10        0.131336        0.059847        0.061431
     C   10       -0.090610        0.061431       -0.037582

     C   11       -0.073839        0.158138        0.010335
     C   11        0.158138        0.172004        0.113831
     C   11        0.010335        0.113831       -0.098165

     Cl  12        0.859880        2.976172       -0.126960
     Cl  12        2.976172        1.585346        0.254274
     Cl  12       -0.126960        0.254274       -2.445226

     H   13       -0.000000        0.000000        0.000000
     H   13        0.000000        0.000000        0.000000
     H   13        0.000000        0.000000        0.000000

     C   14       -0.202319        0.086014       -0.038717
     C   14        0.086014        0.266033       -0.097243
     C   14       -0.038717       -0.097243       -0.063714

     H   15       -0.000000        0.000000        0.000000
     H   15        0.000000        0.000000        0.000000
     H   15        0.000000        0.000000        0.000000

     C   16       -0.094157        0.114925        0.004950
     C   16        0.114925        0.230043       -0.035443
     C   16        0.004950       -0.035443       -0.135885

     C   17       -0.072170        0.133053       -0.003545
     C   17        0.133053        0.214825        0.097160
     C   17       -0.003545        0.097160       -0.142656

     Cl  18       -0.331508       -1.659555        0.325041
     Cl  18       -1.659555       -0.672271        1.627207
     Cl  18        0.325041        1.627207        1.003780

     H   19       -0.000000        0.000000        0.000000
     H   19        0.000000        0.000000        0.000000
     H   19        0.000000        0.000000        0.000000

     C   20       -0.105226        0.101431       -0.002897
     C   20        0.101431        0.156870        0.238336
     C   20       -0.002897        0.238336       -0.051644

     H   21       -0.000000        0.000000        0.000000
     H   21        0.000000        0.000000        0.000000
     H   21        0.000000        0.000000        0.000000

     C   22       -0.214692        0.012389       -0.001753
     C   22        0.012389        0.258639        0.137357
     C   22       -0.001753        0.137357       -0.043947

     C   23        0.039715        0.239800       -0.098883
     C   23        0.239800        0.071791        0.013199
     C   23       -0.098883        0.013199       -0.111506

     Cl  24       -0.193037        1.248540       -0.125313
     Cl  24        1.248540        1.927232       -0.262673
     Cl  24       -0.125313       -0.262673       -1.734195

     ----- total EFG -----
     Cl   1        0.299922       -1.919714        0.045278
     Cl   1       -1.919714        0.829582       -0.974436
     Cl   1        0.045278       -0.974436       -1.129504

     C    2        0.114972        0.003848        0.020142
     C    2        0.003848        0.351935       -0.435834
     C    2        0.020142       -0.435834       -0.466907

     C    3       -0.252847        0.238968       -0.214367
     C    3        0.238968        0.383833        0.049860
     C    3       -0.214367        0.049860       -0.130986

     H    4        0.261213       -0.232297        0.522127
     H    4       -0.232297       -0.450728        0.269181
     H    4        0.522127        0.269181        0.189515

     C    5        0.323248        0.477907        0.027361
     C    5        0.477907       -0.029108       -0.283996
     C    5        0.027361       -0.283996       -0.294140

     H    6       -0.365805       -0.259960        0.123752
     H    6       -0.259960        0.141790        0.480068
     H    6        0.123752        0.480068        0.224015

     H    7       -0.131414        0.078647       -0.090292
     H    7        0.078647        0.239786       -0.076647
     H    7       -0.090292       -0.076647       -0.108373

     C    8       -0.468706       -0.036275       -0.132373
     C    8       -0.036275        0.447480       -0.115247
     C    8       -0.132373       -0.115247        0.021226

     H    9        0.061206       -0.266228        0.178623
     H    9       -0.266228       -0.074878       -0.149074
     H    9        0.178623       -0.149074        0.013672

     C   10        0.109910        0.405266       -0.222130
     C   10        0.405266        0.075250        0.296687
     C   10       -0.222130        0.296687       -0.185160

     C   11       -0.309669        0.013530        0.021085
     C   11        0.013530        0.440090        0.120782
     C   11        0.021085        0.120782       -0.130421

     Cl  12        1.010392        3.327525       -0.157185
     Cl  12        3.327525        1.728254        0.268354
     Cl  12       -0.157185        0.268354       -2.738645

     H   13       -0.112641        0.013182        0.027116
     H   13        0.013182        0.346685       -0.036706
     H   13        0.027116       -0.036706       -0.234045

     C   14       -0.592058        0.236710       -0.142076
     C   14        0.236710        0.783997       -0.016980
     C   14       -0.142076       -0.016980       -0.191938

     H   15        0.217614        0.305038        0.089360
     H   15        0.305038       -0.172943        0.121889
     H   15        0.089360        0.121889       -0.044671

     C   16        0.134663        0.231095        0.036884
     C   16        0.231095        0.229334       -0.196787
     C   16        0.036884       -0.196787       -0.363997

     C   17       -0.293923        0.416510       -0.220905
     C   17        0.416510        0.538081        0.411850
     C   17       -0.220905        0.411850       -0.244157

     Cl  18       -0.273789       -1.854632        0.335498
     Cl  18       -1.854632       -0.766234        1.759699
     Cl  18        0.335498        1.759699        1.040023

     H   19       -0.019769       -0.035250        0.092127
     H   19       -0.035250        0.127168       -0.637661
     H   19        0.092127       -0.637661       -0.107399

     C   20       -0.010302        0.386028       -0.043286
     C   20        0.386028        0.314838        0.565241
     C   20       -0.043286        0.565241       -0.304537

     H   21        0.335696        0.043510        0.321471
     H   21        0.043510       -0.538629        0.052680
     H   21        0.321471        0.052680        0.202933

     C   22       -0.643276       -0.102377        0.097402
     C   22       -0.102377        0.685450        0.180260
     C   22        0.097402        0.180260       -0.042174

     C   23        0.281045        0.622847       -0.236156
     C   23        0.622847        0.072555        0.243513
     C   23       -0.236156        0.243513       -0.353600

     Cl  24       -0.268153        1.228080       -0.125243
     Cl  24        1.228080        2.109138       -0.288306
     Cl  24       -0.125243       -0.288306       -1.840985

     ----- total EFG (symmetrized) -----
     Cl   1        0.299922       -1.919714        0.045278
     Cl   1       -1.919714        0.829582       -0.974436
     Cl   1        0.045278       -0.974436       -1.129504

     C    2        0.114972        0.003848        0.020142
     C    2        0.003848        0.351935       -0.435834
     C    2        0.020142       -0.435834       -0.466907

     C    3       -0.252847        0.238968       -0.214367
     C    3        0.238968        0.383833        0.049860
     C    3       -0.214367        0.049860       -0.130986

     H    4        0.261213       -0.232297        0.522127
     H    4       -0.232297       -0.450728        0.269181
     H    4        0.522127        0.269181        0.189515

     C    5        0.323248        0.477907        0.027361
     C    5        0.477907       -0.029108       -0.283996
     C    5        0.027361       -0.283996       -0.294140

     H    6       -0.365805       -0.259960        0.123752
     H    6       -0.259960        0.141790        0.480068
     H    6        0.123752        0.480068        0.224015

     H    7       -0.131414        0.078647       -0.090292
     H    7        0.078647        0.239786       -0.076647
     H    7       -0.090292       -0.076647       -0.108373

     C    8       -0.468706       -0.036275       -0.132373
     C    8       -0.036275        0.447480       -0.115247
     C    8       -0.132373       -0.115247        0.021226

     H    9        0.061206       -0.266228        0.178623
     H    9       -0.266228       -0.074878       -0.149074
     H    9        0.178623       -0.149074        0.013672

     C   10        0.109910        0.405266       -0.222130
     C   10        0.405266        0.075250        0.296687
     C   10       -0.222130        0.296687       -0.185160

     C   11       -0.309669        0.013530        0.021085
     C   11        0.013530        0.440090        0.120782
     C   11        0.021085        0.120782       -0.130421

     Cl  12        1.010392        3.327525       -0.157185
     Cl  12        3.327525        1.728254        0.268354
     Cl  12       -0.157185        0.268354       -2.738645

     H   13       -0.112641        0.013182        0.027116
     H   13        0.013182        0.346685       -0.036706
     H   13        0.027116       -0.036706       -0.234045

     C   14       -0.592058        0.236710       -0.142076
     C   14        0.236710        0.783997       -0.016980
     C   14       -0.142076       -0.016980       -0.191938

     H   15        0.217614        0.305038        0.089360
     H   15        0.305038       -0.172943        0.121889
     H   15        0.089360        0.121889       -0.044671

     C   16        0.134663        0.231095        0.036884
     C   16        0.231095        0.229334       -0.196787
     C   16        0.036884       -0.196787       -0.363997

     C   17       -0.293923        0.416510       -0.220905
     C   17        0.416510        0.538081        0.411850
     C   17       -0.220905        0.411850       -0.244157

     Cl  18       -0.273789       -1.854632        0.335498
     Cl  18       -1.854632       -0.766234        1.759699
     Cl  18        0.335498        1.759699        1.040023

     H   19       -0.019769       -0.035250        0.092127
     H   19       -0.035250        0.127168       -0.637661
     H   19        0.092127       -0.637661       -0.107399

     C   20       -0.010302        0.386028       -0.043286
     C   20        0.386028        0.314838        0.565241
     C   20       -0.043286        0.565241       -0.304537

     H   21        0.335696        0.043510        0.321471
     H   21        0.043510       -0.538629        0.052680
     H   21        0.321471        0.052680        0.202933

     C   22       -0.643276       -0.102377        0.097402
     C   22       -0.102377        0.685450        0.180260
     C   22        0.097402        0.180260       -0.042174

     C   23        0.281045        0.622847       -0.236156
     C   23        0.622847        0.072555        0.243513
     C   23       -0.236156        0.243513       -0.353600

     Cl  24       -0.268153        1.228080       -0.125243
     Cl  24        1.228080        2.109138       -0.288306
     Cl  24       -0.125243       -0.288306       -1.840985


     NQR/NMR SPECTROSCOPIC PARAMETERS:
     Cl   1    Vxx=   -0.7346    axis=( -0.622464 -0.318597  0.714867)
     Cl   1    Vyy=   -1.9259    axis=(  0.477360  0.569275  0.669367)
     Cl   1    Vzz=    2.6606    axis=(  0.620215 -0.757906  0.202268)
     Cl   1  Q=        -8.1650 1e-30 m^2  Cq=       -51.0421 MHz  eta= 0.44775

     C    2    Vxx=    0.1154    axis=(  0.999608  0.019944  0.019647)
     C    2    Vyy=    0.5405    axis=( -0.010502  0.917670 -0.397205)
     C    2    Vzz=   -0.6560    axis=( -0.025951  0.396843  0.917519)
     C    2  Q=         1.0000 1e-30 m^2  Cq=        -1.5413 MHz  eta= 0.64802

     C    3    Vxx=    0.0088    axis=( -0.500099  0.206844  0.840902)
     C    3    Vyy=    0.4643    axis=( -0.326183 -0.944528  0.038347)
     C    3    Vzz=   -0.4731    axis=(  0.802188 -0.255111  0.539827)
     C    3  Q=         1.0000 1e-30 m^2  Cq=        -1.1116 MHz  eta= 0.96294

     H    4    Vxx=   -0.0111    axis=( -0.539309  0.628256  0.560749)
     H    4    Vyy=   -0.7378    axis=(  0.423499  0.777900 -0.464242)
     H    4    Vzz=    0.7489    axis=(  0.727870  0.012893  0.685594)
     H    4  Q=         1.0000 1e-30 m^2  Cq=         1.7596 MHz  eta= 0.97046

     C    5    Vxx=   -0.0918    axis=(  0.495319 -0.471924  0.729347)
     C    5    Vyy=   -0.5861    axis=(  0.362181 -0.650941 -0.667159)
     C    5    Vzz=    0.6779    axis=( -0.789610 -0.594612  0.151502)
     C    5  Q=         1.0000 1e-30 m^2  Cq=         1.5928 MHz  eta= 0.72916

     H    6    Vxx=   -0.0595    axis=(  0.654523 -0.502352  0.565015)
     H    6    Vyy=   -0.6127    axis=( -0.750927 -0.518741  0.408676)
     H    6    Vzz=    0.6722    axis=( -0.087797  0.691773  0.716758)
     H    6  Q=         1.0000 1e-30 m^2  Cq=         1.5794 MHz  eta= 0.82310

     H    7    Vxx=   -0.0678    axis=( -0.607858  0.334848  0.719990)
     H    7    Vyy=   -0.2111    axis=(  0.758913 -0.021740  0.650829)
     H    7    Vzz=    0.2789    axis=( -0.233582 -0.942021  0.240906)
     H    7  Q=         1.0000 1e-30 m^2  Cq=         0.6553 MHz  eta= 0.51386

     C    8    Vxx=    0.0298    axis=( -0.265380  0.234978  0.935072)
     C    8    Vyy=    0.4767    axis=( -0.002970  0.969643 -0.244508)
     C    8    Vzz=   -0.5065    axis=( -0.964139 -0.067665 -0.256626)
     C    8  Q=         1.0000 1e-30 m^2  Cq=        -1.1900 MHz  eta= 0.88219

     H    9    Vxx=   -0.1239    axis=( -0.429996  0.277487  0.859130)
     H    9    Vyy=   -0.2820    axis=(  0.598887  0.799761  0.041432)
     H    9    Vzz=    0.4058    axis=( -0.675602  0.532337 -0.510077)
     H    9  Q=         1.0000 1e-30 m^2  Cq=         0.9536 MHz  eta= 0.38952

     C   10    Vxx=    0.1212    axis=( -0.510676  0.402271  0.759861)
     C   10    Vyy=    0.5021    axis=( -0.692092 -0.716703 -0.085708)
     C   10    Vzz=   -0.6233    axis=(  0.510117 -0.569662  0.644411)
     C   10  Q=         1.0000 1e-30 m^2  Cq=        -1.4644 MHz  eta= 0.61111

     C   11    Vxx=   -0.1529    axis=(  0.113531 -0.200786  0.973034)
     C   11    Vyy=   -0.3121    axis=( -0.993279 -0.000719  0.115745)
     C   11    Vzz=    0.4650    axis=( -0.022540 -0.979635 -0.199519)
     C   11  Q=         1.0000 1e-30 m^2  Cq=         1.0926 MHz  eta= 0.34243

     Cl  12    Vxx=   -1.8759    axis=( -0.706944  0.628530  0.324315)
     Cl  12    Vyy=   -2.8414    axis=(  0.233419 -0.225516  0.945864)
     Cl  12    Vzz=    4.7174    axis=( -0.667642 -0.744374 -0.012716)
     Cl  12  Q=        -8.1650 1e-30 m^2  Cq=       -90.5001 MHz  eta= 0.20467

     H   13    Vxx=   -0.1069    axis=(  0.977268 -0.011269  0.211707)
     H   13    Vyy=   -0.2424    axis=(  0.210545 -0.065493 -0.975388)
     H   13    Vzz=    0.3493    axis=(  0.024857  0.997789 -0.061631)
     H   13  Q=         1.0000 1e-30 m^2  Cq=         0.8207 MHz  eta= 0.38778

     C   14    Vxx=   -0.1541    axis=( -0.265870  0.084469  0.960301)
     C   14    Vyy=   -0.6711    axis=(  0.949168 -0.151186  0.276086)
     C   14    Vzz=    0.8252    axis=(  0.168505  0.984890 -0.039979)
     C   14  Q=         1.0000 1e-30 m^2  Cq=         1.9389 MHz  eta= 0.62652

     H   15    Vxx=   -0.0706    axis=( -0.352971  0.059999  0.933709)
     H   15    Vyy=   -0.3543    axis=( -0.432202  0.874633 -0.219589)
     H   15    Vzz=    0.4249    axis=( -0.829827 -0.481059 -0.282788)
     H   15  Q=         1.0000 1e-30 m^2  Cq=         0.9983 MHz  eta= 0.66760

     C   16    Vxx=    0.0035    axis=( -0.789930  0.504060 -0.349191)
     C   16    Vyy=    0.4399    axis=(  0.581993  0.795639 -0.168055)
     C   16    Vzz=   -0.4434    axis=( -0.193121  0.335978  0.921858)
     C   16  Q=         1.0000 1e-30 m^2  Cq=        -1.0419 MHz  eta= 0.98420

     C   17    Vxx=   -0.0474    axis=(  0.687313  0.021768 -0.726035)
     C   17    Vyy=   -0.7560    axis=(  0.667787 -0.412179  0.619814)
     C   17    Vzz=    0.8034    axis=( -0.285764 -0.910843 -0.297833)
     C   17  Q=         1.0000 1e-30 m^2  Cq=         1.8877 MHz  eta= 0.88205

     Cl  18    Vxx=    0.6502    axis=(  0.763918 -0.274977  0.583795)
     Cl  18    Vyy=    2.3589    axis=(  0.334282 -0.605206 -0.722482)
     Cl  18    Vzz=   -3.0090    axis=(  0.551983  0.747070 -0.370408)
     Cl  18  Q=        -8.1650 1e-30 m^2  Cq=        57.7269 MHz  eta= 0.56784

     H   19    Vxx=   -0.0268    axis=(  0.989181  0.145390 -0.019583)
     H   19    Vyy=   -0.6422    axis=( -0.077960  0.634044  0.769357)
     H   19    Vzz=    0.6690    axis=(  0.124273 -0.759507  0.638518)
     H   19  Q=         1.0000 1e-30 m^2  Cq=         1.5719 MHz  eta= 0.91996

     C   20    Vxx=   -0.0536    axis=(  0.859407 -0.151074 -0.488463)
     C   20    Vyy=   -0.7244    axis=( -0.340435  0.543711 -0.767126)
     C   20    Vzz=    0.7779    axis=(  0.381476  0.825563  0.415838)
     C   20  Q=         1.0000 1e-30 m^2  Cq=         1.8278 MHz  eta= 0.86231

     H   21    Vxx=   -0.0586    axis=( -0.633507  0.027437  0.773250)
     H   21    Vyy=   -0.5429    axis=( -0.028052  0.997900 -0.058390)
     H   21    Vzz=    0.6015    axis=( -0.773228 -0.058682 -0.631407)
     H   21  Q=         1.0000 1e-30 m^2  Cq=         1.4133 MHz  eta= 0.80525

     C   22    Vxx=   -0.0607    axis=(  0.196309 -0.204725  0.958932)
     C   22    Vyy=   -0.6714    axis=(  0.978887  0.097713 -0.179533)
     C   22    Vzz=    0.7321    axis=( -0.056946  0.973930  0.219585)
     C   22  Q=         1.0000 1e-30 m^2  Cq=         1.7201 MHz  eta= 0.83412

     C   23    Vxx=   -0.0623    axis=( -0.406701  0.511257  0.757107)
     C   23    Vyy=   -0.7465    axis=( -0.496675  0.571823 -0.652942)
     C   23    Vzz=    0.8088    axis=( -0.766752 -0.641588  0.021368)
     C   23  Q=         1.0000 1e-30 m^2  Cq=         1.9004 MHz  eta= 0.84594

     Cl  24    Vxx=   -0.7886    axis=(  0.920630 -0.390427 -0.002604)
     Cl  24    Vyy=   -1.8630    axis=(  0.029641  0.063241  0.997558)
     Cl  24    Vzz=    2.6516    axis=( -0.389309 -0.918459  0.069794)
     Cl  24  Q=        -8.1650 1e-30 m^2  Cq=       -50.8695 MHz  eta= 0.40518

     Initialization:
     gipaw_setup  :      9.05s CPU     10.66s WALL (       1 calls)

     Linear response

     Apply operators

     Induced current

     Other routines
     efg          :      9.39s CPU     11.99s WALL (       1 calls)

     General routines
     calbec       :      3.32s CPU      4.62s WALL (      16 calls)
     fft          :      1.65s CPU      2.76s WALL (      15 calls)
     ffts         :      0.03s CPU      0.04s WALL (       2 calls)
     fftw         :      3.26s CPU      3.88s WALL (     672 calls)
     davcio       :      0.02s CPU      0.32s WALL (      32 calls)

     Parallel routines
     fft_scatter  :      2.33s CPU      3.93s WALL (     689 calls)

     Plugins

     GIPAW        :     61.68s CPU     75.27s WALL (       1 calls)
