
     Program QE v.6.0 (svn rev. 13079) starts on 15Jan2017 at  8:43: 5 

     This program is part of the open-source Quantum ESPRESSO suite
     for quantum simulation of materials; please cite
         "P. Giannozzi et al., J. Phys.:Condens. Matter 21 395502 (2009);
          URL http://www.quantum-espresso.org", 
     in publications or presentations arising from this work. More details at
     http://www.quantum-espresso.org/quote

     Parallel version (MPI), running on     8 processors
     R & G space division:  proc/nbgrp/npool/nimage =       8

     ***** This is GIPAW svn revision unknown      *****

     Parallelizing q-star over 1 images

     Reading data from directory:
     /users/majewski/paradichlorobenzene/pbe/9_constraint/scratch/pbe.ecut100.np8.dt60.pcl2phi-129368.save
     Message from routine read_xml_file:
     file /users/majewski/paradichlorobenzene/pbe/9_constraint/scratch/pbe.ecut100.np8.dt60.pcl2phi-129368.save not guaranteed to be safe for post-processing

   Info: using nr1, nr2, nr3 values from input

   Info: using nr1, nr2, nr3 values from input

     IMPORTANT: XC functional enforced from input :
     Exchange-correlation      =  SLA  PW   PBX  PBC ( 1  4  3  4 0 0)
     Any further DFT definition will be discarded
     Please, verify this is what you really want

               file C.pbe-n-kjpaw_psl.1.0.0.UPF: wavefunction(s)  2S 2P renormalized
               file Cl.pbe-n-kjpaw_psl.1.0.0.UPF: wavefunction(s)  3S 3P renormalized
               file H.pbe-kjpaw_psl.1.0.0.UPF: wavefunction(s)  1S renormalized

     Parallelization info
     --------------------
     sticks:   dense  smooth     PW     G-vecs:    dense   smooth      PW
     Min        3057    1223    332               144436    36536    5170
     Max        3059    1225    333               144437    36537    5171
     Sum       24467    9791   2657              1155489   292295   41363


     Subspace diagonalization in iterative solution of the eigenvalue problem:
     a serial algorithm will be used

     GIPAW projectors -----------------------------------------------
     atom=  C    l=0  rc=    1.2000  rs=    0.8000
     atom=  C    l=0  rc=    1.2000  rs=    0.8000
     atom=  C    l=1  rc=    1.4000  rs=    0.9333
     atom=  C    l=1  rc=    1.4000  rs=    0.9333
     projs nearly linearly dependent: l=1  n1,n2= 1, 2  s=  0.99951561

     atom=  Cl   l=0  rc=    1.6000  rs=    1.0667
     atom=  Cl   l=0  rc=    1.6000  rs=    1.0667
     atom=  Cl   l=1  rc=    1.6000  rs=    1.0667
     atom=  Cl   l=1  rc=    1.6000  rs=    1.0667
     atom=  Cl   l=2  rc=    1.6000  rs=    1.0667
     atom=  Cl   l=2  rc=    1.6000  rs=    1.0667
     projs nearly linearly dependent: l=2  n1,n2= 1, 2  s=  0.99993509

     atom=  H    l=0  rc=    1.0000  rs=    0.6667
     atom=  H    l=0  rc=    1.0000  rs=    0.6667
     projs nearly linearly dependent: l=0  n1,n2= 1, 2  s=  0.99968852
     -----------------------------------------------------------------

     GIPAW integrals: -------------------------------------------
     Atom  i/j   nmr_para   nmr_dia   epr_rmc  epr_para   epr_dia
       C   1 1   0.83E+03  0.17E-01  0.93E+01  0.24E+08  0.24E+03
       C   2 1   0.86E+03 -0.61E-01  0.94E+01  0.25E+08  0.25E+03
       C   2 2   0.90E+03 -0.15E+00  0.97E+01  0.26E+08  0.26E+03
       C   3 3   0.33E+01  0.34E+00  0.18E+01  0.55E+03  0.21E+02
       C   4 3   0.35E+01  0.37E+00  0.20E+01  0.59E+03  0.22E+02
       C   4 4   0.38E+01  0.39E+00  0.22E+01  0.63E+03  0.24E+02
       Cl  1 1   0.14E+04 -0.47E+00  0.84E+01  0.32E+09  0.42E+03
       Cl  2 1   0.21E+04 -0.37E+00  0.12E+02  0.49E+09  0.65E+03
       Cl  2 2   0.33E+04 -0.16E+00  0.21E+02  0.76E+09  0.10E+04
       Cl  3 3   0.21E+02  0.79E-01  0.89E+01  0.23E+05  0.13E+03
       Cl  4 3   0.24E+02  0.67E-01  0.99E+01  0.27E+05  0.15E+03
       Cl  4 4   0.28E+02  0.44E-01  0.11E+02  0.32E+05  0.18E+03
       Cl  5 5   0.77E+00  0.19E+00  0.18E+01  0.12E+03  0.22E+02
       Cl  6 5   0.80E+00  0.19E+00  0.19E+01  0.12E+03  0.23E+02
       Cl  6 6   0.83E+00  0.20E+00  0.19E+01  0.12E+03  0.23E+02
       H   1 1   0.39E+02  0.19E+00  0.29E+00  0.78E+05  0.13E+02
       H   2 1   0.41E+02  0.21E+00  0.32E+00  0.82E+05  0.14E+02
       H   2 2   0.43E+02  0.22E+00  0.36E+00  0.86E+05  0.15E+02
     ------------------------------------------------------------

     alpha_pv=     34.1898 eV

     Number of occupied bands for each k-point:
     k-point:     1    nbnd_occ=  42
     k-point:     2    nbnd_occ=  42
     k-point:     3    nbnd_occ=  42
     k-point:     4    nbnd_occ=  42
     k-point:     5    nbnd_occ=  42
     k-point:     6    nbnd_occ=  42
     k-point:     7    nbnd_occ=  42
     k-point:     8    nbnd_occ=  42
     k-point:     9    nbnd_occ=  42
     k-point:    10    nbnd_occ=  42
     k-point:    11    nbnd_occ=  42
     k-point:    12    nbnd_occ=  42
     k-point:    13    nbnd_occ=  42
     k-point:    14    nbnd_occ=  42
     k-point:    15    nbnd_occ=  42
     k-point:    16    nbnd_occ=  42


     q-space interpolation up to   110.00 Rydberg

     GIPAW job: efg                                                                             


     ELECTRIC FIELD GRADIENTS TENSORS IN Hartree/bohrradius^2:

     ----- bare term -----
     Cl   1       -0.106125        0.152102        0.003235
     Cl   1        0.152102       -0.011912        0.011642
     Cl   1        0.003235        0.011642        0.118037

     C    2       -0.359952       -0.126133       -0.292421
     C    2       -0.126133       -0.077028       -0.527083
     C    2       -0.292421       -0.527083        0.436980

     C    3       -0.016668        0.054194       -0.438732
     C    3        0.054194       -0.327770       -0.507017
     C    3       -0.438732       -0.507017        0.344439

     H    4       -0.657345        0.120762       -0.160185
     H    4        0.120762        0.306922       -0.232475
     H    4       -0.160185       -0.232475        0.350423

     C    5        0.091113        0.568983       -0.034799
     C    5        0.568983       -0.450191       -0.376520
     C    5       -0.034799       -0.376520        0.359077

     H    6       -0.038485       -0.322724       -0.315752
     H    6       -0.322724       -0.162449       -0.444653
     H    6       -0.315752       -0.444653        0.200935

     H    7        0.416802        0.111079       -0.013754
     H    7        0.111079       -0.574218        0.482950
     H    7       -0.013754        0.482950        0.157417

     C    8       -0.791765       -0.329299       -0.385458
     C    8       -0.329299        0.364512        0.099478
     C    8       -0.385458        0.099478        0.427253

     H    9       -0.212654       -0.030774       -0.553480
     H    9       -0.030774        0.119139       -0.046823
     H    9       -0.553480       -0.046823        0.093515

     C   10        0.021150        0.023894       -0.249937
     C   10        0.023894       -0.112297        0.578819
     C   10       -0.249937        0.578819        0.091147

     C   11       -0.703515       -0.321484       -0.374738
     C   11       -0.321484        0.258446        0.076566
     C   11       -0.374738        0.076566        0.445069

     Cl  12        0.019978       -0.061236       -0.030829
     Cl  12       -0.061236        0.065866        0.000293
     Cl  12       -0.030829        0.000293       -0.085844

     H   13        0.478114        0.066854       -0.224343
     H   13        0.066854        0.010939       -0.191448
     H   13       -0.224343       -0.191448       -0.489053

     C   14       -0.541681        0.336945       -0.005690
     C   14        0.336945        0.228081       -0.260575
     C   14       -0.005690       -0.260575        0.313600

     H   15       -0.071882        0.262894       -0.421129
     H   15        0.262894       -0.123130        0.030915
     H   15       -0.421129        0.030915        0.195012

     C   16        0.265478        0.033593       -0.220777
     C   16        0.033593       -0.258963       -0.582559
     C   16       -0.220777       -0.582559       -0.006514

     C   17       -0.648135        0.345441       -0.357795
     C   17        0.345441        0.292873       -0.042344
     C   17       -0.357795       -0.042344        0.355262

     Cl  18        0.147772       -0.070052       -0.167944
     Cl  18       -0.070052       -0.003846       -0.326143
     Cl  18       -0.167944       -0.326143       -0.143926

     H   19        0.264087        0.338710       -0.177531
     H   19        0.338710       -0.449517        0.503521
     H   19       -0.177531        0.503521        0.185430

     C   20       -0.179182       -0.125129       -0.263739
     C   20       -0.125129       -0.189465        0.351195
     C   20       -0.263739        0.351195        0.368647

     H   21       -0.329430        0.389458       -0.408621
     H   21        0.389458        0.079785        0.216426
     H   21       -0.408621        0.216426        0.249645

     C   22       -0.468791       -0.358628       -0.288670
     C   22       -0.358628        0.041581        0.323010
     C   22       -0.288670        0.323010        0.427209

     C   23       -0.002633        0.210898       -0.440750
     C   23        0.210898       -0.214009        0.517156
     C   23       -0.440750        0.517156        0.216642

     Cl  24       -0.011525       -0.175051        0.067918
     Cl  24       -0.175051       -0.084801        0.011588
     Cl  24        0.067918        0.011588        0.096326

     ----- ionic term -----
     Cl   1        0.079056       -0.200348       -0.044455
     Cl   1       -0.200348        0.056071        0.047604
     Cl   1       -0.044455        0.047604       -0.135127

     C    2        0.193823       -0.200771        0.259457
     C    2       -0.200771        0.073069        0.400066
     C    2        0.259457        0.400066       -0.266892

     C    3        0.145190       -0.227020        0.172755
     C    3       -0.227020        0.146394        0.409904
     C    3        0.172755        0.409904       -0.291584

     H    4        0.724253        0.099647        0.664956
     H    4        0.099647       -0.538052        0.130213
     H    4        0.664956        0.130213       -0.186201

     C    5        0.330007       -0.210845        0.204088
     C    5       -0.210845        0.014163        0.328675
     C    5        0.204088        0.328675       -0.344169

     H    6       -0.499921        0.188419        0.137034
     H    6        0.188419        0.526275        0.781280
     H    6        0.137034        0.781280       -0.026354

     H    7       -0.483926       -0.104945        0.059152
     H    7       -0.104945        0.841877       -0.546410
     H    7        0.059152       -0.546410       -0.357951

     C    8        0.268997        0.193425        0.307848
     C    8        0.193425        0.085869       -0.258270
     C    8        0.307848       -0.258270       -0.354866

     H    9        0.424389       -0.281675        0.737900
     H    9       -0.281675       -0.405198       -0.280505
     H    9        0.737900       -0.280505       -0.019191

     C   10        0.057510        0.224878        0.218166
     C   10        0.224878        0.186533       -0.422794
     C   10        0.218166       -0.422794       -0.244043

     C   11        0.134835        0.206772        0.287731
     C   11        0.206772        0.143638       -0.382349
     C   11        0.287731       -0.382349       -0.278473

     Cl  12        0.108859        0.212389        0.030504
     Cl  12        0.212389        0.040769        0.016457
     Cl  12        0.030504        0.016457       -0.149628

     H   13       -0.532884        0.106796        0.111876
     H   13        0.106796        0.415707        0.824148
     H   13        0.111876        0.824148        0.117177

     C   14        0.218371       -0.231609        0.231017
     C   14       -0.231609       -0.008462        0.322888
     C   14        0.231017        0.322888       -0.209909

     H   15        0.586182        0.115801        0.736185
     H   15        0.115801       -0.519297        0.146467
     H   15        0.736185        0.146467       -0.066885

     C   16        0.040808       -0.169599        0.213465
     C   16       -0.169599        0.084028        0.479593
     C   16        0.213465        0.479593       -0.124836

     C   17        0.225833       -0.133791        0.235019
     C   17       -0.133791       -0.014467        0.485401
     C   17        0.235019        0.485401       -0.211366

     Cl  18        0.080181       -0.199547       -0.051803
     Cl  18       -0.199547        0.033033        0.050661
     Cl  18       -0.051803        0.050661       -0.113215

     H   19       -0.473456       -0.262520        0.145946
     H   19       -0.262520        0.667730       -0.659986
     H   19        0.145946       -0.659986       -0.194274

     C   20        0.281954        0.155591        0.256005
     C   20        0.155591        0.051186       -0.298160
     C   20        0.256005       -0.298160       -0.333140

     H   21        0.669028       -0.349799        0.628513
     H   21       -0.349799       -0.395155       -0.249381
     H   21        0.628513       -0.249381       -0.273872

     C   22        0.126320        0.168921        0.167236
     C   22        0.168921        0.241164       -0.423433
     C   22        0.167236       -0.423433       -0.367484

     C   23        0.144786        0.149575        0.292364
     C   23        0.149575        0.177175       -0.427020
     C   23        0.292364       -0.427020       -0.321960

     Cl  24        0.106280        0.199869       -0.011231
     Cl  24        0.199869        0.036162       -0.022051
     Cl  24       -0.011231       -0.022051       -0.142442

     ----- GIPAW term -----
     Cl   1       -0.620407       -0.891743        1.076669
     Cl   1       -0.891743       -1.509849        0.192086
     Cl   1        1.076669        0.192086        2.130256

     C    2       -0.067179       -0.153541        0.020223
     C    2       -0.153541       -0.084883       -0.127027
     C    2        0.020223       -0.127027        0.152061

     C    3        0.061532       -0.017402       -0.233775
     C    3       -0.017402       -0.125895       -0.072544
     C    3       -0.233775       -0.072544        0.064364

     H    4       -0.000000        0.000000        0.000000
     H    4        0.000000        0.000000        0.000000
     H    4        0.000000        0.000000        0.000000

     C    5        0.239289        0.199976        0.054524
     C    5        0.199976       -0.170587       -0.053820
     C    5        0.054524       -0.053820       -0.068701

     H    6       -0.000000        0.000000        0.000000
     H    6        0.000000        0.000000        0.000000
     H    6        0.000000        0.000000        0.000000

     H    7       -0.000000        0.000000        0.000000
     H    7        0.000000        0.000000        0.000000
     H    7        0.000000        0.000000        0.000000

     C    8       -0.207336        0.032793       -0.066549
     C    8        0.032793        0.241988       -0.089263
     C    8       -0.066549       -0.089263       -0.034651

     H    9       -0.000000        0.000000        0.000000
     H    9        0.000000        0.000000        0.000000
     H    9        0.000000        0.000000        0.000000

     C   10       -0.110648        0.103912       -0.050578
     C   10        0.103912        0.238812       -0.018899
     C   10       -0.050578       -0.018899       -0.128164

     C   11       -0.159252        0.092543       -0.083095
     C   11        0.092543        0.189954       -0.155945
     C   11       -0.083095       -0.155945       -0.030702

     Cl  12        0.013852        0.702688       -0.177324
     Cl  12        0.702688        2.680792        0.211846
     Cl  12       -0.177324        0.211846       -2.694644

     H   13       -0.000000        0.000000        0.000000
     H   13        0.000000        0.000000        0.000000
     H   13        0.000000        0.000000        0.000000

     C   14       -0.123447       -0.070206        0.074738
     C   14       -0.070206        0.148127       -0.131981
     C   14        0.074738       -0.131981       -0.024680

     H   15       -0.000000        0.000000        0.000000
     H   15        0.000000        0.000000        0.000000
     H   15        0.000000        0.000000        0.000000

     C   16       -0.044136       -0.029031       -0.022382
     C   16       -0.029031        0.149028        0.021919
     C   16       -0.022382        0.021919       -0.104892

     C   17       -0.085866        0.114899        0.059737
     C   17        0.114899        0.129158        0.168696
     C   17        0.059737        0.168696       -0.043293

     Cl  18       -0.030281       -0.396978        0.489412
     Cl  18       -0.396978        0.033450        0.967106
     Cl  18        0.489412        0.967106       -0.003169

     H   19       -0.000000        0.000000        0.000000
     H   19        0.000000        0.000000        0.000000
     H   19        0.000000        0.000000        0.000000

     C   20       -0.085220       -0.000493       -0.042057
     C   20       -0.000493        0.010323       -0.060252
     C   20       -0.042057       -0.060252        0.074898

     H   21       -0.000000        0.000000        0.000000
     H   21        0.000000        0.000000        0.000000
     H   21        0.000000        0.000000        0.000000

     C   22       -0.154657       -0.048622       -0.068901
     C   22       -0.048622        0.121498        0.013949
     C   22       -0.068901        0.013949        0.033160

     C   23        0.043120        0.223225       -0.122960
     C   23        0.223225        0.002331       -0.017198
     C   23       -0.122960       -0.017198       -0.045451

     Cl  24        1.759147        1.512166        0.544308
     Cl  24        1.512166       -0.520186        0.063211
     Cl  24        0.544308        0.063211       -1.238961

     ----- total EFG -----
     Cl   1       -0.647477       -0.939990        1.035449
     Cl   1       -0.939990       -1.465689        0.251332
     Cl   1        1.035449        0.251332        2.113166

     C    2       -0.233308       -0.480445       -0.012742
     C    2       -0.480445       -0.088842       -0.254044
     C    2       -0.012742       -0.254044        0.322149

     C    3        0.190053       -0.190229       -0.499752
     C    3       -0.190229       -0.307272       -0.169657
     C    3       -0.499752       -0.169657        0.117219

     H    4        0.066908        0.220410        0.504770
     H    4        0.220410       -0.231130       -0.102263
     H    4        0.504770       -0.102263        0.164222

     C    5        0.660409        0.558114        0.223812
     C    5        0.558114       -0.606616       -0.101665
     C    5        0.223812       -0.101665       -0.053794

     H    6       -0.538406       -0.134305       -0.178718
     H    6       -0.134305        0.363826        0.336627
     H    6       -0.178718        0.336627        0.174580

     H    7       -0.067125        0.006134        0.045397
     H    7        0.006134        0.267659       -0.063460
     H    7        0.045397       -0.063460       -0.200534

     C    8       -0.730103       -0.103082       -0.144159
     C    8       -0.103082        0.692368       -0.248055
     C    8       -0.144159       -0.248055        0.037735

     H    9        0.211735       -0.312449        0.184420
     H    9       -0.312449       -0.286059       -0.327328
     H    9        0.184420       -0.327328        0.074324

     C   10       -0.031988        0.352683       -0.082348
     C   10        0.352683        0.313049        0.137126
     C   10       -0.082348        0.137126       -0.281060

     C   11       -0.727931       -0.022170       -0.170103
     C   11       -0.022170        0.592038       -0.461728
     C   11       -0.170103       -0.461728        0.135893

     Cl  12        0.142689        0.853840       -0.177649
     Cl  12        0.853840        2.787427        0.228596
     Cl  12       -0.177649        0.228596       -2.930116

     H   13       -0.054771        0.173650       -0.112468
     H   13        0.173650        0.426646        0.632700
     H   13       -0.112468        0.632700       -0.371876

     C   14       -0.446757        0.035130        0.300064
     C   14        0.035130        0.367745       -0.069668
     C   14        0.300064       -0.069668        0.079012

     H   15        0.514300        0.378694        0.315056
     H   15        0.378694       -0.642427        0.177382
     H   15        0.315056        0.177382        0.128127

     C   16        0.262150       -0.165037       -0.029694
     C   16       -0.165037       -0.025907       -0.081047
     C   16       -0.029694       -0.081047       -0.236243

     C   17       -0.508167        0.326549       -0.063039
     C   17        0.326549        0.407564        0.611753
     C   17       -0.063039        0.611753        0.100603

     Cl  18        0.197672       -0.666576        0.269665
     Cl  18       -0.666576        0.062637        0.691624
     Cl  18        0.269665        0.691624       -0.260310

     H   19       -0.209369        0.076189       -0.031585
     H   19        0.076189        0.218212       -0.156465
     H   19       -0.031585       -0.156465       -0.008844

     C   20        0.017551        0.029969       -0.049791
     C   20        0.029969       -0.127956       -0.007217
     C   20       -0.049791       -0.007217        0.110404

     H   21        0.339598        0.039658        0.219892
     H   21        0.039658       -0.315370       -0.032955
     H   21        0.219892       -0.032955       -0.024227

     C   22       -0.497128       -0.238329       -0.190335
     C   22       -0.238329        0.404243       -0.086474
     C   22       -0.190335       -0.086474        0.092885

     C   23        0.185272        0.583699       -0.271347
     C   23        0.583699       -0.034503        0.072938
     C   23       -0.271347        0.072938       -0.150769

     Cl  24        1.853902        1.536984        0.600995
     Cl  24        1.536984       -0.568825        0.052748
     Cl  24        0.600995        0.052748       -1.285077

     ----- total EFG (symmetrized) -----
     Cl   1       -0.647477       -0.939990        1.035449
     Cl   1       -0.939990       -1.465689        0.251332
     Cl   1        1.035449        0.251332        2.113166

     C    2       -0.233308       -0.480445       -0.012742
     C    2       -0.480445       -0.088842       -0.254044
     C    2       -0.012742       -0.254044        0.322149

     C    3        0.190053       -0.190229       -0.499752
     C    3       -0.190229       -0.307272       -0.169657
     C    3       -0.499752       -0.169657        0.117219

     H    4        0.066908        0.220410        0.504770
     H    4        0.220410       -0.231130       -0.102263
     H    4        0.504770       -0.102263        0.164222

     C    5        0.660409        0.558114        0.223812
     C    5        0.558114       -0.606616       -0.101665
     C    5        0.223812       -0.101665       -0.053794

     H    6       -0.538406       -0.134305       -0.178718
     H    6       -0.134305        0.363826        0.336627
     H    6       -0.178718        0.336627        0.174580

     H    7       -0.067125        0.006134        0.045397
     H    7        0.006134        0.267659       -0.063460
     H    7        0.045397       -0.063460       -0.200534

     C    8       -0.730103       -0.103082       -0.144159
     C    8       -0.103082        0.692368       -0.248055
     C    8       -0.144159       -0.248055        0.037735

     H    9        0.211735       -0.312449        0.184420
     H    9       -0.312449       -0.286059       -0.327328
     H    9        0.184420       -0.327328        0.074324

     C   10       -0.031988        0.352683       -0.082348
     C   10        0.352683        0.313049        0.137126
     C   10       -0.082348        0.137126       -0.281060

     C   11       -0.727931       -0.022170       -0.170103
     C   11       -0.022170        0.592038       -0.461728
     C   11       -0.170103       -0.461728        0.135893

     Cl  12        0.142689        0.853840       -0.177649
     Cl  12        0.853840        2.787427        0.228596
     Cl  12       -0.177649        0.228596       -2.930116

     H   13       -0.054771        0.173650       -0.112468
     H   13        0.173650        0.426646        0.632700
     H   13       -0.112468        0.632700       -0.371876

     C   14       -0.446757        0.035130        0.300064
     C   14        0.035130        0.367745       -0.069668
     C   14        0.300064       -0.069668        0.079012

     H   15        0.514300        0.378694        0.315056
     H   15        0.378694       -0.642427        0.177382
     H   15        0.315056        0.177382        0.128127

     C   16        0.262150       -0.165037       -0.029694
     C   16       -0.165037       -0.025907       -0.081047
     C   16       -0.029694       -0.081047       -0.236243

     C   17       -0.508167        0.326549       -0.063039
     C   17        0.326549        0.407564        0.611753
     C   17       -0.063039        0.611753        0.100603

     Cl  18        0.197672       -0.666576        0.269665
     Cl  18       -0.666576        0.062637        0.691624
     Cl  18        0.269665        0.691624       -0.260310

     H   19       -0.209369        0.076189       -0.031585
     H   19        0.076189        0.218212       -0.156465
     H   19       -0.031585       -0.156465       -0.008844

     C   20        0.017551        0.029969       -0.049791
     C   20        0.029969       -0.127956       -0.007217
     C   20       -0.049791       -0.007217        0.110404

     H   21        0.339598        0.039658        0.219892
     H   21        0.039658       -0.315370       -0.032955
     H   21        0.219892       -0.032955       -0.024227

     C   22       -0.497128       -0.238329       -0.190335
     C   22       -0.238329        0.404243       -0.086474
     C   22       -0.190335       -0.086474        0.092885

     C   23        0.185272        0.583699       -0.271347
     C   23        0.583699       -0.034503        0.072938
     C   23       -0.271347        0.072938       -0.150769

     Cl  24        1.853902        1.536984        0.600995
     Cl  24        1.536984       -0.568825        0.052748
     Cl  24        0.600995        0.052748       -1.285077


     NQR/NMR SPECTROSCOPIC PARAMETERS:
     Cl   1    Vxx=   -0.2301    axis=(  0.741795 -0.617517 -0.261557)
     Cl   1    Vyy=   -2.2293    axis=(  0.589067  0.786392 -0.185978)
     Cl   1    Vzz=    2.4593    axis=(  0.320531 -0.016117  0.947101)
     Cl   1  Q=        -8.1650 1e-30 m^2  Cq=       -47.1808 MHz  eta= 0.81290

     C    2    Vxx=    0.1575    axis=( -0.587828  0.460528  0.665111)
     C    2    Vyy=    0.5212    axis=(  0.361103 -0.586338  0.725129)
     C    2    Vzz=   -0.6787    axis=(  0.723922  0.666424  0.178368)
     C    2  Q=         1.0000 1e-30 m^2  Cq=        -1.5948 MHz  eta= 0.53587

     C    3    Vxx=   -0.0732    axis=( -0.444789  0.733743 -0.513599)
     C    3    Vyy=   -0.5821    axis=(  0.509434  0.678912  0.528730)
     C    3    Vzz=    0.6553    axis=(  0.736640 -0.026471 -0.675766)
     C    3  Q=         1.0000 1e-30 m^2  Cq=         1.5398 MHz  eta= 0.77660

     H    4    Vxx=   -0.0709    axis=( -0.375592 -0.807347  0.455106)
     H    4    Vyy=   -0.5582    axis=(  0.624779 -0.583268 -0.519085)
     H    4    Vzz=    0.6292    axis=(  0.684531  0.089377  0.723484)
     H    4  Q=         1.0000 1e-30 m^2  Cq=         1.4783 MHz  eta= 0.77448

     C    5    Vxx=   -0.0472    axis=(  0.092854  0.266946 -0.959228)
     C    5    Vyy=   -0.8561    axis=( -0.365184  0.905384  0.216612)
     C    5    Vzz=    0.9032    axis=(  0.926293  0.330182  0.181553)
     C    5  Q=         1.0000 1e-30 m^2  Cq=         2.1222 MHz  eta= 0.89556

     H    6    Vxx=   -0.0734    axis=( -0.114521 -0.627891  0.769830)
     H    6    Vyy=   -0.5843    axis=( -0.977414 -0.067333 -0.200319)
     H    6    Vzz=    0.6577    axis=(  0.177614 -0.775383 -0.605998)
     H    6  Q=         1.0000 1e-30 m^2  Cq=         1.5453 MHz  eta= 0.77681

     H    7    Vxx=   -0.0536    axis=(  0.959175  0.037066  0.280374)
     H    7    Vyy=   -0.2225    axis=(  0.282814 -0.126637 -0.950778)
     H    7    Vzz=    0.2761    axis=(  0.000264  0.991256 -0.131950)
     H    7  Q=         1.0000 1e-30 m^2  Cq=         0.6487 MHz  eta= 0.61162

     C    8    Vxx=   -0.0061    axis=( -0.226906  0.296008  0.927843)
     C    8    Vyy=   -0.7714    axis=(  0.973283  0.103290  0.205066)
     C    8    Vzz=    0.7776    axis=( -0.035136  0.949584 -0.311537)
     C    8  Q=         1.0000 1e-30 m^2  Cq=         1.8270 MHz  eta= 0.98419

     H    9    Vxx=   -0.0429    axis=(  0.673173  0.117767 -0.730047)
     H    9    Vyy=   -0.5294    axis=( -0.272477 -0.878273 -0.392927)
     H    9    Vzz=    0.5724    axis=( -0.687455  0.463429 -0.559141)
     H    9  Q=         1.0000 1e-30 m^2  Cq=         1.3448 MHz  eta= 0.85000

     C   10    Vxx=   -0.1269    axis=(  0.674046 -0.335148 -0.658284)
     C   10    Vyy=   -0.4129    axis=( -0.531250  0.399256 -0.747241)
     C   10    Vzz=    0.5398    axis=( -0.513260 -0.853388 -0.091070)
     C   10  Q=         1.0000 1e-30 m^2  Cq=         1.2683 MHz  eta= 0.52973

     C   11    Vxx=   -0.1118    axis=( -0.243773  0.526615  0.814403)
     C   11    Vyy=   -0.7704    axis=(  0.968803  0.093544  0.229501)
     C   11    Vzz=    0.8821    axis=(  0.044676  0.844942 -0.532989)
     C   11  Q=         1.0000 1e-30 m^2  Cq=         2.0726 MHz  eta= 0.74662

     Cl  12    Vxx=   -0.0896    axis=( -0.957191  0.277540  0.082200)
     Cl  12    Vyy=   -2.9543    axis=(  0.070990 -0.050219  0.996212)
     Cl  12    Vzz=    3.0439    axis=(  0.280616  0.959401  0.028367)
     Cl  12  Q=        -8.1650 1e-30 m^2  Cq=       -58.3962 MHz  eta= 0.94111

     H   13    Vxx=   -0.0194    axis=(  0.961045  0.017150 -0.275858)
     H   13    Vyy=   -0.7678    axis=( -0.249756  0.481360 -0.840187)
     H   13    Vzz=    0.7872    axis=(  0.118378  0.876355  0.466892)
     H   13  Q=         1.0000 1e-30 m^2  Cq=         1.8496 MHz  eta= 0.95074

     C   14    Vxx=    0.2011    axis=(  0.416352  0.274558  0.866758)
     C   14    Vyy=    0.3856    axis=( -0.058874  0.959456 -0.275641)
     C   14    Vzz=   -0.5867    axis=( -0.907295  0.063734  0.415636)
     C   14  Q=         1.0000 1e-30 m^2  Cq=        -1.3785 MHz  eta= 0.31452

     H   15    Vxx=   -0.0472    axis=( -0.470229 -0.036388  0.881794)
     H   15    Vyy=   -0.7633    axis=( -0.260230  0.960444 -0.099138)
     H   15    Vzz=    0.8105    axis=( -0.843306 -0.276087 -0.461098)
     H   15  Q=         1.0000 1e-30 m^2  Cq=         1.9045 MHz  eta= 0.88353

     C   16    Vxx=   -0.0591    axis=(  0.378752  0.815910 -0.436850)
     C   16    Vyy=   -0.2781    axis=(  0.172136  0.401676  0.899458)
     C   16    Vzz=    0.3372    axis=( -0.909349  0.415869 -0.011688)
     C   16  Q=         1.0000 1e-30 m^2  Cq=         0.7924 MHz  eta= 0.64936

     C   17    Vxx=   -0.1990    axis=( -0.574537 -0.406943  0.710144)
     C   17    Vyy=   -0.7205    axis=( -0.803370  0.446325 -0.394197)
     C   17    Vzz=    0.9195    axis=( -0.156539 -0.796989 -0.583355)
     C   17  Q=         1.0000 1e-30 m^2  Cq=         2.1604 MHz  eta= 0.56724

     Cl  18    Vxx=    0.2365    axis=( -0.666271 -0.245949 -0.703983)
     Cl  18    Vyy=    0.8861    axis=(  0.597422 -0.741032 -0.306526)
     Cl  18    Vzz=   -1.1227    axis=( -0.446284 -0.624805  0.640663)
     Cl  18  Q=        -8.1650 1e-30 m^2  Cq=        21.5377 MHz  eta= 0.57861

     H   19    Vxx=   -0.0883    axis=(  0.046669  0.444905  0.894361)
     H   19    Vyy=   -0.2227    axis=( -0.986637  0.160449 -0.028332)
     H   19    Vzz=    0.3110    axis=( -0.156104 -0.881088  0.446448)
     H   19  Q=         1.0000 1e-30 m^2  Cq=         0.7307 MHz  eta= 0.43197

     C   20    Vxx=    0.0005    axis=(  0.890627  0.184408  0.415665)
     C   20    Vyy=    0.1334    axis=( -0.409526 -0.072072  0.909447)
     C   20    Vzz=   -0.1339    axis=( -0.197667  0.980204 -0.011330)
     C   20  Q=         1.0000 1e-30 m^2  Cq=        -0.3146 MHz  eta= 0.99225

     H   21    Vxx=   -0.1168    axis=( -0.406496 -0.227977  0.884753)
     H   21    Vyy=   -0.3269    axis=(  0.122127 -0.973237 -0.194666)
     H   21    Vzz=    0.4437    axis=(  0.905454  0.028922  0.423459)
     H   21  Q=         1.0000 1e-30 m^2  Cq=         1.0425 MHz  eta= 0.47368

     C   22    Vxx=    0.1483    axis=( -0.297796  0.044872  0.953574)
     C   22    Vyy=    0.4677    axis=(  0.217110 -0.969535  0.113425)
     C   22    Vzz=   -0.6160    axis=(  0.929613  0.240807  0.278981)
     C   22  Q=         1.0000 1e-30 m^2  Cq=        -1.4473 MHz  eta= 0.51864

     C   23    Vxx=   -0.0693    axis=(  0.137033 -0.466099 -0.874056)
     C   23    Vyy=   -0.6325    axis=(  0.613421 -0.652901  0.444337)
     C   23    Vzz=    0.7019    axis=( -0.777777 -0.597053  0.196446)
     C   23  Q=         1.0000 1e-30 m^2  Cq=         1.6491 MHz  eta= 0.80244

     Cl  24    Vxx=   -1.1257    axis=( -0.236925  0.716057 -0.656605)
     Cl  24    Vyy=   -1.5542    axis=( -0.380303  0.553559  0.740907)
     Cl  24    Vzz=    2.6799    axis=(  0.894000  0.425248  0.141166)
     Cl  24  Q=        -8.1650 1e-30 m^2  Cq=       -51.4124 MHz  eta= 0.15986

     Initialization:
     gipaw_setup  :      9.24s CPU     11.22s WALL (       1 calls)

     Linear response

     Apply operators

     Induced current

     Other routines
     efg          :      9.57s CPU     12.05s WALL (       1 calls)

     General routines
     calbec       :      3.34s CPU      4.46s WALL (      16 calls)
     fft          :      1.71s CPU      2.87s WALL (      15 calls)
     ffts         :      0.04s CPU      0.04s WALL (       2 calls)
     fftw         :      3.42s CPU      4.11s WALL (     672 calls)
     davcio       :      0.04s CPU      0.32s WALL (      32 calls)

     Parallel routines
     fft_scatter  :      2.30s CPU      3.97s WALL (     689 calls)

     Plugins

     GIPAW        :     61.53s CPU     73.73s WALL (       1 calls)
