
     Program QE v.6.0 (svn rev. 13079) starts on 24Dec2016 at 18:19:14 

     This program is part of the open-source Quantum ESPRESSO suite
     for quantum simulation of materials; please cite
         "P. Giannozzi et al., J. Phys.:Condens. Matter 21 395502 (2009);
          URL http://www.quantum-espresso.org", 
     in publications or presentations arising from this work. More details at
     http://www.quantum-espresso.org/quote

     Parallel version (MPI), running on     8 processors
     R & G space division:  proc/nbgrp/npool/nimage =       8

     ***** This is GIPAW svn revision unknown      *****

     Parallelizing q-star over 1 images

     Reading data from directory:
     /users/majewski/paradichlorobenzene/pbe/9_constraint/scratch/pbe.ecut100.np8.dt60.pcl2phi-129368.save
     Message from routine read_xml_file:
     file /users/majewski/paradichlorobenzene/pbe/9_constraint/scratch/pbe.ecut100.np8.dt60.pcl2phi-129368.save not guaranteed to be safe for post-processing

   Info: using nr1, nr2, nr3 values from input

   Info: using nr1, nr2, nr3 values from input

     IMPORTANT: XC functional enforced from input :
     Exchange-correlation      =  SLA  PW   PBX  PBC ( 1  4  3  4 0 0)
     Any further DFT definition will be discarded
     Please, verify this is what you really want

               file C.pbe-n-kjpaw_psl.1.0.0.UPF: wavefunction(s)  2S 2P renormalized
               file Cl.pbe-n-kjpaw_psl.1.0.0.UPF: wavefunction(s)  3S 3P renormalized
               file H.pbe-kjpaw_psl.1.0.0.UPF: wavefunction(s)  1S renormalized

     Parallelization info
     --------------------
     sticks:   dense  smooth     PW     G-vecs:    dense   smooth      PW
     Min        3057    1223    332               144436    36536    5170
     Max        3059    1225    333               144437    36537    5171
     Sum       24467    9791   2657              1155489   292295   41363


     Subspace diagonalization in iterative solution of the eigenvalue problem:
     a serial algorithm will be used

     GIPAW projectors -----------------------------------------------
     atom=  C    l=0  rc=    1.2000  rs=    0.8000
     atom=  C    l=0  rc=    1.2000  rs=    0.8000
     atom=  C    l=1  rc=    1.4000  rs=    0.9333
     atom=  C    l=1  rc=    1.4000  rs=    0.9333
     projs nearly linearly dependent: l=1  n1,n2= 1, 2  s=  0.99951561

     atom=  Cl   l=0  rc=    1.6000  rs=    1.0667
     atom=  Cl   l=0  rc=    1.6000  rs=    1.0667
     atom=  Cl   l=1  rc=    1.6000  rs=    1.0667
     atom=  Cl   l=1  rc=    1.6000  rs=    1.0667
     atom=  Cl   l=2  rc=    1.6000  rs=    1.0667
     atom=  Cl   l=2  rc=    1.6000  rs=    1.0667
     projs nearly linearly dependent: l=2  n1,n2= 1, 2  s=  0.99993509

     atom=  H    l=0  rc=    1.0000  rs=    0.6667
     atom=  H    l=0  rc=    1.0000  rs=    0.6667
     projs nearly linearly dependent: l=0  n1,n2= 1, 2  s=  0.99968852
     -----------------------------------------------------------------

     GIPAW integrals: -------------------------------------------
     Atom  i/j   nmr_para   nmr_dia   epr_rmc  epr_para   epr_dia
       C   1 1   0.83E+03  0.17E-01  0.93E+01  0.24E+08  0.24E+03
       C   2 1   0.86E+03 -0.61E-01  0.94E+01  0.25E+08  0.25E+03
       C   2 2   0.90E+03 -0.15E+00  0.97E+01  0.26E+08  0.26E+03
       C   3 3   0.33E+01  0.34E+00  0.18E+01  0.55E+03  0.21E+02
       C   4 3   0.35E+01  0.37E+00  0.20E+01  0.59E+03  0.22E+02
       C   4 4   0.38E+01  0.39E+00  0.22E+01  0.63E+03  0.24E+02
       Cl  1 1   0.14E+04 -0.47E+00  0.84E+01  0.32E+09  0.42E+03
       Cl  2 1   0.21E+04 -0.37E+00  0.12E+02  0.49E+09  0.65E+03
       Cl  2 2   0.33E+04 -0.16E+00  0.21E+02  0.76E+09  0.10E+04
       Cl  3 3   0.21E+02  0.79E-01  0.89E+01  0.23E+05  0.13E+03
       Cl  4 3   0.24E+02  0.67E-01  0.99E+01  0.27E+05  0.15E+03
       Cl  4 4   0.28E+02  0.44E-01  0.11E+02  0.32E+05  0.18E+03
       Cl  5 5   0.77E+00  0.19E+00  0.18E+01  0.12E+03  0.22E+02
       Cl  6 5   0.80E+00  0.19E+00  0.19E+01  0.12E+03  0.23E+02
       Cl  6 6   0.83E+00  0.20E+00  0.19E+01  0.12E+03  0.23E+02
       H   1 1   0.39E+02  0.19E+00  0.29E+00  0.78E+05  0.13E+02
       H   2 1   0.41E+02  0.21E+00  0.32E+00  0.82E+05  0.14E+02
       H   2 2   0.43E+02  0.22E+00  0.36E+00  0.86E+05  0.15E+02
     ------------------------------------------------------------

     alpha_pv=     34.5823 eV

     Number of occupied bands for each k-point:
     k-point:     1    nbnd_occ=  42
     k-point:     2    nbnd_occ=  42
     k-point:     3    nbnd_occ=  42
     k-point:     4    nbnd_occ=  42
     k-point:     5    nbnd_occ=  42
     k-point:     6    nbnd_occ=  42
     k-point:     7    nbnd_occ=  42
     k-point:     8    nbnd_occ=  42
     k-point:     9    nbnd_occ=  42
     k-point:    10    nbnd_occ=  42
     k-point:    11    nbnd_occ=  42
     k-point:    12    nbnd_occ=  42
     k-point:    13    nbnd_occ=  42
     k-point:    14    nbnd_occ=  42
     k-point:    15    nbnd_occ=  42
     k-point:    16    nbnd_occ=  42


     q-space interpolation up to   110.00 Rydberg

     GIPAW job: efg                                                                             


     ELECTRIC FIELD GRADIENTS TENSORS IN Hartree/bohrradius^2:

     ----- bare term -----
     Cl   1        0.006062        0.064266        0.029694
     Cl   1        0.064266        0.050746        0.068203
     Cl   1        0.029694        0.068203       -0.056808

     C    2       -0.795215        0.357495       -0.337410
     C    2        0.357495        0.290233        0.001029
     C    2       -0.337410        0.001029        0.504982

     C    3        0.207200       -0.031159        0.039245
     C    3       -0.031159       -0.441207       -0.318713
     C    3        0.039245       -0.318713        0.234008

     H    4       -0.433854       -0.218466        0.273379
     H    4       -0.218466        0.278499       -0.068127
     H    4        0.273379       -0.068127        0.155355

     C    5       -0.499230        0.328726       -0.324117
     C    5        0.328726        0.131399        0.035778
     C    5       -0.324117        0.035778        0.367830

     H    6        0.160415       -0.400711        0.248629
     H    6       -0.400711       -0.457566        0.076563
     H    6        0.248629        0.076563        0.297152

     H    7        0.444792        0.029188       -0.006143
     H    7        0.029188       -0.426310        0.625010
     H    7       -0.006143        0.625010       -0.018483

     C    8       -0.174889       -0.099145       -0.269237
     C    8       -0.099145       -0.147472        0.362494
     C    8       -0.269237        0.362494        0.322361

     H    9       -0.149632        0.340581       -0.387978
     H    9        0.340581       -0.168119        0.269969
     H    9       -0.387978        0.269969        0.317751

     C   10       -0.423620       -0.346172       -0.307212
     C   10       -0.346172       -0.047430        0.304493
     C   10       -0.307212        0.304493        0.471050

     C   11       -0.062627       -0.057870       -0.279032
     C   11       -0.057870       -0.049934        0.633311
     C   11       -0.279032        0.633311        0.112561

     Cl  12       -0.218749       -0.205600       -0.027833
     Cl  12       -0.205600        0.154780        0.136754
     Cl  12       -0.027833        0.136754        0.063968

     H   13        0.201210       -0.483608        0.051260
     H   13       -0.483608       -0.588359       -0.110942
     H   13        0.051260       -0.110942        0.387149

     C   14       -0.131281        0.292268       -0.194751
     C   14        0.292268       -0.062476       -0.478187
     C   14       -0.194751       -0.478187        0.193757

     H   15       -0.227881       -0.518090       -0.049330
     H   15       -0.518090       -0.139877        0.100588
     H   15       -0.049330        0.100588        0.367758

     C   16       -0.358679        0.290148       -0.254010
     C   16        0.290148        0.072788       -0.312558
     C   16       -0.254010       -0.312558        0.285891

     C   17       -0.049231       -0.174504       -0.355642
     C   17       -0.174504       -0.031449       -0.649662
     C   17       -0.355642       -0.649662        0.080680

     Cl  18       -0.215466        0.233639        0.136420
     Cl  18        0.233639       -0.077207       -0.119455
     Cl  18        0.136420       -0.119455        0.292672

     H   19        0.536808       -0.002329        0.028508
     H   19       -0.002329        0.025309        0.166102
     H   19        0.028508        0.166102       -0.562117

     C   20       -0.667722       -0.348180       -0.219744
     C   20       -0.348180        0.361538        0.296524
     C   20       -0.219744        0.296524        0.306184

     H   21       -0.045698       -0.035412       -0.537897
     H   21       -0.035412        0.144189       -0.195425
     H   21       -0.537897       -0.195425       -0.098491

     C   22       -0.013175       -0.096887       -0.203214
     C   22       -0.096887       -0.020110        0.668065
     C   22       -0.203214        0.668065        0.033285

     C   23       -0.587807       -0.271961       -0.382096
     C   23       -0.271961        0.239042        0.167417
     C   23       -0.382096        0.167417        0.348765

     Cl  24       -0.030019       -0.106106       -0.058741
     Cl  24       -0.106106        0.146321        0.062517
     Cl  24       -0.058741        0.062517       -0.116301

     ----- ionic term -----
     Cl   1        0.121058       -0.212008        0.016025
     Cl   1       -0.212008        0.054318       -0.013899
     Cl   1        0.016025       -0.013899       -0.175376

     C    2        0.281191       -0.068018        0.202781
     C    2       -0.068018        0.291865        0.262373
     C    2        0.202781        0.262373       -0.573056

     C    3        0.224869       -0.141367        0.059851
     C    3       -0.141367        0.365981        0.294323
     C    3        0.059851        0.294323       -0.590851

     H    4        0.910831        0.471920        0.271195
     H    4        0.471920       -0.302030        0.124301
     H    4        0.271195        0.124301       -0.608801

     C    5        0.404379       -0.111243        0.076748
     C    5       -0.111243        0.183878        0.229423
     C    5        0.076748        0.229423       -0.588257

     H    6       -0.431323        0.315710        0.068216
     H    6        0.315710        0.890315        0.437962
     H    6        0.068216        0.437962       -0.458992

     H    7       -0.527720       -0.060545        0.059204
     H    7       -0.060545        0.603936       -0.750114
     H    7        0.059204       -0.750114       -0.076217

     C    8        0.248309        0.178422        0.286205
     C    8        0.178422        0.028627       -0.324451
     C    8        0.286205       -0.324451       -0.276935

     H    9        0.570528       -0.463968        0.561994
     H    9       -0.463968       -0.288790       -0.313182
     H    9        0.561994       -0.313182       -0.281738

     C   10        0.081149        0.225908        0.136106
     C   10        0.225908        0.177073       -0.457560
     C   10        0.136106       -0.457560       -0.258223

     C   11        0.170892        0.280928        0.224246
     C   11        0.280928        0.042829       -0.428973
     C   11        0.224246       -0.428973       -0.213720

     Cl  12        0.164227        0.216932       -0.009550
     Cl  12        0.216932       -0.002945       -0.018512
     Cl  12       -0.009550       -0.018512       -0.161281

     H   13       -0.473667        0.245847        0.130237
     H   13        0.245847        0.720159        0.623091
     H   13        0.130237        0.623091       -0.246493

     C   14        0.419430       -0.080579        0.171930
     C   14       -0.080579        0.089051        0.266077
     C   14        0.171930        0.266077       -0.508481

     H   15        0.629562        0.488582        0.523352
     H   15        0.488582       -0.278253        0.272851
     H   15        0.523352        0.272851       -0.351309

     C   16        0.181262       -0.074721        0.128721
     C   16       -0.074721        0.277069        0.353905
     C   16        0.128721        0.353905       -0.458331

     C   17        0.296231       -0.080916        0.057873
     C   17       -0.080916        0.237579        0.350713
     C   17        0.057873        0.350713       -0.533810

     Cl  18        0.104438       -0.210162       -0.056761
     Cl  18       -0.210162        0.047280        0.042576
     Cl  18       -0.056761        0.042576       -0.151717

     H   19       -0.523754       -0.026008        0.032777
     H   19       -0.026008        0.321652       -0.803878
     H   19        0.032777       -0.803878        0.202103

     C   20        0.246534        0.246816        0.241478
     C   20        0.246816       -0.068373       -0.316325
     C   20        0.241478       -0.316325       -0.178161

     H   21        0.495705       -0.240332        0.735168
     H   21       -0.240332       -0.451802       -0.245748
     H   21        0.735168       -0.245748       -0.043903

     C   22        0.122245        0.248356        0.189121
     C   22        0.248356        0.064801       -0.428314
     C   22        0.189121       -0.428314       -0.187046

     C   23        0.176926        0.177976        0.334600
     C   23        0.177976        0.022973       -0.408155
     C   23        0.334600       -0.408155       -0.199898

     Cl  24        0.125147        0.225774        0.034160
     Cl  24        0.225774        0.023362        0.011375
     Cl  24        0.034160        0.011375       -0.148509

     ----- GIPAW term -----
     Cl   1        0.042309       -0.516408        0.404656
     Cl   1       -0.516408        2.126603        1.382007
     Cl   1        0.404656        1.382007       -2.168912

     C    2       -0.188392        0.005363       -0.012414
     C    2        0.005363        0.139257        0.210839
     C    2       -0.012414        0.210839        0.049135

     C    3       -0.016222       -0.033696       -0.005555
     C    3       -0.033696       -0.040662        0.067036
     C    3       -0.005555        0.067036        0.056884

     H    4       -0.000000        0.000000        0.000000
     H    4        0.000000        0.000000        0.000000
     H    4        0.000000        0.000000        0.000000

     C    5       -0.043723       -0.008290       -0.103812
     C    5       -0.008290       -0.019391        0.075400
     C    5       -0.103812        0.075400        0.063114

     H    6       -0.000000        0.000000        0.000000
     H    6        0.000000        0.000000        0.000000
     H    6        0.000000        0.000000        0.000000

     H    7       -0.000000        0.000000        0.000000
     H    7        0.000000        0.000000        0.000000
     H    7        0.000000        0.000000        0.000000

     C    8       -0.090846        0.006377       -0.042181
     C    8        0.006377        0.059529       -0.056942
     C    8       -0.042181       -0.056942        0.031316

     H    9       -0.000000        0.000000        0.000000
     H    9        0.000000        0.000000        0.000000
     H    9        0.000000        0.000000        0.000000

     C   10       -0.131510       -0.025332       -0.089996
     C   10       -0.025332        0.045224       -0.014446
     C   10       -0.089996       -0.014446        0.086286

     C   11        0.011958        0.051060       -0.050343
     C   11        0.051060        0.136830        0.114407
     C   11       -0.050343        0.114407       -0.148788

     Cl  12       -0.178412        1.023176       -0.327195
     Cl  12        1.023176        1.573958        1.258600
     Cl  12       -0.327195        1.258600       -1.395546

     H   13       -0.000000        0.000000        0.000000
     H   13        0.000000        0.000000        0.000000
     H   13        0.000000        0.000000        0.000000

     C   14       -0.051230        0.166208       -0.051466
     C   14        0.166208        0.142515       -0.179455
     C   14       -0.051466       -0.179455       -0.091286

     H   15       -0.000000        0.000000        0.000000
     H   15        0.000000        0.000000        0.000000
     H   15        0.000000        0.000000        0.000000

     C   16       -0.095574        0.140983       -0.119133
     C   16        0.140983        0.112579       -0.142685
     C   16       -0.119133       -0.142685       -0.017006

     C   17        0.002454       -0.186674       -0.057236
     C   17       -0.186674        0.152584       -0.098414
     C   17       -0.057236       -0.098414       -0.155038

     Cl  18        0.015220       -1.510813        1.555503
     Cl  18       -1.510813       -0.827730       -1.353252
     Cl  18        1.555503       -1.353252        0.812510

     H   19       -0.000000        0.000000        0.000000
     H   19        0.000000        0.000000        0.000000
     H   19        0.000000        0.000000        0.000000

     C   20       -0.201879       -0.045771       -0.017054
     C   20       -0.045771        0.220448        0.163076
     C   20       -0.017054        0.163076       -0.018570

     H   21       -0.000000        0.000000        0.000000
     H   21        0.000000        0.000000        0.000000
     H   21        0.000000        0.000000        0.000000

     C   22       -0.125752        0.014568       -0.027994
     C   22        0.014568        0.239507        0.173102
     C   22       -0.027994        0.173102       -0.113755

     C   23       -0.121293        0.011739       -0.035562
     C   23        0.011739        0.184130       -0.106336
     C   23       -0.035562       -0.106336       -0.062838

     Cl  24        0.581994        0.704328       -0.450953
     Cl  24        0.704328        1.917487        0.758454
     Cl  24       -0.450953        0.758454       -2.499481

     ----- total EFG -----
     Cl   1        0.169429       -0.664149        0.450375
     Cl   1       -0.664149        2.231667        1.436310
     Cl   1        0.450375        1.436310       -2.401096

     C    2       -0.702415        0.294840       -0.147043
     C    2        0.294840        0.721355        0.474240
     C    2       -0.147043        0.474240       -0.018939

     C    3        0.415847       -0.206222        0.093541
     C    3       -0.206222       -0.115888        0.042646
     C    3        0.093541        0.042646       -0.299960

     H    4        0.476977        0.253453        0.544575
     H    4        0.253453       -0.023532        0.056174
     H    4        0.544575        0.056174       -0.453446

     C    5       -0.138573        0.209193       -0.351181
     C    5        0.209193        0.295886        0.340600
     C    5       -0.351181        0.340600       -0.157313

     H    6       -0.270909       -0.085001        0.316845
     H    6       -0.085001        0.432748        0.514525
     H    6        0.316845        0.514525       -0.161840

     H    7       -0.082927       -0.031356        0.053061
     H    7       -0.031356        0.177627       -0.125104
     H    7        0.053061       -0.125104       -0.094699

     C    8       -0.017426        0.085654       -0.025214
     C    8        0.085654       -0.059316       -0.018899
     C    8       -0.025214       -0.018899        0.076743

     H    9        0.420895       -0.123387        0.174017
     H    9       -0.123387       -0.456908       -0.043213
     H    9        0.174017       -0.043213        0.036013

     C   10       -0.473980       -0.145595       -0.261102
     C   10       -0.145595        0.174867       -0.167512
     C   10       -0.261102       -0.167512        0.299113

     C   11        0.120222        0.274117       -0.105129
     C   11        0.274117        0.129725        0.318744
     C   11       -0.105129        0.318744       -0.249947

     Cl  12       -0.232934        1.034508       -0.364578
     Cl  12        1.034508        1.725793        1.376843
     Cl  12       -0.364578        1.376843       -1.492859

     H   13       -0.272457       -0.237761        0.181496
     H   13       -0.237761        0.131800        0.512149
     H   13        0.181496        0.512149        0.140657

     C   14        0.236919        0.377897       -0.074287
     C   14        0.377897        0.169090       -0.391564
     C   14       -0.074287       -0.391564       -0.406009

     H   15        0.401682       -0.029508        0.474023
     H   15       -0.029508       -0.418130        0.373438
     H   15        0.474023        0.373438        0.016448

     C   16       -0.272990        0.356409       -0.244422
     C   16        0.356409        0.462437       -0.101338
     C   16       -0.244422       -0.101338       -0.189446

     C   17        0.249454       -0.442095       -0.355004
     C   17       -0.442095        0.358715       -0.397363
     C   17       -0.355004       -0.397363       -0.608169

     Cl  18       -0.095808       -1.487335        1.635162
     Cl  18       -1.487335       -0.857657       -1.430131
     Cl  18        1.635162       -1.430131        0.953465

     H   19        0.013054       -0.028337        0.061285
     H   19       -0.028337        0.346961       -0.637776
     H   19        0.061285       -0.637776       -0.360015

     C   20       -0.623066       -0.147135        0.004680
     C   20       -0.147135        0.513613        0.143275
     C   20        0.004680        0.143275        0.109454

     H   21        0.450007       -0.275744        0.197271
     H   21       -0.275744       -0.307613       -0.441172
     H   21        0.197271       -0.441172       -0.142394

     C   22       -0.016682        0.166036       -0.042087
     C   22        0.166036        0.284199        0.412853
     C   22       -0.042087        0.412853       -0.267517

     C   23       -0.532174       -0.082246       -0.083058
     C   23       -0.082246        0.446145       -0.347074
     C   23       -0.083058       -0.347074        0.086029

     Cl  24        0.677122        0.823995       -0.475534
     Cl  24        0.823995        2.087170        0.832346
     Cl  24       -0.475534        0.832346       -2.764292

     ----- total EFG (symmetrized) -----
     Cl   1        0.169429       -0.664149        0.450375
     Cl   1       -0.664149        2.231667        1.436310
     Cl   1        0.450375        1.436310       -2.401096

     C    2       -0.702415        0.294840       -0.147043
     C    2        0.294840        0.721355        0.474240
     C    2       -0.147043        0.474240       -0.018939

     C    3        0.415847       -0.206222        0.093541
     C    3       -0.206222       -0.115888        0.042646
     C    3        0.093541        0.042646       -0.299960

     H    4        0.476977        0.253453        0.544575
     H    4        0.253453       -0.023532        0.056174
     H    4        0.544575        0.056174       -0.453446

     C    5       -0.138573        0.209193       -0.351181
     C    5        0.209193        0.295886        0.340600
     C    5       -0.351181        0.340600       -0.157313

     H    6       -0.270909       -0.085001        0.316845
     H    6       -0.085001        0.432748        0.514525
     H    6        0.316845        0.514525       -0.161840

     H    7       -0.082927       -0.031356        0.053061
     H    7       -0.031356        0.177627       -0.125104
     H    7        0.053061       -0.125104       -0.094699

     C    8       -0.017426        0.085654       -0.025214
     C    8        0.085654       -0.059316       -0.018899
     C    8       -0.025214       -0.018899        0.076743

     H    9        0.420895       -0.123387        0.174017
     H    9       -0.123387       -0.456908       -0.043213
     H    9        0.174017       -0.043213        0.036013

     C   10       -0.473980       -0.145595       -0.261102
     C   10       -0.145595        0.174867       -0.167512
     C   10       -0.261102       -0.167512        0.299113

     C   11        0.120222        0.274117       -0.105129
     C   11        0.274117        0.129725        0.318744
     C   11       -0.105129        0.318744       -0.249947

     Cl  12       -0.232934        1.034508       -0.364578
     Cl  12        1.034508        1.725793        1.376843
     Cl  12       -0.364578        1.376843       -1.492859

     H   13       -0.272457       -0.237761        0.181496
     H   13       -0.237761        0.131800        0.512149
     H   13        0.181496        0.512149        0.140657

     C   14        0.236919        0.377897       -0.074287
     C   14        0.377897        0.169090       -0.391564
     C   14       -0.074287       -0.391564       -0.406009

     H   15        0.401682       -0.029508        0.474023
     H   15       -0.029508       -0.418130        0.373438
     H   15        0.474023        0.373438        0.016448

     C   16       -0.272990        0.356409       -0.244422
     C   16        0.356409        0.462437       -0.101338
     C   16       -0.244422       -0.101338       -0.189446

     C   17        0.249454       -0.442095       -0.355004
     C   17       -0.442095        0.358715       -0.397363
     C   17       -0.355004       -0.397363       -0.608169

     Cl  18       -0.095808       -1.487335        1.635162
     Cl  18       -1.487335       -0.857657       -1.430131
     Cl  18        1.635162       -1.430131        0.953465

     H   19        0.013054       -0.028337        0.061285
     H   19       -0.028337        0.346961       -0.637776
     H   19        0.061285       -0.637776       -0.360015

     C   20       -0.623066       -0.147135        0.004680
     C   20       -0.147135        0.513613        0.143275
     C   20        0.004680        0.143275        0.109454

     H   21        0.450007       -0.275744        0.197271
     H   21       -0.275744       -0.307613       -0.441172
     H   21        0.197271       -0.441172       -0.142394

     C   22       -0.016682        0.166036       -0.042087
     C   22        0.166036        0.284199        0.412853
     C   22       -0.042087        0.412853       -0.267517

     C   23       -0.532174       -0.082246       -0.083058
     C   23       -0.082246        0.446145       -0.347074
     C   23       -0.083058       -0.347074        0.086029

     Cl  24        0.677122        0.823995       -0.475534
     Cl  24        0.823995        2.087170        0.832346
     Cl  24       -0.475534        0.832346       -2.764292


     NQR/NMR SPECTROSCOPIC PARAMETERS:
     Cl   1    Vxx=    0.1874    axis=(  0.959489  0.139890  0.244565)
     Cl   1    Vyy=    2.7467    axis=( -0.201136  0.947939  0.246893)
     Cl   1    Vzz=   -2.9341    axis=( -0.197295 -0.286082  0.937674)
     Cl   1  Q=        -8.1650 1e-30 m^2  Cq=        56.2887 MHz  eta= 0.87226

     C    2    Vxx=   -0.1369    axis=( -0.397083 -0.335600  0.854223)
     C    2    Vyy=   -0.8406    axis=( -0.909577  0.268085 -0.317492)
     C    2    Vzz=    0.9775    axis=( -0.122454 -0.903052 -0.411706)
     C    2  Q=         1.0000 1e-30 m^2  Cq=         2.2968 MHz  eta= 0.71991

     C    3    Vxx=   -0.1542    axis=( -0.248409 -0.875064 -0.415398)
     C    3    Vyy=   -0.3394    axis=( -0.212835 -0.369053  0.904711)
     C    3    Vzz=    0.4935    axis=( -0.944984  0.313149 -0.094568)
     C    3  Q=         1.0000 1e-30 m^2  Cq=         1.1596 MHz  eta= 0.37520

     H    4    Vxx=   -0.0966    axis=(  0.229937 -0.952223  0.201000)
     H    4    Vyy=   -0.7092    axis=(  0.430752 -0.085623 -0.898399)
     H    4    Vzz=    0.8058    axis=(  0.872686  0.293156  0.390484)
     H    4  Q=         1.0000 1e-30 m^2  Cq=         1.8933 MHz  eta= 0.76026

     C    5    Vxx=    0.1807    axis=(  0.785807  0.248045 -0.566552)
     C    5    Vyy=    0.4792    axis=( -0.044703 -0.890876 -0.452042)
     C    5    Vzz=   -0.6599    axis=( -0.616854  0.380544 -0.688968)
     C    5  Q=         1.0000 1e-30 m^2  Cq=        -1.5504 MHz  eta= 0.45245

     H    6    Vxx=   -0.0403    axis=(  0.794176 -0.376312  0.477152)
     H    6    Vyy=   -0.6972    axis=(  0.600794  0.368278 -0.709520)
     H    6    Vzz=    0.7375    axis=(  0.091276  0.850154  0.518563)
     H    6  Q=         1.0000 1e-30 m^2  Cq=         1.7327 MHz  eta= 0.89080

     H    7    Vxx=   -0.0709    axis=(  0.876513  0.300086  0.376394)
     H    7    Vyy=   -0.1630    axis=( -0.456396  0.269433  0.848003)
     H    7    Vzz=    0.2339    axis=(  0.153061 -0.915070  0.373120)
     H    7  Q=         1.0000 1e-30 m^2  Cq=         0.5495 MHz  eta= 0.39391

     C    8    Vxx=    0.0290    axis=(  0.654981  0.517274  0.550843)
     C    8    Vyy=    0.0975    axis=( -0.434920 -0.338061  0.834602)
     C    8    Vzz=   -0.1266    axis=( -0.617936  0.786220 -0.003549)
     C    8  Q=         1.0000 1e-30 m^2  Cq=        -0.2973 MHz  eta= 0.54146

     H    9    Vxx=   -0.0310    axis=( -0.357289  0.008747  0.933953)
     H    9    Vyy=   -0.4747    axis=( -0.128749 -0.990871 -0.039973)
     H    9    Vzz=    0.5056    axis=(  0.925078 -0.134527  0.355154)
     H    9  Q=         1.0000 1e-30 m^2  Cq=         1.1881 MHz  eta= 0.87753

     C   10    Vxx=    0.1610    axis=(  0.351223 -0.857446 -0.376071)
     C   10    Vyy=    0.4394    axis=(  0.176894  0.455195 -0.872643)
     C   10    Vzz=   -0.6005    axis=(  0.919430  0.239968  0.311552)
     C   10  Q=         1.0000 1e-30 m^2  Cq=        -1.4108 MHz  eta= 0.46362

     C   11    Vxx=    0.0748    axis=( -0.740378  0.344120  0.577427)
     C   11    Vyy=    0.4427    axis=( -0.570987 -0.775252 -0.270106)
     C   11    Vzz=   -0.5175    axis=(  0.354703 -0.529684  0.770468)
     C   11  Q=         1.0000 1e-30 m^2  Cq=        -1.2159 MHz  eta= 0.71088

     Cl  12    Vxx=   -0.2418    axis=(  0.885734 -0.161044 -0.435362)
     Cl  12    Vyy=   -2.2635    axis=( -0.349661  0.385394 -0.853937)
     Cl  12    Vzz=    2.5054    axis=(  0.305308  0.908590  0.285046)
     Cl  12  Q=        -8.1650 1e-30 m^2  Cq=       -48.0641 MHz  eta= 0.80695

     H   13    Vxx=   -0.0244    axis=(  0.763562 -0.426756  0.484616)
     H   13    Vyy=   -0.6258    axis=(  0.644098  0.556757 -0.524557)
     H   13    Vzz=    0.6502    axis=( -0.045955  0.712671  0.699991)
     H   13  Q=         1.0000 1e-30 m^2  Cq=         1.5276 MHz  eta= 0.92500

     C   14    Vxx=   -0.0626    axis=(  0.749401 -0.511221  0.420775)
     C   14    Vyy=   -0.6195    axis=( -0.143886  0.494572  0.857143)
     C   14    Vzz=    0.6821    axis=( -0.646293 -0.702888  0.297076)
     C   14  Q=         1.0000 1e-30 m^2  Cq=         1.6026 MHz  eta= 0.81649

     H   15    Vxx=   -0.0465    axis=(  0.556035 -0.610721 -0.563777)
     H   15    Vyy=   -0.7059    axis=(  0.266674  0.773528 -0.574926)
     H   15    Vzz=    0.7524    axis=( -0.787217 -0.169334 -0.592972)
     H   15  Q=         1.0000 1e-30 m^2  Cq=         1.7678 MHz  eta= 0.87631

     C   16    Vxx=   -0.1182    axis=(  0.403387 -0.391898 -0.826859)
     C   16    Vyy=   -0.5314    axis=(  0.821836 -0.242147  0.515704)
     C   16    Vzz=    0.6496    axis=( -0.402324 -0.887570  0.224397)
     C   16  Q=         1.0000 1e-30 m^2  Cq=         1.5263 MHz  eta= 0.63599

     C   17    Vxx=    0.2015    axis=(  0.668615  0.508375 -0.542686)
     C   17    Vyy=    0.7533    axis=( -0.634357  0.770744 -0.059544)
     C   17    Vzz=   -0.9547    axis=(  0.388002  0.384069  0.837822)
     C   17  Q=         1.0000 1e-30 m^2  Cq=        -2.2432 MHz  eta= 0.57799

     Cl  18    Vxx=   -1.1536    axis=( -0.614439  0.343744  0.710144)
     Cl  18    Vyy=   -2.0232    axis=(  0.561202  0.823076  0.087161)
     Cl  18    Vzz=    3.1768    axis=( -0.554542  0.452090 -0.698640)
     Cl  18  Q=        -8.1650 1e-30 m^2  Cq=       -60.9453 MHz  eta= 0.27375

     H   19    Vxx=    0.0107    axis=(  0.995663  0.092914  0.004750)
     H   19    Vyy=    0.7270    axis=( -0.077643  0.857980 -0.507782)
     H   19    Vzz=   -0.7377    axis=( -0.051256  0.505210  0.861473)
     H   19  Q=         1.0000 1e-30 m^2  Cq=        -1.7333 MHz  eta= 0.97098

     C   20    Vxx=    0.0671    axis=(  0.067180 -0.284717  0.956255)
     C   20    Vyy=    0.5754    axis=( -0.115468  0.949762  0.290895)
     C   20    Vzz=   -0.6425    axis=( -0.991037 -0.129959  0.030929)
     C   20  Q=         1.0000 1e-30 m^2  Cq=        -1.5096 MHz  eta= 0.79106

     H   21    Vxx=   -0.0062    axis=(  0.572783  0.464557 -0.675357)
     H   21    Vyy=   -0.6812    axis=(  0.084764  0.785916  0.612496)
     H   21    Vzz=    0.6874    axis=(  0.815313 -0.408073  0.410781)
     H   21  Q=         1.0000 1e-30 m^2  Cq=         1.6151 MHz  eta= 0.98186

     C   22    Vxx=   -0.0189    axis=(  0.945389 -0.091932 -0.312711)
     C   22    Vyy=   -0.5157    axis=( -0.232100  0.483713 -0.843890)
     C   22    Vzz=    0.5346    axis=(  0.228843  0.870385  0.435960)
     C   22  Q=         1.0000 1e-30 m^2  Cq=         1.2562 MHz  eta= 0.92927

     C   23    Vxx=   -0.0954    axis=( -0.251362  0.494925  0.831785)
     C   23    Vyy=   -0.5623    axis=(  0.967617  0.149031  0.203735)
     C   23    Vzz=    0.6577    axis=( -0.023128  0.856060 -0.516359)
     C   23  Q=         1.0000 1e-30 m^2  Cq=         1.5454 MHz  eta= 0.70995

     Cl  24    Vxx=    0.4768    axis=( -0.909715  0.350039  0.223365)
     Cl  24    Vyy=    2.5284    axis=(  0.380383  0.918237  0.110228)
     Cl  24    Vzz=   -3.0053    axis=(  0.166518 -0.185240  0.968482)
     Cl  24  Q=        -8.1650 1e-30 m^2  Cq=        57.6543 MHz  eta= 0.68267

     Initialization:
     gipaw_setup  :      9.16s CPU     10.86s WALL (       1 calls)

     Linear response

     Apply operators

     Induced current

     Other routines
     efg          :      9.14s CPU     11.38s WALL (       1 calls)

     General routines
     calbec       :      3.22s CPU      4.18s WALL (      16 calls)
     fft          :      1.61s CPU      2.31s WALL (      15 calls)
     ffts         :      0.04s CPU      0.05s WALL (       2 calls)
     fftw         :      3.16s CPU      3.91s WALL (     672 calls)
     davcio       :      0.04s CPU      0.32s WALL (      32 calls)

     Parallel routines
     fft_scatter  :      2.31s CPU      3.52s WALL (     689 calls)

     Plugins

     GIPAW        :     60.43s CPU     72.80s WALL (       1 calls)
