
     Program QE v.6.0 (svn rev. 13079) starts on 24Jan2017 at  1:32:52 

     This program is part of the open-source Quantum ESPRESSO suite
     for quantum simulation of materials; please cite
         "P. Giannozzi et al., J. Phys.:Condens. Matter 21 395502 (2009);
          URL http://www.quantum-espresso.org", 
     in publications or presentations arising from this work. More details at
     http://www.quantum-espresso.org/quote

     Parallel version (MPI), running on     8 processors
     R & G space division:  proc/nbgrp/npool/nimage =       8

     ***** This is GIPAW svn revision unknown      *****

     Parallelizing q-star over 1 images

     Reading data from directory:
     /users/majewski/paradichlorobenzene/pbe/9_constraint/scratch/pbe.ecut100.np8.dt60.pcl2phi-129368.save
     Message from routine read_xml_file:
     file /users/majewski/paradichlorobenzene/pbe/9_constraint/scratch/pbe.ecut100.np8.dt60.pcl2phi-129368.save not guaranteed to be safe for post-processing

   Info: using nr1, nr2, nr3 values from input

   Info: using nr1, nr2, nr3 values from input

     IMPORTANT: XC functional enforced from input :
     Exchange-correlation      =  SLA  PW   PBX  PBC ( 1  4  3  4 0 0)
     Any further DFT definition will be discarded
     Please, verify this is what you really want

               file C.pbe-n-kjpaw_psl.1.0.0.UPF: wavefunction(s)  2S 2P renormalized
               file Cl.pbe-n-kjpaw_psl.1.0.0.UPF: wavefunction(s)  3S 3P renormalized
               file H.pbe-kjpaw_psl.1.0.0.UPF: wavefunction(s)  1S renormalized

     Parallelization info
     --------------------
     sticks:   dense  smooth     PW     G-vecs:    dense   smooth      PW
     Min        3057    1223    332               144436    36536    5170
     Max        3059    1225    333               144437    36537    5171
     Sum       24467    9791   2657              1155489   292295   41363


     Subspace diagonalization in iterative solution of the eigenvalue problem:
     a serial algorithm will be used

     GIPAW projectors -----------------------------------------------
     atom=  C    l=0  rc=    1.2000  rs=    0.8000
     atom=  C    l=0  rc=    1.2000  rs=    0.8000
     atom=  C    l=1  rc=    1.4000  rs=    0.9333
     atom=  C    l=1  rc=    1.4000  rs=    0.9333
     projs nearly linearly dependent: l=1  n1,n2= 1, 2  s=  0.99951561

     atom=  Cl   l=0  rc=    1.6000  rs=    1.0667
     atom=  Cl   l=0  rc=    1.6000  rs=    1.0667
     atom=  Cl   l=1  rc=    1.6000  rs=    1.0667
     atom=  Cl   l=1  rc=    1.6000  rs=    1.0667
     atom=  Cl   l=2  rc=    1.6000  rs=    1.0667
     atom=  Cl   l=2  rc=    1.6000  rs=    1.0667
     projs nearly linearly dependent: l=2  n1,n2= 1, 2  s=  0.99993509

     atom=  H    l=0  rc=    1.0000  rs=    0.6667
     atom=  H    l=0  rc=    1.0000  rs=    0.6667
     projs nearly linearly dependent: l=0  n1,n2= 1, 2  s=  0.99968852
     -----------------------------------------------------------------

     GIPAW integrals: -------------------------------------------
     Atom  i/j   nmr_para   nmr_dia   epr_rmc  epr_para   epr_dia
       C   1 1   0.83E+03  0.17E-01  0.93E+01  0.24E+08  0.24E+03
       C   2 1   0.86E+03 -0.61E-01  0.94E+01  0.25E+08  0.25E+03
       C   2 2   0.90E+03 -0.15E+00  0.97E+01  0.26E+08  0.26E+03
       C   3 3   0.33E+01  0.34E+00  0.18E+01  0.55E+03  0.21E+02
       C   4 3   0.35E+01  0.37E+00  0.20E+01  0.59E+03  0.22E+02
       C   4 4   0.38E+01  0.39E+00  0.22E+01  0.63E+03  0.24E+02
       Cl  1 1   0.14E+04 -0.47E+00  0.84E+01  0.32E+09  0.42E+03
       Cl  2 1   0.21E+04 -0.37E+00  0.12E+02  0.49E+09  0.65E+03
       Cl  2 2   0.33E+04 -0.16E+00  0.21E+02  0.76E+09  0.10E+04
       Cl  3 3   0.21E+02  0.79E-01  0.89E+01  0.23E+05  0.13E+03
       Cl  4 3   0.24E+02  0.67E-01  0.99E+01  0.27E+05  0.15E+03
       Cl  4 4   0.28E+02  0.44E-01  0.11E+02  0.32E+05  0.18E+03
       Cl  5 5   0.77E+00  0.19E+00  0.18E+01  0.12E+03  0.22E+02
       Cl  6 5   0.80E+00  0.19E+00  0.19E+01  0.12E+03  0.23E+02
       Cl  6 6   0.83E+00  0.20E+00  0.19E+01  0.12E+03  0.23E+02
       H   1 1   0.39E+02  0.19E+00  0.29E+00  0.78E+05  0.13E+02
       H   2 1   0.41E+02  0.21E+00  0.32E+00  0.82E+05  0.14E+02
       H   2 2   0.43E+02  0.22E+00  0.36E+00  0.86E+05  0.15E+02
     ------------------------------------------------------------

     alpha_pv=     33.7835 eV

     Number of occupied bands for each k-point:
     k-point:     1    nbnd_occ=  42
     k-point:     2    nbnd_occ=  42
     k-point:     3    nbnd_occ=  42
     k-point:     4    nbnd_occ=  42
     k-point:     5    nbnd_occ=  42
     k-point:     6    nbnd_occ=  42
     k-point:     7    nbnd_occ=  42
     k-point:     8    nbnd_occ=  42
     k-point:     9    nbnd_occ=  42
     k-point:    10    nbnd_occ=  42
     k-point:    11    nbnd_occ=  42
     k-point:    12    nbnd_occ=  42
     k-point:    13    nbnd_occ=  42
     k-point:    14    nbnd_occ=  42
     k-point:    15    nbnd_occ=  42
     k-point:    16    nbnd_occ=  42


     q-space interpolation up to   110.00 Rydberg

     GIPAW job: efg                                                                             


     ELECTRIC FIELD GRADIENTS TENSORS IN Hartree/bohrradius^2:

     ----- bare term -----
     Cl   1        0.033713        0.114582       -0.038648
     Cl   1        0.114582        0.060180       -0.024205
     Cl   1       -0.038648       -0.024205       -0.093893

     C    2       -0.054527        0.191769       -0.227311
     C    2        0.191769       -0.001645       -0.677628
     C    2       -0.227311       -0.677628        0.056172

     C    3       -0.120967        0.011620        0.030149
     C    3        0.011620       -0.051678       -0.034004
     C    3        0.030149       -0.034004        0.172645

     H    4       -0.340273       -0.439763        0.128047
     H    4       -0.439763        0.075612        0.132366
     H    4        0.128047        0.132366        0.264661

     C    5       -0.008678        0.111097       -0.001179
     C    5        0.111097       -0.220547       -0.129860
     C    5       -0.001179       -0.129860        0.229224

     H    6        0.241594       -0.410137        0.117563
     H    6       -0.410137       -0.564629        0.106350
     H    6        0.117563        0.106350        0.323035

     H    7        0.218695        0.135921       -0.068876
     H    7        0.135921       -0.447347        0.515594
     H    7       -0.068876        0.515594        0.228652

     C    8       -0.599764       -0.318518       -0.288149
     C    8       -0.318518        0.185137        0.252816
     C    8       -0.288149        0.252816        0.414627

     H    9       -0.253414       -0.096690       -0.593630
     H    9       -0.096690        0.235398       -0.076793
     H    9       -0.593630       -0.076793        0.018016

     C   10       -0.018034        0.185677       -0.284221
     C   10        0.185677       -0.072811        0.694705
     C   10       -0.284221        0.694705        0.090846

     C   11       -0.379803       -0.347050       -0.132170
     C   11       -0.347050       -0.024113        0.374238
     C   11       -0.132170        0.374238        0.403917

     Cl  12        0.024434        0.166882       -0.006244
     Cl  12        0.166882        0.074684        0.054730
     Cl  12       -0.006244        0.054730       -0.099118

     H   13        0.421236       -0.094771       -0.036777
     H   13       -0.094771       -0.575026       -0.465457
     H   13       -0.036777       -0.465457        0.153791

     C   14       -0.771243        0.360340       -0.415309
     C   14        0.360340        0.329928       -0.112585
     C   14       -0.415309       -0.112585        0.441314

     H   15       -0.533743        0.026595       -0.158512
     H   15        0.026595        0.292782       -0.376847
     H   15       -0.158512       -0.376847        0.240961

     C   16        0.002327        0.349373       -0.056991
     C   16        0.349373       -0.419434       -0.444817
     C   16       -0.056991       -0.444817        0.417107

     C   17       -0.405044        0.307140       -0.445104
     C   17        0.307140        0.245234       -0.220641
     C   17       -0.445104       -0.220641        0.159810

     Cl  18       -0.091786        0.109807        0.113491
     Cl  18        0.109807       -0.054612        0.128084
     Cl  18        0.113491        0.128084        0.146398

     H   19        0.324451       -0.221245        0.027435
     H   19       -0.221245       -0.616153        0.407641
     H   19        0.027435        0.407641        0.291702

     C   20       -0.118500        0.285792       -0.460599
     C   20        0.285792       -0.028073        0.495520
     C   20       -0.460599        0.495520        0.146572

     H   21       -0.206748        0.201101       -0.441119
     H   21        0.201101        0.106632        0.382889
     H   21       -0.441119        0.382889        0.100116

     C   22       -0.506524       -0.321084       -0.175551
     C   22       -0.321084        0.121602        0.276541
     C   22       -0.175551        0.276541        0.384922

     C   23        0.002639        0.388170       -0.437661
     C   23        0.388170       -0.034433        0.681067
     C   23       -0.437661        0.681067        0.031794

     Cl  24       -0.136541       -0.161138       -0.089873
     Cl  24       -0.161138       -0.018613       -0.052526
     Cl  24       -0.089873       -0.052526        0.155154

     ----- ionic term -----
     Cl   1        0.104683       -0.173058        0.009884
     Cl   1       -0.173058        0.049409       -0.011245
     Cl   1        0.009884       -0.011245       -0.154092

     C    2        0.233909       -0.021135        0.250922
     C    2       -0.021135        0.274950        0.305645
     C    2        0.250922        0.305645       -0.508859

     C    3        0.190736       -0.122991        0.115015
     C    3       -0.122991        0.335043        0.336512
     C    3        0.115015        0.336512       -0.525779

     H    4        0.767230        0.411324        0.479109
     H    4        0.411324       -0.351671        0.221400
     H    4        0.479109        0.221400       -0.415558

     C    5        0.345449       -0.094445        0.117868
     C    5       -0.094445        0.156652        0.282192
     C    5        0.117868        0.282192       -0.502100

     H    6       -0.488812        0.188152        0.059580
     H    6        0.188152        0.807416        0.565654
     H    6        0.059580        0.565654       -0.318605

     H    7       -0.500580       -0.161695        0.092333
     H    7       -0.161695        0.773568       -0.612387
     H    7        0.092333       -0.612387       -0.272988

     C    8        0.255054        0.089681        0.333359
     C    8        0.089681        0.085335       -0.287399
     C    8        0.333359       -0.287399       -0.340389

     H    9        0.480121       -0.307483        0.699870
     H    9       -0.307483       -0.410208       -0.277104
     H    9        0.699870       -0.277104       -0.069913

     C   10        0.075938        0.218614        0.214403
     C   10        0.218614        0.192760       -0.394934
     C   10        0.214403       -0.394934       -0.268698

     C   11        0.142871        0.226719        0.246616
     C   11        0.226719        0.135574       -0.410890
     C   11        0.246616       -0.410890       -0.278445

     Cl  12        0.153651        0.228359       -0.003451
     Cl  12        0.228359        0.007124       -0.002309
     Cl  12       -0.003451       -0.002309       -0.160775

     H   13       -0.516216        0.159474        0.079042
     H   13        0.159474        0.844090        0.564959
     H   13        0.079042        0.564959       -0.327874

     C   14        0.346883       -0.125962        0.199514
     C   14       -0.125962        0.135608        0.278931
     C   14        0.199514        0.278931       -0.482491

     H   15        0.799486        0.280819        0.545740
     H   15        0.280819       -0.424411        0.187043
     H   15        0.545740        0.187043       -0.375076

     C   16        0.219697       -0.204924        0.133530
     C   16       -0.204924        0.235936        0.359976
     C   16        0.133530        0.359976       -0.455632

     C   17        0.294952       -0.068900        0.115944
     C   17       -0.068900        0.180406        0.389107
     C   17        0.115944        0.389107       -0.475358

     Cl  18        0.161047       -0.209228       -0.032943
     Cl  18       -0.209228       -0.018022        0.028416
     Cl  18       -0.032943        0.028416       -0.143025

     H   19       -0.513938       -0.050840        0.036498
     H   19       -0.050840        0.691767       -0.677595
     H   19        0.036498       -0.677595       -0.177829

     C   20        0.253760        0.213021        0.238480
     C   20        0.213021        0.047389       -0.296709
     C   20        0.238480       -0.296709       -0.301149

     H   21        0.551325       -0.237361        0.734246
     H   21       -0.237361       -0.459240       -0.229512
     H   21        0.734246       -0.229512       -0.092085

     C   22        0.147969        0.225281        0.201285
     C   22        0.225281        0.156596       -0.398470
     C   22        0.201285       -0.398470       -0.304564

     C   23        0.167139        0.097244        0.328953
     C   23        0.097244        0.133418       -0.421222
     C   23        0.328953       -0.421222       -0.300557

     Cl  24        0.126479        0.191244        0.031241
     Cl  24        0.191244        0.020261        0.008184
     Cl  24        0.031241        0.008184       -0.146740

     ----- GIPAW term -----
     Cl   1        1.709457       -1.117341       -0.340176
     Cl   1       -1.117341        0.495708       -0.204359
     Cl   1       -0.340176       -0.204359       -2.205165

     C    2       -0.000791        0.064862       -0.077572
     C    2        0.064862        0.153279       -0.185558
     C    2       -0.077572       -0.185558       -0.152488

     C    3       -0.016063        0.012421       -0.020202
     C    3        0.012421        0.011228       -0.018032
     C    3       -0.020202       -0.018032        0.004835

     H    4       -0.000000        0.000000        0.000000
     H    4        0.000000        0.000000        0.000000
     H    4        0.000000        0.000000        0.000000

     C    5        0.011059        0.060746       -0.019048
     C    5        0.060746        0.009114       -0.057725
     C    5       -0.019048       -0.057725       -0.020174

     H    6       -0.000000        0.000000        0.000000
     H    6        0.000000        0.000000        0.000000
     H    6        0.000000        0.000000        0.000000

     H    7       -0.000000        0.000000        0.000000
     H    7        0.000000        0.000000        0.000000
     H    7        0.000000        0.000000        0.000000

     C    8       -0.123417        0.045253       -0.028137
     C    8        0.045253        0.146068        0.027875
     C    8       -0.028137        0.027875       -0.022651

     H    9       -0.000000        0.000000        0.000000
     H    9        0.000000        0.000000        0.000000
     H    9        0.000000        0.000000        0.000000

     C   10       -0.058796        0.200026       -0.011263
     C   10        0.200026        0.151145        0.180971
     C   10       -0.011263        0.180971       -0.092349

     C   11        0.005193        0.189341        0.048803
     C   11        0.189341        0.088995        0.111195
     C   11        0.048803        0.111195       -0.094188

     Cl  12        1.263249        3.417411        0.192922
     Cl  12        3.417411        0.930233        0.656541
     Cl  12        0.192922        0.656541       -2.193482

     H   13       -0.000000        0.000000        0.000000
     H   13        0.000000        0.000000        0.000000
     H   13        0.000000        0.000000        0.000000

     C   14       -0.195640        0.105420       -0.031101
     C   14        0.105420        0.173894        0.100842
     C   14       -0.031101        0.100842        0.021745

     H   15       -0.000000        0.000000        0.000000
     H   15        0.000000        0.000000        0.000000
     H   15        0.000000        0.000000        0.000000

     C   16       -0.081835        0.088521        0.046806
     C   16        0.088521        0.002064        0.109115
     C   16        0.046806        0.109115        0.079771

     C   17       -0.003439        0.126650       -0.029922
     C   17        0.126650        0.174099        0.037669
     C   17       -0.029922        0.037669       -0.170660

     Cl  18        0.446177       -1.101501        1.131296
     Cl  18       -1.101501       -0.439090        1.335742
     Cl  18        1.131296        1.335742       -0.007088

     H   19       -0.000000        0.000000        0.000000
     H   19        0.000000        0.000000        0.000000
     H   19        0.000000        0.000000        0.000000

     C   20        0.026805        0.231917       -0.102232
     C   20        0.231917        0.074505        0.056886
     C   20       -0.102232        0.056886       -0.101310

     H   21       -0.000000        0.000000        0.000000
     H   21        0.000000        0.000000        0.000000
     H   21        0.000000        0.000000        0.000000

     C   22       -0.126743        0.107174       -0.019424
     C   22        0.107174        0.195861        0.023034
     C   22       -0.019424        0.023034       -0.069117

     C   23        0.033631        0.287363       -0.061172
     C   23        0.287363        0.139173        0.089303
     C   23       -0.061172        0.089303       -0.172804

     Cl  24        0.917883        1.994228       -0.762845
     Cl  24        1.994228        0.063986       -0.506506
     Cl  24       -0.762845       -0.506506       -0.981869

     ----- total EFG -----
     Cl   1        1.847853       -1.175818       -0.368940
     Cl   1       -1.175818        0.605297       -0.239809
     Cl   1       -0.368940       -0.239809       -2.453150

     C    2        0.178591        0.235496       -0.053961
     C    2        0.235496        0.426584       -0.557540
     C    2       -0.053961       -0.557540       -0.605175

     C    3        0.053706       -0.098950        0.124962
     C    3       -0.098950        0.294592        0.284475
     C    3        0.124962        0.284475       -0.348299

     H    4        0.426957       -0.028439        0.607156
     H    4       -0.028439       -0.276059        0.353765
     H    4        0.607156        0.353765       -0.150898

     C    5        0.347830        0.077398        0.097640
     C    5        0.077398       -0.054781        0.094608
     C    5        0.097640        0.094608       -0.293049

     H    6       -0.247218       -0.221985        0.177143
     H    6       -0.221985        0.242788        0.672003
     H    6        0.177143        0.672003        0.004431

     H    7       -0.281885       -0.025774        0.023457
     H    7       -0.025774        0.326221       -0.096793
     H    7        0.023457       -0.096793       -0.044336

     C    8       -0.468127       -0.183584        0.017073
     C    8       -0.183584        0.416540       -0.006708
     C    8        0.017073       -0.006708        0.051587

     H    9        0.226707       -0.404173        0.106239
     H    9       -0.404173       -0.174811       -0.353897
     H    9        0.106239       -0.353897       -0.051897

     C   10       -0.000893        0.604318       -0.081081
     C   10        0.604318        0.271094        0.480742
     C   10       -0.081081        0.480742       -0.270201

     C   11       -0.231739        0.069010        0.163249
     C   11        0.069010        0.200455        0.074544
     C   11        0.163249        0.074544        0.031284

     Cl  12        1.441334        3.812652        0.183227
     Cl  12        3.812652        1.012041        0.708962
     Cl  12        0.183227        0.708962       -2.453376

     H   13       -0.094981        0.064703        0.042264
     H   13        0.064703        0.269064        0.099501
     H   13        0.042264        0.099501       -0.174083

     C   14       -0.620000        0.339798       -0.246897
     C   14        0.339798        0.639431        0.267188
     C   14       -0.246897        0.267188       -0.019431

     H   15        0.265743        0.307414        0.387229
     H   15        0.307414       -0.131629       -0.189804
     H   15        0.387229       -0.189804       -0.134114

     C   16        0.140188        0.232971        0.123344
     C   16        0.232971       -0.181434        0.024274
     C   16        0.123344        0.024274        0.041246

     C   17       -0.113531        0.364889       -0.359082
     C   17        0.364889        0.599739        0.206134
     C   17       -0.359082        0.206134       -0.486208

     Cl  18        0.515438       -1.200922        1.211844
     Cl  18       -1.200922       -0.511724        1.492242
     Cl  18        1.211844        1.492242       -0.003714

     H   19       -0.189487       -0.272085        0.063933
     H   19       -0.272085        0.075614       -0.269954
     H   19        0.063933       -0.269954        0.113873

     C   20        0.162066        0.730731       -0.324351
     C   20        0.730731        0.093821        0.255697
     C   20       -0.324351        0.255697       -0.255886

     H   21        0.344577       -0.036259        0.293127
     H   21       -0.036259       -0.352608        0.153377
     H   21        0.293127        0.153377        0.008031

     C   22       -0.485299        0.011371        0.006310
     C   22        0.011371        0.474058       -0.098895
     C   22        0.006310       -0.098895        0.011240

     C   23        0.203409        0.772776       -0.169880
     C   23        0.772776        0.238158        0.349148
     C   23       -0.169880        0.349148       -0.441567

     Cl  24        0.907821        2.024334       -0.821478
     Cl  24        2.024334        0.065634       -0.550848
     Cl  24       -0.821478       -0.550848       -0.973455

     ----- total EFG (symmetrized) -----
     Cl   1        1.847853       -1.175818       -0.368940
     Cl   1       -1.175818        0.605297       -0.239809
     Cl   1       -0.368940       -0.239809       -2.453150

     C    2        0.178591        0.235496       -0.053961
     C    2        0.235496        0.426584       -0.557540
     C    2       -0.053961       -0.557540       -0.605175

     C    3        0.053706       -0.098950        0.124962
     C    3       -0.098950        0.294592        0.284475
     C    3        0.124962        0.284475       -0.348299

     H    4        0.426957       -0.028439        0.607156
     H    4       -0.028439       -0.276059        0.353765
     H    4        0.607156        0.353765       -0.150898

     C    5        0.347830        0.077398        0.097640
     C    5        0.077398       -0.054781        0.094608
     C    5        0.097640        0.094608       -0.293049

     H    6       -0.247218       -0.221985        0.177143
     H    6       -0.221985        0.242788        0.672003
     H    6        0.177143        0.672003        0.004431

     H    7       -0.281885       -0.025774        0.023457
     H    7       -0.025774        0.326221       -0.096793
     H    7        0.023457       -0.096793       -0.044336

     C    8       -0.468127       -0.183584        0.017073
     C    8       -0.183584        0.416540       -0.006708
     C    8        0.017073       -0.006708        0.051587

     H    9        0.226707       -0.404173        0.106239
     H    9       -0.404173       -0.174811       -0.353897
     H    9        0.106239       -0.353897       -0.051897

     C   10       -0.000893        0.604318       -0.081081
     C   10        0.604318        0.271094        0.480742
     C   10       -0.081081        0.480742       -0.270201

     C   11       -0.231739        0.069010        0.163249
     C   11        0.069010        0.200455        0.074544
     C   11        0.163249        0.074544        0.031284

     Cl  12        1.441334        3.812652        0.183227
     Cl  12        3.812652        1.012041        0.708962
     Cl  12        0.183227        0.708962       -2.453376

     H   13       -0.094981        0.064703        0.042264
     H   13        0.064703        0.269064        0.099501
     H   13        0.042264        0.099501       -0.174083

     C   14       -0.620000        0.339798       -0.246897
     C   14        0.339798        0.639431        0.267188
     C   14       -0.246897        0.267188       -0.019431

     H   15        0.265743        0.307414        0.387229
     H   15        0.307414       -0.131629       -0.189804
     H   15        0.387229       -0.189804       -0.134114

     C   16        0.140188        0.232971        0.123344
     C   16        0.232971       -0.181434        0.024274
     C   16        0.123344        0.024274        0.041246

     C   17       -0.113531        0.364889       -0.359082
     C   17        0.364889        0.599739        0.206134
     C   17       -0.359082        0.206134       -0.486208

     Cl  18        0.515438       -1.200922        1.211844
     Cl  18       -1.200922       -0.511724        1.492242
     Cl  18        1.211844        1.492242       -0.003714

     H   19       -0.189487       -0.272085        0.063933
     H   19       -0.272085        0.075614       -0.269954
     H   19        0.063933       -0.269954        0.113873

     C   20        0.162066        0.730731       -0.324351
     C   20        0.730731        0.093821        0.255697
     C   20       -0.324351        0.255697       -0.255886

     H   21        0.344577       -0.036259        0.293127
     H   21       -0.036259       -0.352608        0.153377
     H   21        0.293127        0.153377        0.008031

     C   22       -0.485299        0.011371        0.006310
     C   22        0.011371        0.474058       -0.098895
     C   22        0.006310       -0.098895        0.011240

     C   23        0.203409        0.772776       -0.169880
     C   23        0.772776        0.238158        0.349148
     C   23       -0.169880        0.349148       -0.441567

     Cl  24        0.907821        2.024334       -0.821478
     Cl  24        2.024334        0.065634       -0.550848
     Cl  24       -0.821478       -0.550848       -0.973455


     NQR/NMR SPECTROSCOPIC PARAMETERS:
     Cl   1    Vxx=   -0.0388    axis=(  0.499190  0.851432 -0.160850)
     Cl   1    Vyy=   -2.5251    axis=(  0.115149  0.118802  0.986218)
     Cl   1    Vzz=    2.5639    axis=(  0.858807 -0.510832 -0.038737)
     Cl   1  Q=        -8.1650 1e-30 m^2  Cq=       -49.1869 MHz  eta= 0.96975

     C    2    Vxx=    0.0845    axis=(  0.925863 -0.325987  0.191079)
     C    2    Vyy=    0.7664    axis=(  0.375151  0.853483 -0.361702)
     C    2    Vzz=   -0.8509    axis=( -0.045173  0.406570  0.912502)
     C    2  Q=         1.0000 1e-30 m^2  Cq=        -1.9993 MHz  eta= 0.80130

     C    3    Vxx=    0.0887    axis=(  0.952848  0.042860  0.300405)
     C    3    Vyy=    0.4095    axis=( -0.145008  0.933938  0.326699)
     C    3    Vzz=   -0.4981    axis=( -0.266557 -0.354856  0.896116)
     C    3  Q=         1.0000 1e-30 m^2  Cq=        -1.1704 MHz  eta= 0.64405

     H    4    Vxx=   -0.0860    axis=(  0.429013 -0.809702 -0.400412)
     H    4    Vyy=   -0.7505    axis=(  0.388701  0.565620 -0.727314)
     H    4    Vzz=    0.8365    axis=(  0.815389  0.156387  0.557391)
     H    4  Q=         1.0000 1e-30 m^2  Cq=         1.9656 MHz  eta= 0.79428

     C    5    Vxx=   -0.0486    axis=(  0.246760 -0.932845 -0.262505)
     C    5    Vyy=   -0.3329    axis=(  0.102780  0.294547 -0.950094)
     C    5    Vzz=    0.3816    axis=(  0.963611  0.207465  0.168560)
     C    5  Q=         1.0000 1e-30 m^2  Cq=         0.8965 MHz  eta= 0.74510

     H    6    Vxx=   -0.0867    axis=(  0.860190 -0.284163  0.423468)
     H    6    Vyy=   -0.7226    axis=( -0.506864 -0.567954  0.648473)
     H    6    Vzz=    0.8093    axis=( -0.056239  0.772450  0.632581)
     H    6  Q=         1.0000 1e-30 m^2  Cq=         1.9015 MHz  eta= 0.78579

     H    7    Vxx=   -0.0668    axis=(  0.076331  0.243140  0.966983)
     H    7    Vyy=   -0.2846    axis=(  0.995910  0.028430 -0.085763)
     H    7    Vzz=    0.3515    axis=( -0.048344  0.969575 -0.239975)
     H    7  Q=         1.0000 1e-30 m^2  Cq=         0.8258 MHz  eta= 0.61975

     C    8    Vxx=    0.0518    axis=(  0.022355  0.029628  0.999311)
     C    8    Vyy=    0.4534    axis=(  0.195765 -0.980340  0.024686)
     C    8    Vzz=   -0.5051    axis=(  0.980396  0.195078 -0.027715)
     C    8  Q=         1.0000 1e-30 m^2  Cq=        -1.1869 MHz  eta= 0.79503

     H    9    Vxx=   -0.0426    axis=( -0.606844 -0.202333  0.768636)
     H    9    Vyy=   -0.5625    axis=(  0.346121  0.803275  0.484716)
     H    9    Vzz=    0.6051    axis=(  0.715500 -0.560189  0.417431)
     H    9  Q=         1.0000 1e-30 m^2  Cq=         1.4218 MHz  eta= 0.85915

     C   10    Vxx=   -0.0746    axis=(  0.673060 -0.178442 -0.717738)
     C   10    Vyy=   -0.7824    axis=(  0.515622 -0.582507  0.628347)
     C   10    Vzz=    0.8571    axis=( -0.530211 -0.792997 -0.300054)
     C   10  Q=         1.0000 1e-30 m^2  Cq=         2.0137 MHz  eta= 0.82581

     C   11    Vxx=    0.0485    axis=( -0.324968  0.531289 -0.782386)
     C   11    Vyy=    0.2632    axis=(  0.270055  0.844972  0.461620)
     C   11    Vzz=   -0.3117    axis=(  0.906347 -0.061276 -0.418066)
     C   11  Q=         1.0000 1e-30 m^2  Cq=        -0.7324 MHz  eta= 0.68900

     Cl  12    Vxx=   -2.1577    axis=( -0.504110  0.440159  0.743057)
     Cl  12    Vyy=   -2.9387    axis=( -0.474829  0.577414 -0.664176)
     Cl  12    Vzz=    5.0965    axis=(  0.721394  0.687643  0.082080)
     Cl  12  Q=        -8.1650 1e-30 m^2  Cq=       -97.7729 MHz  eta= 0.15325

     H   13    Vxx=   -0.1002    axis=(  0.945249 -0.228433  0.233071)
     H   13    Vyy=   -0.2033    axis=(  0.273033  0.162341 -0.948208)
     H   13    Vzz=    0.3035    axis=(  0.178765  0.959929  0.215822)
     H   13  Q=         1.0000 1e-30 m^2  Cq=         0.7131 MHz  eta= 0.33970

     C   14    Vxx=    0.0461    axis=( -0.415623 -0.164771  0.894488)
     C   14    Vyy=    0.7789    axis=( -0.184300 -0.947796 -0.260225)
     C   14    Vzz=   -0.8249    axis=(  0.890669 -0.273010  0.363558)
     C   14  Q=         1.0000 1e-30 m^2  Cq=        -1.9383 MHz  eta= 0.88830

     H   15    Vxx=    0.0534    axis=(  0.063826  0.764267 -0.641734)
     H   15    Vyy=    0.5489    axis=( -0.867021 -0.275954 -0.414878)
     H   15    Vzz=   -0.6023    axis=( -0.494166  0.582877  0.645022)
     H   15  Q=         1.0000 1e-30 m^2  Cq=        -1.4152 MHz  eta= 0.82262

     C   16    Vxx=   -0.0081    axis=( -0.306937 -0.285359  0.907943)
     C   16    Vyy=   -0.3077    axis=( -0.482366  0.869028  0.110061)
     C   16    Vzz=    0.3158    axis=( -0.820434 -0.404179 -0.404384)
     C   16  Q=         1.0000 1e-30 m^2  Cq=         0.7419 MHz  eta= 0.94882

     C   17    Vxx=    0.0473    axis=( -0.748220  0.267674  0.607056)
     C   17    Vyy=    0.7557    axis=( -0.370059 -0.927818 -0.047002)
     C   17    Vzz=   -0.8030    axis=(  0.550657 -0.259815  0.793268)
     C   17  Q=         1.0000 1e-30 m^2  Cq=        -1.8867 MHz  eta= 0.88227

     Cl  18    Vxx=    1.1823    axis=(  0.424502 -0.749028 -0.508680)
     Cl  18    Vyy=    1.4952    axis=( -0.773631 -0.008166 -0.633584)
     Cl  18    Vzz=   -2.6775    axis=( -0.470418 -0.662488  0.582938)
     Cl  18  Q=        -8.1650 1e-30 m^2  Cq=        51.3670 MHz  eta= 0.11687

     H   19    Vxx=   -0.0743    axis=( -0.525579  0.399121  0.751312)
     H   19    Vyy=   -0.3802    axis=(  0.772357  0.594123  0.224684)
     H   19    Vzz=    0.4544    axis=( -0.356695  0.698370 -0.620522)
     H   19  Q=         1.0000 1e-30 m^2  Cq=         1.0678 MHz  eta= 0.67319

     C   20    Vxx=    0.0118    axis=( -0.340237  0.439052  0.831548)
     C   20    Vyy=    0.8628    axis=( -0.733224 -0.677532  0.057726)
     C   20    Vzz=   -0.8747    axis=(  0.588746 -0.590070  0.552445)
     C   20  Q=         1.0000 1e-30 m^2  Cq=        -2.0551 MHz  eta= 0.97295

     H   21    Vxx=   -0.0794    axis=(  0.471323 -0.478470 -0.740892)
     H   21    Vyy=   -0.4374    axis=(  0.204131  0.876422 -0.436136)
     H   21    Vzz=    0.5168    axis=( -0.858012 -0.054322 -0.510749)
     H   21  Q=         1.0000 1e-30 m^2  Cq=         1.2142 MHz  eta= 0.69274

     C   22    Vxx=   -0.0089    axis=(  0.017752  0.200191  0.979596)
     C   22    Vyy=   -0.4855    axis=( -0.999792  0.013432  0.015373)
     C   22    Vzz=    0.4944    axis=( -0.010080 -0.979665  0.200387)
     C   22  Q=         1.0000 1e-30 m^2  Cq=         1.1617 MHz  eta= 0.96418

     C   23    Vxx=   -0.1358    axis=(  0.530593 -0.397478 -0.748654)
     C   23    Vyy=   -0.8705    axis=( -0.506439  0.559593 -0.656030)
     C   23    Vzz=    1.0063    axis=( -0.679699 -0.727232 -0.095618)
     C   23  Q=         1.0000 1e-30 m^2  Cq=         2.3645 MHz  eta= 0.73011

     Cl  24    Vxx=   -1.2089    axis=(  0.045776  0.334158  0.941405)
     Cl  24    Vyy=   -1.6019    axis=(  0.655245 -0.721381  0.224197)
     Cl  24    Vzz=    2.8108    axis=(  0.754029  0.606588 -0.251977)
     Cl  24  Q=        -8.1650 1e-30 m^2  Cq=       -53.9245 MHz  eta= 0.13981

     Initialization:
     gipaw_setup  :      9.50s CPU     11.72s WALL (       1 calls)

     Linear response

     Apply operators

     Induced current

     Other routines
     efg          :      9.36s CPU     11.60s WALL (       1 calls)

     General routines
     calbec       :      3.19s CPU      4.10s WALL (      16 calls)
     fft          :      1.54s CPU      2.16s WALL (      15 calls)
     ffts         :      0.02s CPU      0.04s WALL (       2 calls)
     fftw         :      3.28s CPU      4.01s WALL (     672 calls)
     davcio       :      0.03s CPU      0.33s WALL (      32 calls)

     Parallel routines
     fft_scatter  :      2.23s CPU      3.45s WALL (     689 calls)

     Plugins

     GIPAW        :     62.30s CPU     72.04s WALL (       1 calls)
