
     Program QE v.6.0 (svn rev. 13079) starts on 23Dec2016 at 14: 5:38 

     This program is part of the open-source Quantum ESPRESSO suite
     for quantum simulation of materials; please cite
         "P. Giannozzi et al., J. Phys.:Condens. Matter 21 395502 (2009);
          URL http://www.quantum-espresso.org", 
     in publications or presentations arising from this work. More details at
     http://www.quantum-espresso.org/quote

     Parallel version (MPI), running on     8 processors
     R & G space division:  proc/nbgrp/npool/nimage =       8

     ***** This is GIPAW svn revision unknown      *****

     Parallelizing q-star over 1 images

     Reading data from directory:
     /users/majewski/paradichlorobenzene/pbe/9_constraint/scratch/pbe.ecut100.np8.dt60.pcl2phi-129368.save
     Message from routine read_xml_file:
     file /users/majewski/paradichlorobenzene/pbe/9_constraint/scratch/pbe.ecut100.np8.dt60.pcl2phi-129368.save not guaranteed to be safe for post-processing

   Info: using nr1, nr2, nr3 values from input

   Info: using nr1, nr2, nr3 values from input

     IMPORTANT: XC functional enforced from input :
     Exchange-correlation      =  SLA  PW   PBX  PBC ( 1  4  3  4 0 0)
     Any further DFT definition will be discarded
     Please, verify this is what you really want

               file C.pbe-n-kjpaw_psl.1.0.0.UPF: wavefunction(s)  2S 2P renormalized
               file Cl.pbe-n-kjpaw_psl.1.0.0.UPF: wavefunction(s)  3S 3P renormalized
               file H.pbe-kjpaw_psl.1.0.0.UPF: wavefunction(s)  1S renormalized

     Parallelization info
     --------------------
     sticks:   dense  smooth     PW     G-vecs:    dense   smooth      PW
     Min        3057    1223    332               144436    36536    5170
     Max        3059    1225    333               144437    36537    5171
     Sum       24467    9791   2657              1155489   292295   41363


     Subspace diagonalization in iterative solution of the eigenvalue problem:
     a serial algorithm will be used

     GIPAW projectors -----------------------------------------------
     atom=  C    l=0  rc=    1.2000  rs=    0.8000
     atom=  C    l=0  rc=    1.2000  rs=    0.8000
     atom=  C    l=1  rc=    1.4000  rs=    0.9333
     atom=  C    l=1  rc=    1.4000  rs=    0.9333
     projs nearly linearly dependent: l=1  n1,n2= 1, 2  s=  0.99951561

     atom=  Cl   l=0  rc=    1.6000  rs=    1.0667
     atom=  Cl   l=0  rc=    1.6000  rs=    1.0667
     atom=  Cl   l=1  rc=    1.6000  rs=    1.0667
     atom=  Cl   l=1  rc=    1.6000  rs=    1.0667
     atom=  Cl   l=2  rc=    1.6000  rs=    1.0667
     atom=  Cl   l=2  rc=    1.6000  rs=    1.0667
     projs nearly linearly dependent: l=2  n1,n2= 1, 2  s=  0.99993509

     atom=  H    l=0  rc=    1.0000  rs=    0.6667
     atom=  H    l=0  rc=    1.0000  rs=    0.6667
     projs nearly linearly dependent: l=0  n1,n2= 1, 2  s=  0.99968852
     -----------------------------------------------------------------

     GIPAW integrals: -------------------------------------------
     Atom  i/j   nmr_para   nmr_dia   epr_rmc  epr_para   epr_dia
       C   1 1   0.83E+03  0.17E-01  0.93E+01  0.24E+08  0.24E+03
       C   2 1   0.86E+03 -0.61E-01  0.94E+01  0.25E+08  0.25E+03
       C   2 2   0.90E+03 -0.15E+00  0.97E+01  0.26E+08  0.26E+03
       C   3 3   0.33E+01  0.34E+00  0.18E+01  0.55E+03  0.21E+02
       C   4 3   0.35E+01  0.37E+00  0.20E+01  0.59E+03  0.22E+02
       C   4 4   0.38E+01  0.39E+00  0.22E+01  0.63E+03  0.24E+02
       Cl  1 1   0.14E+04 -0.47E+00  0.84E+01  0.32E+09  0.42E+03
       Cl  2 1   0.21E+04 -0.37E+00  0.12E+02  0.49E+09  0.65E+03
       Cl  2 2   0.33E+04 -0.16E+00  0.21E+02  0.76E+09  0.10E+04
       Cl  3 3   0.21E+02  0.79E-01  0.89E+01  0.23E+05  0.13E+03
       Cl  4 3   0.24E+02  0.67E-01  0.99E+01  0.27E+05  0.15E+03
       Cl  4 4   0.28E+02  0.44E-01  0.11E+02  0.32E+05  0.18E+03
       Cl  5 5   0.77E+00  0.19E+00  0.18E+01  0.12E+03  0.22E+02
       Cl  6 5   0.80E+00  0.19E+00  0.19E+01  0.12E+03  0.23E+02
       Cl  6 6   0.83E+00  0.20E+00  0.19E+01  0.12E+03  0.23E+02
       H   1 1   0.39E+02  0.19E+00  0.29E+00  0.78E+05  0.13E+02
       H   2 1   0.41E+02  0.21E+00  0.32E+00  0.82E+05  0.14E+02
       H   2 2   0.43E+02  0.22E+00  0.36E+00  0.86E+05  0.15E+02
     ------------------------------------------------------------

     alpha_pv=     34.3797 eV

     Number of occupied bands for each k-point:
     k-point:     1    nbnd_occ=  42
     k-point:     2    nbnd_occ=  42
     k-point:     3    nbnd_occ=  42
     k-point:     4    nbnd_occ=  42
     k-point:     5    nbnd_occ=  42
     k-point:     6    nbnd_occ=  42
     k-point:     7    nbnd_occ=  42
     k-point:     8    nbnd_occ=  42
     k-point:     9    nbnd_occ=  42
     k-point:    10    nbnd_occ=  42
     k-point:    11    nbnd_occ=  42
     k-point:    12    nbnd_occ=  42
     k-point:    13    nbnd_occ=  42
     k-point:    14    nbnd_occ=  42
     k-point:    15    nbnd_occ=  42
     k-point:    16    nbnd_occ=  42


     q-space interpolation up to   110.00 Rydberg

     GIPAW job: efg                                                                             


     ELECTRIC FIELD GRADIENTS TENSORS IN Hartree/bohrradius^2:

     ----- bare term -----
     Cl   1        0.291351        0.039472        0.211284
     Cl   1        0.039472        0.173531        0.510547
     Cl   1        0.211284        0.510547       -0.464881

     C    2       -0.530748       -0.035700       -0.221151
     C    2       -0.035700       -0.003712       -0.327827
     C    2       -0.221151       -0.327827        0.534461

     C    3       -0.055897        0.370937       -0.032585
     C    3        0.370937       -0.520414       -0.470748
     C    3       -0.032585       -0.470748        0.576311

     H    4       -0.488055       -0.320786       -0.285258
     H    4       -0.320786        0.335948       -0.126884
     H    4       -0.285258       -0.126884        0.152107

     C    5       -0.712441        0.401353       -0.409517
     C    5        0.401353        0.416708       -0.237763
     C    5       -0.409517       -0.237763        0.295733

     H    6        0.278562       -0.058844        0.094030
     H    6       -0.058844       -0.337444       -0.542526
     H    6        0.094030       -0.542526        0.058882

     H    7        0.387854        0.255812        0.052774
     H    7        0.255812       -0.625816        0.166551
     H    7        0.052774        0.166551        0.237962

     C    8       -0.486989       -0.129713       -0.350153
     C    8       -0.129713       -0.085057        0.358454
     C    8       -0.350153        0.358454        0.572046

     H    9       -0.357532        0.110184       -0.550138
     H    9        0.110184        0.194052        0.132511
     H    9       -0.550138        0.132511        0.163480

     C   10       -0.055062       -0.391107       -0.038655
     C   10       -0.391107       -0.493488        0.480308
     C   10       -0.038655        0.480308        0.548550

     C   11       -0.409442        0.057483       -0.298875
     C   11        0.057483       -0.053713        0.422038
     C   11       -0.298875        0.422038        0.463155

     Cl  12        0.015727       -0.267881       -0.094187
     Cl  12       -0.267881       -0.020342        0.062494
     Cl  12       -0.094187        0.062494        0.004615

     H   13        0.401913       -0.111846       -0.279585
     H   13       -0.111846       -0.022069       -0.497770
     H   13       -0.279585       -0.497770       -0.379844

     C   14       -0.155992        0.328848       -0.082440
     C   14        0.328848       -0.373151       -0.335836
     C   14       -0.082440       -0.335836        0.529142

     H   15       -0.406103       -0.532216       -0.314786
     H   15       -0.532216        0.071357       -0.170512
     H   15       -0.314786       -0.170512        0.334746

     C   16       -0.413623        0.390658       -0.357653
     C   16        0.390658        0.184611       -0.242380
     C   16       -0.357653       -0.242380        0.229012

     C   17       -0.013905        0.181590       -0.194175
     C   17        0.181590        0.013086       -0.656339
     C   17       -0.194175       -0.656339        0.000819

     Cl  18        0.016888        0.146856       -0.098342
     Cl  18        0.146856        0.062396       -0.092362
     Cl  18       -0.098342       -0.092362       -0.079284

     H   19        0.374494        0.120493       -0.111974
     H   19        0.120493       -0.372432        0.559313
     H   19       -0.111974        0.559313       -0.002062

     C   20       -0.278480       -0.323874       -0.095209
     C   20       -0.323874       -0.293109        0.430009
     C   20       -0.095209        0.430009        0.571589

     H   21       -0.118613        0.100569       -0.584932
     H   21        0.100569        0.424222        0.061547
     H   21       -0.584932        0.061547       -0.305608

     C   22       -0.307926       -0.150046       -0.239595
     C   22       -0.150046       -0.117522        0.427585
     C   22       -0.239595        0.427585        0.425449

     C   23       -0.031706       -0.104701       -0.262151
     C   23       -0.104701       -0.279258        0.289563
     C   23       -0.262151        0.289563        0.310964

     Cl  24       -0.103891        0.000462       -0.036862
     Cl  24        0.000462       -0.087794        0.044912
     Cl  24       -0.036862        0.044912        0.191686

     ----- ionic term -----
     Cl   1        0.206689       -0.183322       -0.062305
     Cl   1       -0.183322       -0.093516        0.026289
     Cl   1       -0.062305        0.026289       -0.113173

     C    2        0.347897       -0.086326        0.075484
     C    2       -0.086326       -0.108563        0.476062
     C    2        0.075484        0.476062       -0.239334

     C    3        0.259828       -0.227059        0.038179
     C    3       -0.227059       -0.023954        0.468552
     C    3        0.038179        0.468552       -0.235873

     H    4        0.653036        0.408212        0.577471
     H    4        0.408212       -0.413230        0.278039
     H    4        0.577471        0.278039       -0.239805

     C    5        0.371544       -0.210165        0.133793
     C    5       -0.210165       -0.047410        0.353099
     C    5        0.133793        0.353099       -0.324134

     H    6       -0.519827       -0.029492        0.002001
     H    6       -0.029492        0.706917        0.706194
     H    6        0.002001        0.706194       -0.187090

     H    7       -0.516588       -0.144402        0.075343
     H    7       -0.144402        0.605138       -0.703410
     H    7        0.075343       -0.703410       -0.088550

     C    8        0.145111        0.168425        0.341151
     C    8        0.168425        0.124606       -0.275826
     C    8        0.341151       -0.275826       -0.269717

     H    9        0.479168       -0.155387        0.768868
     H    9       -0.155387       -0.452900       -0.183310
     H    9        0.768868       -0.183310       -0.026268

     C   10        0.005488        0.267078        0.267757
     C   10        0.267078        0.263464       -0.374566
     C   10        0.267757       -0.374566       -0.268951

     C   11        0.113676        0.193860        0.367832
     C   11        0.193860        0.179806       -0.379885
     C   11        0.367832       -0.379885       -0.293482

     Cl  12        0.109071        0.228805        0.058261
     Cl  12        0.228805        0.057495        0.035988
     Cl  12        0.058261        0.035988       -0.166566

     H   13       -0.492550        0.143854        0.097583
     H   13        0.143854        0.445109        0.792456
     H   13        0.097583        0.792456        0.047441

     C   14        0.389831       -0.047722        0.136055
     C   14       -0.047722       -0.088187        0.374857
     C   14        0.136055        0.374857       -0.301644

     H   15        0.588403        0.331051        0.673228
     H   15        0.331051       -0.467825        0.259903
     H   15        0.673228        0.259903       -0.120578

     C   16        0.216622       -0.127401        0.118651
     C   16       -0.127401        0.052671        0.447089
     C   16        0.118651        0.447089       -0.269293

     C   17        0.193043       -0.080282        0.255284
     C   17       -0.080282        0.067172        0.427438
     C   17        0.255284        0.427438       -0.260215

     Cl  18        0.097342       -0.180302       -0.002640
     Cl  18       -0.180302        0.024660        0.001936
     Cl  18       -0.002640        0.001936       -0.122001

     H   19       -0.511464       -0.103599        0.075330
     H   19       -0.103599        0.806600       -0.589022
     H   19        0.075330       -0.589022       -0.295136

     C   20        0.242398        0.204530        0.339910
     C   20        0.204530        0.122155       -0.249566
     C   20        0.339910       -0.249566       -0.364554

     H   21        0.620871       -0.355900        0.625686
     H   21       -0.355900       -0.377565       -0.253946
     H   21        0.625686       -0.253946       -0.243306

     C   22        0.117506        0.207239        0.236115
     C   22        0.207239        0.271360       -0.345062
     C   22        0.236115       -0.345062       -0.388866

     C   23        0.145782        0.119573        0.326414
     C   23        0.119573        0.145790       -0.377665
     C   23        0.326414       -0.377665       -0.291572

     Cl  24        0.140447        0.197051        0.007726
     Cl  24        0.197051       -0.014106       -0.001101
     Cl  24        0.007726       -0.001101       -0.126341

     ----- GIPAW term -----
     Cl   1        0.348842       -0.226901       -0.200945
     Cl   1       -0.226901       -0.117361        0.232281
     Cl   1       -0.200945        0.232281       -0.231481

     C    2       -0.148779       -0.080485        0.000279
     C    2       -0.080485       -0.117582       -0.048444
     C    2        0.000279       -0.048444        0.266361

     C    3       -0.068824        0.071471        0.062071
     C    3        0.071471       -0.142024        0.016912
     C    3        0.062071        0.016912        0.210848

     H    4       -0.000000        0.000000        0.000000
     H    4        0.000000        0.000000        0.000000
     H    4        0.000000        0.000000        0.000000

     C    5       -0.181966        0.152185       -0.064669
     C    5        0.152185        0.251690       -0.054064
     C    5       -0.064669       -0.054064       -0.069724

     H    6       -0.000000        0.000000        0.000000
     H    6        0.000000        0.000000        0.000000
     H    6        0.000000        0.000000        0.000000

     H    7       -0.000000        0.000000        0.000000
     H    7        0.000000        0.000000        0.000000
     H    7        0.000000        0.000000        0.000000

     C    8       -0.161773       -0.030857       -0.084449
     C    8       -0.030857       -0.077879        0.171754
     C    8       -0.084449        0.171754        0.239652

     H    9       -0.000000        0.000000        0.000000
     H    9        0.000000        0.000000        0.000000
     H    9        0.000000        0.000000        0.000000

     C   10       -0.053127       -0.080095        0.062211
     C   10       -0.080095       -0.124965       -0.006780
     C   10        0.062211       -0.006780        0.178093

     C   11       -0.063276        0.128057        0.027184
     C   11        0.128057       -0.084513        0.043515
     C   11        0.027184        0.043515        0.147789

     Cl  12        1.853823        0.075394       -0.874894
     Cl  12        0.075394        0.025309        0.618939
     Cl  12       -0.874894        0.618939       -1.879131

     H   13       -0.000000        0.000000        0.000000
     H   13        0.000000        0.000000        0.000000
     H   13        0.000000        0.000000        0.000000

     C   14       -0.065199        0.086843        0.071080
     C   14        0.086843       -0.146530        0.040019
     C   14        0.071080        0.040019        0.211729

     H   15       -0.000000        0.000000        0.000000
     H   15        0.000000        0.000000        0.000000
     H   15        0.000000        0.000000        0.000000

     C   16       -0.055881        0.227999       -0.087546
     C   16        0.227999        0.162155       -0.026744
     C   16       -0.087546       -0.026744       -0.106274

     C   17       -0.009873        0.065611       -0.042470
     C   17        0.065611        0.206949       -0.129746
     C   17       -0.042470       -0.129746       -0.197076

     Cl  18        1.601017       -0.468139       -1.032681
     Cl  18       -0.468139        0.467347       -0.892051
     Cl  18       -1.032681       -0.892051       -2.068365

     H   19       -0.000000        0.000000        0.000000
     H   19        0.000000        0.000000        0.000000
     H   19        0.000000        0.000000        0.000000

     C   20       -0.099445       -0.041540        0.054962
     C   20       -0.041540       -0.169463        0.122133
     C   20        0.054962        0.122133        0.268907

     H   21       -0.000000        0.000000        0.000000
     H   21        0.000000        0.000000        0.000000
     H   21        0.000000        0.000000        0.000000

     C   22       -0.181069        0.001484       -0.048996
     C   22        0.001484       -0.068369        0.167493
     C   22       -0.048996        0.167493        0.249439

     C   23       -0.047110        0.019699       -0.077595
     C   23        0.019699       -0.085476        0.094495
     C   23       -0.077595        0.094495        0.132585

     Cl  24       -0.486313        1.830226        0.126865
     Cl  24        1.830226       -1.158909        1.086533
     Cl  24        0.126865        1.086533        1.645222

     ----- total EFG -----
     Cl   1        0.846882       -0.370751       -0.051966
     Cl   1       -0.370751       -0.037347        0.769117
     Cl   1       -0.051966        0.769117       -0.809536

     C    2       -0.331630       -0.202510       -0.145388
     C    2       -0.202510       -0.229857        0.099791
     C    2       -0.145388        0.099791        0.561487

     C    3        0.135106        0.215350        0.067665
     C    3        0.215350       -0.686392        0.014715
     C    3        0.067665        0.014715        0.551286

     H    4        0.164981        0.087426        0.292213
     H    4        0.087426       -0.077282        0.151156
     H    4        0.292213        0.151156       -0.087698

     C    5       -0.522864        0.343372       -0.340393
     C    5        0.343372        0.620989        0.061272
     C    5       -0.340393        0.061272       -0.098125

     H    6       -0.241266       -0.088336        0.096031
     H    6       -0.088336        0.369473        0.163667
     H    6        0.096031        0.163667       -0.128208

     H    7       -0.128733        0.111410        0.128117
     H    7        0.111410       -0.020679       -0.536859
     H    7        0.128117       -0.536859        0.149412

     C    8       -0.503651        0.007855       -0.093450
     C    8        0.007855       -0.038330        0.254383
     C    8       -0.093450        0.254383        0.541981

     H    9        0.121636       -0.045203        0.218731
     H    9       -0.045203       -0.258848       -0.050798
     H    9        0.218731       -0.050798        0.137213

     C   10       -0.102701       -0.204125        0.291312
     C   10       -0.204125       -0.354990        0.098961
     C   10        0.291312        0.098961        0.457691

     C   11       -0.359041        0.379400        0.096140
     C   11        0.379400        0.041580        0.085668
     C   11        0.096140        0.085668        0.317462

     Cl  12        1.978621        0.036318       -0.910820
     Cl  12        0.036318        0.062461        0.717421
     Cl  12       -0.910820        0.717421       -2.041082

     H   13       -0.090637        0.032009       -0.182001
     H   13        0.032009        0.423040        0.294686
     H   13       -0.182001        0.294686       -0.332403

     C   14        0.168640        0.367969        0.124695
     C   14        0.367969       -0.607868        0.079040
     C   14        0.124695        0.079040        0.439228

     H   15        0.182300       -0.201165        0.358442
     H   15       -0.201165       -0.396468        0.089392
     H   15        0.358442        0.089392        0.214168

     C   16       -0.252882        0.491256       -0.326549
     C   16        0.491256        0.399437        0.177965
     C   16       -0.326549        0.177965       -0.146555

     C   17        0.169264        0.166920        0.018639
     C   17        0.166920        0.287207       -0.358646
     C   17        0.018639       -0.358646       -0.456472

     Cl  18        1.715247       -0.501585       -1.133662
     Cl  18       -0.501585        0.554403       -0.982478
     Cl  18       -1.133662       -0.982478       -2.269650

     H   19       -0.136969        0.016895       -0.036643
     H   19        0.016895        0.434168       -0.029709
     H   19       -0.036643       -0.029709       -0.297198

     C   20       -0.135526       -0.160883        0.299664
     C   20       -0.160883       -0.340416        0.302575
     C   20        0.299664        0.302575        0.475942

     H   21        0.502258       -0.255331        0.040754
     H   21       -0.255331        0.046657       -0.192399
     H   21        0.040754       -0.192399       -0.548915

     C   22       -0.371489        0.058677       -0.052477
     C   22        0.058677        0.085468        0.250016
     C   22       -0.052477        0.250016        0.286022

     C   23        0.066967        0.034572       -0.013332
     C   23        0.034572       -0.218944        0.006393
     C   23       -0.013332        0.006393        0.151977

     Cl  24       -0.449757        2.027739        0.097729
     Cl  24        2.027739       -1.260809        1.130344
     Cl  24        0.097729        1.130344        1.710566

     ----- total EFG (symmetrized) -----
     Cl   1        0.846882       -0.370751       -0.051966
     Cl   1       -0.370751       -0.037347        0.769117
     Cl   1       -0.051966        0.769117       -0.809536

     C    2       -0.331630       -0.202510       -0.145388
     C    2       -0.202510       -0.229857        0.099791
     C    2       -0.145388        0.099791        0.561487

     C    3        0.135106        0.215350        0.067665
     C    3        0.215350       -0.686392        0.014715
     C    3        0.067665        0.014715        0.551286

     H    4        0.164981        0.087426        0.292213
     H    4        0.087426       -0.077282        0.151156
     H    4        0.292213        0.151156       -0.087698

     C    5       -0.522864        0.343372       -0.340393
     C    5        0.343372        0.620989        0.061272
     C    5       -0.340393        0.061272       -0.098125

     H    6       -0.241266       -0.088336        0.096031
     H    6       -0.088336        0.369473        0.163667
     H    6        0.096031        0.163667       -0.128208

     H    7       -0.128733        0.111410        0.128117
     H    7        0.111410       -0.020679       -0.536859
     H    7        0.128117       -0.536859        0.149412

     C    8       -0.503651        0.007855       -0.093450
     C    8        0.007855       -0.038330        0.254383
     C    8       -0.093450        0.254383        0.541981

     H    9        0.121636       -0.045203        0.218731
     H    9       -0.045203       -0.258848       -0.050798
     H    9        0.218731       -0.050798        0.137213

     C   10       -0.102701       -0.204125        0.291312
     C   10       -0.204125       -0.354990        0.098961
     C   10        0.291312        0.098961        0.457691

     C   11       -0.359041        0.379400        0.096140
     C   11        0.379400        0.041580        0.085668
     C   11        0.096140        0.085668        0.317462

     Cl  12        1.978621        0.036318       -0.910820
     Cl  12        0.036318        0.062461        0.717421
     Cl  12       -0.910820        0.717421       -2.041082

     H   13       -0.090637        0.032009       -0.182001
     H   13        0.032009        0.423040        0.294686
     H   13       -0.182001        0.294686       -0.332403

     C   14        0.168640        0.367969        0.124695
     C   14        0.367969       -0.607868        0.079040
     C   14        0.124695        0.079040        0.439228

     H   15        0.182300       -0.201165        0.358442
     H   15       -0.201165       -0.396468        0.089392
     H   15        0.358442        0.089392        0.214168

     C   16       -0.252882        0.491256       -0.326549
     C   16        0.491256        0.399437        0.177965
     C   16       -0.326549        0.177965       -0.146555

     C   17        0.169264        0.166920        0.018639
     C   17        0.166920        0.287207       -0.358646
     C   17        0.018639       -0.358646       -0.456472

     Cl  18        1.715247       -0.501585       -1.133662
     Cl  18       -0.501585        0.554403       -0.982478
     Cl  18       -1.133662       -0.982478       -2.269650

     H   19       -0.136969        0.016895       -0.036643
     H   19        0.016895        0.434168       -0.029709
     H   19       -0.036643       -0.029709       -0.297198

     C   20       -0.135526       -0.160883        0.299664
     C   20       -0.160883       -0.340416        0.302575
     C   20        0.299664        0.302575        0.475942

     H   21        0.502258       -0.255331        0.040754
     H   21       -0.255331        0.046657       -0.192399
     H   21        0.040754       -0.192399       -0.548915

     C   22       -0.371489        0.058677       -0.052477
     C   22        0.058677        0.085468        0.250016
     C   22       -0.052477        0.250016        0.286022

     C   23        0.066967        0.034572       -0.013332
     C   23        0.034572       -0.218944        0.006393
     C   23       -0.013332        0.006393        0.151977

     Cl  24       -0.449757        2.027739        0.097729
     Cl  24        2.027739       -1.260809        1.130344
     Cl  24        0.097729        1.130344        1.710566


     NQR/NMR SPECTROSCOPIC PARAMETERS:
     Cl   1    Vxx=    0.2462    axis=(  0.486051  0.717575  0.498840)
     Cl   1    Vyy=    1.0487    axis=(  0.870932 -0.444968 -0.208521)
     Cl   1    Vzz=   -1.2949    axis=( -0.072338 -0.535808  0.841236)
     Cl   1  Q=        -8.1650 1e-30 m^2  Cq=        24.8428 MHz  eta= 0.61976

     C    2    Vxx=   -0.1133    axis=( -0.570046  0.786067 -0.239052)
     C    2    Vyy=   -0.4924    axis=(  0.800498  0.596906  0.053911)
     C    2    Vzz=    0.6058    axis=( -0.185069  0.160630  0.969509)
     C    2  Q=         1.0000 1e-30 m^2  Cq=         1.4233 MHz  eta= 0.62578

     C    3    Vxx=    0.1754    axis=(  0.954848  0.235514 -0.181101)
     C    3    Vyy=    0.5640    axis=(  0.176190  0.041917  0.983463)
     C    3    Vzz=   -0.7394    axis=( -0.239211  0.970967  0.001471)
     C    3  Q=         1.0000 1e-30 m^2  Cq=        -1.7374 MHz  eta= 0.52561

     H    4    Vxx=   -0.0973    axis=( -0.458170  0.876280  0.149043)
     H    4    Vyy=   -0.3108    axis=( -0.436595 -0.367916  0.820989)
     H    4    Vzz=    0.4081    axis=( -0.774251 -0.311081 -0.551148)
     H    4  Q=         1.0000 1e-30 m^2  Cq=         0.9589 MHz  eta= 0.52325

     C    5    Vxx=    0.0721    axis=( -0.418044  0.161747  0.893911)
     C    5    Vyy=    0.7175    axis=( -0.277676 -0.959676  0.043789)
     C    5    Vzz=   -0.7897    axis=(  0.864948 -0.229912  0.446100)
     C    5  Q=         1.0000 1e-30 m^2  Cq=        -1.8555 MHz  eta= 0.81727

     H    6    Vxx=   -0.0899    axis=(  0.595488 -0.165560  0.786120)
     H    6    Vyy=   -0.3336    axis=( -0.798468 -0.229848  0.556435)
     H    6    Vzz=    0.4235    axis=( -0.088564  0.959041  0.269066)
     H    6  Q=         1.0000 1e-30 m^2  Cq=         0.9952 MHz  eta= 0.57533

     H    7    Vxx=   -0.0621    axis=(  0.927091  0.306335  0.216010)
     H    7    Vyy=   -0.5467    axis=( -0.373178  0.700194  0.608660)
     H    7    Vzz=    0.6088    axis=(  0.035205 -0.644893  0.763461)
     H    7  Q=         1.0000 1e-30 m^2  Cq=         1.4304 MHz  eta= 0.79609

     C    8    Vxx=   -0.1298    axis=(  0.104494  0.934807 -0.339437)
     C    8    Vyy=   -0.5141    axis=(  0.991788 -0.072644  0.105255)
     C    8    Vzz=    0.6440    axis=( -0.073735  0.347648  0.934721)
     C    8  Q=         1.0000 1e-30 m^2  Cq=         1.5131 MHz  eta= 0.59681

     H    9    Vxx=   -0.0894    axis=( -0.721137 -0.015265  0.692624)
     H    9    Vyy=   -0.2664    axis=( -0.065175 -0.993828 -0.089762)
     H    9    Vzz=    0.3558    axis=(  0.689720 -0.109872  0.715692)
     H    9  Q=         1.0000 1e-30 m^2  Cq=         0.8360 MHz  eta= 0.49746

     C   10    Vxx=   -0.0554    axis=(  0.738092 -0.602966 -0.302742)
     C   10    Vyy=   -0.5264    axis=(  0.551740  0.797666 -0.243542)
     C   10    Vzz=    0.5818    axis=(  0.388334  0.012721  0.921431)
     C   10  Q=         1.0000 1e-30 m^2  Cq=         1.3671 MHz  eta= 0.80945

     C   11    Vxx=    0.1694    axis=(  0.371667  0.678303 -0.633853)
     C   11    Vyy=    0.4200    axis=(  0.352660  0.528425  0.772268)
     C   11    Vzz=   -0.5894    axis=( -0.858775  0.510561  0.042812)
     C   11  Q=         1.0000 1e-30 m^2  Cq=        -1.3848 MHz  eta= 0.42513

     Cl  12    Vxx=    0.2569    axis=(  0.114363  0.960294  0.254472)
     Cl  12    Vyy=    2.1821    axis=( -0.973828  0.057721  0.219834)
     Cl  12    Vzz=   -2.4390    axis=(  0.196417 -0.272953  0.941763)
     Cl  12  Q=        -8.1650 1e-30 m^2  Cq=        46.7905 MHz  eta= 0.78934

     H   13    Vxx=   -0.0130    axis=(  0.916283  0.175914 -0.359834)
     H   13    Vyy=   -0.5128    axis=( -0.397442  0.287946 -0.871279)
     H   13    Vzz=    0.5258    axis=( -0.049658  0.941351  0.333756)
     H   13  Q=         1.0000 1e-30 m^2  Cq=         1.2355 MHz  eta= 0.95049

     C   14    Vxx=    0.2197    axis=(  0.781344  0.294872 -0.550048)
     C   14    Vyy=    0.5354    axis=(  0.504616  0.220121  0.834811)
     C   14    Vzz=   -0.7552    axis=( -0.367240  0.929837 -0.023193)
     C   14  Q=         1.0000 1e-30 m^2  Cq=        -1.7743 MHz  eta= 0.41808

     H   15    Vxx=   -0.0424    axis=( -0.584114  0.494426  0.643703)
     H   15    Vyy=   -0.5208    axis=(  0.400951  0.865306 -0.300805)
     H   15    Vzz=    0.5632    axis=( -0.705726  0.082388 -0.703678)
     H   15  Q=         1.0000 1e-30 m^2  Cq=         1.3233 MHz  eta= 0.84932

     C   16    Vxx=    0.0838    axis=( -0.465829  0.245758  0.850062)
     C   16    Vyy=    0.6630    axis=( -0.471699 -0.881752 -0.003568)
     C   16    Vzz=   -0.7468    axis=(  0.748668 -0.402636  0.526670)
     C   16  Q=         1.0000 1e-30 m^2  Cq=        -1.7547 MHz  eta= 0.77546

     C   17    Vxx=    0.1103    axis=(  0.903995 -0.347226  0.249453)
     C   17    Vyy=    0.4993    axis=(  0.414537  0.854657 -0.312603)
     C   17    Vzz=   -0.6096    axis=( -0.104653  0.386000  0.916544)
     C   17  Q=         1.0000 1e-30 m^2  Cq=        -1.4324 MHz  eta= 0.63817

     Cl  18    Vxx=    0.8478    axis=(  0.105629  0.936764 -0.333641)
     Cl  18    Vyy=    2.0587    axis=(  0.960409 -0.183085 -0.209987)
     Cl  18    Vzz=   -2.9065    axis=(  0.257792  0.298251  0.919015)
     Cl  18  Q=        -8.1650 1e-30 m^2  Cq=        55.7597 MHz  eta= 0.41664

     H   19    Vxx=   -0.1299    axis=(  0.977520 -0.040179 -0.206978)
     H   19    Vyy=   -0.3061    axis=(  0.208378  0.034473  0.977441)
     H   19    Vzz=    0.4360    axis=( -0.032137 -0.998598  0.042071)
     H   19  Q=         1.0000 1e-30 m^2  Cq=         1.0243 MHz  eta= 0.40405

     C   20    Vxx=   -0.0611    axis=(  0.801076 -0.587179 -0.116178)
     C   20    Vyy=   -0.5898    axis=(  0.515371  0.775334 -0.365033)
     C   20    Vzz=    0.6509    axis=(  0.304416  0.232545  0.923717)
     C   20  Q=         1.0000 1e-30 m^2  Cq=         1.5293 MHz  eta= 0.81237

     H   21    Vxx=   -0.0217    axis=(  0.438211  0.854788 -0.278045)
     H   21    Vyy=   -0.6067    axis=(  0.032589  0.294015  0.955245)
     H   21    Vzz=    0.6284    axis=(  0.898281 -0.427660  0.100984)
     H   21  Q=         1.0000 1e-30 m^2  Cq=         1.4765 MHz  eta= 0.93107

     C   22    Vxx=   -0.0639    axis=(  0.245623  0.805751 -0.538919)
     C   22    Vyy=   -0.3914    axis=( -0.969278  0.196697 -0.147682)
     C   22    Vzz=    0.4553    axis=( -0.012991  0.558637  0.829310)
     C   22  Q=         1.0000 1e-30 m^2  Cq=         1.0697 MHz  eta= 0.71943

     C   23    Vxx=    0.0692    axis=( -0.981440 -0.121050 -0.148738)
     C   23    Vyy=    0.1540    axis=( -0.150204  0.003024  0.988650)
     C   23    Vzz=   -0.2232    axis=( -0.119227  0.992642 -0.021150)
     C   23  Q=         1.0000 1e-30 m^2  Cq=        -0.5245 MHz  eta= 0.37993

     Cl  24    Vxx=    0.6907    axis=(  0.718697  0.430520 -0.546010)
     Cl  24    Vyy=    2.3750    axis=(  0.352403  0.451405  0.819784)
     Cl  24    Vzz=   -3.0657    axis=(  0.599405 -0.781592  0.172707)
     Cl  24  Q=        -8.1650 1e-30 m^2  Cq=        58.8131 MHz  eta= 0.54942

     Initialization:
     gipaw_setup  :      9.32s CPU     11.02s WALL (       1 calls)

     Linear response

     Apply operators

     Induced current

     Other routines
     efg          :      9.22s CPU     11.49s WALL (       1 calls)

     General routines
     calbec       :      3.20s CPU      4.00s WALL (      16 calls)
     fft          :      1.76s CPU      2.93s WALL (      15 calls)
     ffts         :      0.04s CPU      0.04s WALL (       2 calls)
     fftw         :      3.26s CPU      4.18s WALL (     672 calls)
     davcio       :      0.02s CPU      0.34s WALL (      32 calls)

     Parallel routines
     fft_scatter  :      2.48s CPU      4.32s WALL (     689 calls)

     Plugins

     GIPAW        :     61.91s CPU     73.19s WALL (       1 calls)
