
     Program QE v.6.0 (svn rev. 13079) starts on 12Jan2017 at 13:21:28 

     This program is part of the open-source Quantum ESPRESSO suite
     for quantum simulation of materials; please cite
         "P. Giannozzi et al., J. Phys.:Condens. Matter 21 395502 (2009);
          URL http://www.quantum-espresso.org", 
     in publications or presentations arising from this work. More details at
     http://www.quantum-espresso.org/quote

     Parallel version (MPI), running on     8 processors
     R & G space division:  proc/nbgrp/npool/nimage =       8

     ***** This is GIPAW svn revision unknown      *****

     Parallelizing q-star over 1 images

     Reading data from directory:
     /users/majewski/paradichlorobenzene/pbe/9_constraint/scratch/pbe.ecut100.np8.dt60.pcl2phi-129368.save
     Message from routine read_xml_file:
     file /users/majewski/paradichlorobenzene/pbe/9_constraint/scratch/pbe.ecut100.np8.dt60.pcl2phi-129368.save not guaranteed to be safe for post-processing

   Info: using nr1, nr2, nr3 values from input

   Info: using nr1, nr2, nr3 values from input

     IMPORTANT: XC functional enforced from input :
     Exchange-correlation      =  SLA  PW   PBX  PBC ( 1  4  3  4 0 0)
     Any further DFT definition will be discarded
     Please, verify this is what you really want

               file C.pbe-n-kjpaw_psl.1.0.0.UPF: wavefunction(s)  2S 2P renormalized
               file Cl.pbe-n-kjpaw_psl.1.0.0.UPF: wavefunction(s)  3S 3P renormalized
               file H.pbe-kjpaw_psl.1.0.0.UPF: wavefunction(s)  1S renormalized

     Parallelization info
     --------------------
     sticks:   dense  smooth     PW     G-vecs:    dense   smooth      PW
     Min        3057    1223    332               144436    36536    5170
     Max        3059    1225    333               144437    36537    5171
     Sum       24467    9791   2657              1155489   292295   41363


     Subspace diagonalization in iterative solution of the eigenvalue problem:
     a serial algorithm will be used

     GIPAW projectors -----------------------------------------------
     atom=  C    l=0  rc=    1.2000  rs=    0.8000
     atom=  C    l=0  rc=    1.2000  rs=    0.8000
     atom=  C    l=1  rc=    1.4000  rs=    0.9333
     atom=  C    l=1  rc=    1.4000  rs=    0.9333
     projs nearly linearly dependent: l=1  n1,n2= 1, 2  s=  0.99951561

     atom=  Cl   l=0  rc=    1.6000  rs=    1.0667
     atom=  Cl   l=0  rc=    1.6000  rs=    1.0667
     atom=  Cl   l=1  rc=    1.6000  rs=    1.0667
     atom=  Cl   l=1  rc=    1.6000  rs=    1.0667
     atom=  Cl   l=2  rc=    1.6000  rs=    1.0667
     atom=  Cl   l=2  rc=    1.6000  rs=    1.0667
     projs nearly linearly dependent: l=2  n1,n2= 1, 2  s=  0.99993509

     atom=  H    l=0  rc=    1.0000  rs=    0.6667
     atom=  H    l=0  rc=    1.0000  rs=    0.6667
     projs nearly linearly dependent: l=0  n1,n2= 1, 2  s=  0.99968852
     -----------------------------------------------------------------

     GIPAW integrals: -------------------------------------------
     Atom  i/j   nmr_para   nmr_dia   epr_rmc  epr_para   epr_dia
       C   1 1   0.83E+03  0.17E-01  0.93E+01  0.24E+08  0.24E+03
       C   2 1   0.86E+03 -0.61E-01  0.94E+01  0.25E+08  0.25E+03
       C   2 2   0.90E+03 -0.15E+00  0.97E+01  0.26E+08  0.26E+03
       C   3 3   0.33E+01  0.34E+00  0.18E+01  0.55E+03  0.21E+02
       C   4 3   0.35E+01  0.37E+00  0.20E+01  0.59E+03  0.22E+02
       C   4 4   0.38E+01  0.39E+00  0.22E+01  0.63E+03  0.24E+02
       Cl  1 1   0.14E+04 -0.47E+00  0.84E+01  0.32E+09  0.42E+03
       Cl  2 1   0.21E+04 -0.37E+00  0.12E+02  0.49E+09  0.65E+03
       Cl  2 2   0.33E+04 -0.16E+00  0.21E+02  0.76E+09  0.10E+04
       Cl  3 3   0.21E+02  0.79E-01  0.89E+01  0.23E+05  0.13E+03
       Cl  4 3   0.24E+02  0.67E-01  0.99E+01  0.27E+05  0.15E+03
       Cl  4 4   0.28E+02  0.44E-01  0.11E+02  0.32E+05  0.18E+03
       Cl  5 5   0.77E+00  0.19E+00  0.18E+01  0.12E+03  0.22E+02
       Cl  6 5   0.80E+00  0.19E+00  0.19E+01  0.12E+03  0.23E+02
       Cl  6 6   0.83E+00  0.20E+00  0.19E+01  0.12E+03  0.23E+02
       H   1 1   0.39E+02  0.19E+00  0.29E+00  0.78E+05  0.13E+02
       H   2 1   0.41E+02  0.21E+00  0.32E+00  0.82E+05  0.14E+02
       H   2 2   0.43E+02  0.22E+00  0.36E+00  0.86E+05  0.15E+02
     ------------------------------------------------------------

     alpha_pv=     34.7795 eV

     Number of occupied bands for each k-point:
     k-point:     1    nbnd_occ=  42
     k-point:     2    nbnd_occ=  42
     k-point:     3    nbnd_occ=  42
     k-point:     4    nbnd_occ=  42
     k-point:     5    nbnd_occ=  42
     k-point:     6    nbnd_occ=  42
     k-point:     7    nbnd_occ=  42
     k-point:     8    nbnd_occ=  42
     k-point:     9    nbnd_occ=  42
     k-point:    10    nbnd_occ=  42
     k-point:    11    nbnd_occ=  42
     k-point:    12    nbnd_occ=  42
     k-point:    13    nbnd_occ=  42
     k-point:    14    nbnd_occ=  42
     k-point:    15    nbnd_occ=  42
     k-point:    16    nbnd_occ=  42


     q-space interpolation up to   110.00 Rydberg

     GIPAW job: efg                                                                             


     ELECTRIC FIELD GRADIENTS TENSORS IN Hartree/bohrradius^2:

     ----- bare term -----
     Cl   1       -0.012189        0.033969       -0.094772
     Cl   1        0.033969        0.050068        0.037659
     Cl   1       -0.094772        0.037659       -0.037879

     C    2       -0.192789        0.299502       -0.156682
     C    2        0.299502       -0.268126       -0.369238
     C    2       -0.156682       -0.369238        0.460914

     C    3       -0.037131        0.372723       -0.191847
     C    3        0.372723       -0.195792       -0.244442
     C    3       -0.191847       -0.244442        0.232923

     H    4        0.076442       -0.097550       -0.227092
     H    4       -0.097550        0.517323       -0.131462
     H    4       -0.227092       -0.131462       -0.593765

     C    5       -0.340911        0.225576       -0.491921
     C    5        0.225576        0.292723       -0.168750
     C    5       -0.491921       -0.168750        0.048188

     H    6       -0.187789        0.101011        0.141616
     H    6        0.101011       -0.067440       -0.493943
     H    6        0.141616       -0.493943        0.255229

     H    7        0.374384        0.294794       -0.088167
     H    7        0.294794       -0.640590        0.435576
     H    7       -0.088167        0.435576        0.266206

     C    8       -0.156502       -0.172389       -0.212943
     C    8       -0.172389       -0.045369        0.421241
     C    8       -0.212943        0.421241        0.201871

     H    9       -0.270890        0.549597       -0.108721
     H    9        0.549597       -0.108533       -0.060023
     H    9       -0.108721       -0.060023        0.379423

     C   10       -0.412723       -0.257794       -0.150889
     C   10       -0.257794        0.095049        0.233456
     C   10       -0.150889        0.233456        0.317674

     C   11       -0.042319        0.011491       -0.221836
     C   11        0.011491        0.026913        0.634748
     C   11       -0.221836        0.634748        0.015407

     Cl  12        0.254325       -0.066214        0.173522
     Cl  12       -0.066214        0.093339       -0.510834
     Cl  12        0.173522       -0.510834       -0.347664

     H   13        0.301951        0.081702       -0.109928
     H   13        0.081702       -0.576603        0.148111
     H   13       -0.109928        0.148111        0.274652

     C   14       -0.046314       -0.209709       -0.320167
     C   14       -0.209709       -0.136030       -0.220005
     C   14       -0.320167       -0.220005        0.182345

     H   15        0.005169       -0.241991       -0.318115
     H   15       -0.241991       -0.361229       -0.319951
     H   15       -0.318115       -0.319951        0.356060

     C   16       -0.654303        0.301816       -0.134571
     C   16        0.301816        0.184467       -0.130204
     C   16       -0.134571       -0.130204        0.469836

     C   17        0.145903        0.117652       -0.103225
     C   17        0.117652       -0.264622       -0.531281
     C   17       -0.103225       -0.531281        0.118720

     Cl  18        0.290598        0.257416       -0.063249
     Cl  18        0.257416        0.109523       -0.561653
     Cl  18       -0.063249       -0.561653       -0.400121

     H   19        0.383274       -0.088545       -0.242557
     H   19       -0.088545       -0.376073        0.465163
     H   19       -0.242557        0.465163       -0.007201

     C   20       -0.841081       -0.357759       -0.303155
     C   20       -0.357759        0.488408        0.154051
     C   20       -0.303155        0.154051        0.352674

     H   21       -0.564573        0.017344        0.086015
     H   21        0.017344        0.363223        0.324885
     H   21        0.086015        0.324885        0.201349

     C   22        0.074995       -0.100135       -0.124106
     C   22       -0.100135       -0.517241        0.385833
     C   22       -0.124106        0.385833        0.442246

     C   23       -0.763067       -0.270618       -0.294507
     C   23       -0.270618        0.164850        0.055208
     C   23       -0.294507        0.055208        0.598217

     Cl  24        0.150522       -0.044924        0.120518
     Cl  24       -0.044924        0.176471        0.117247
     Cl  24        0.120518        0.117247       -0.326993

     ----- ionic term -----
     Cl   1        0.229477       -0.224381        0.055603
     Cl   1       -0.224381       -0.083129       -0.019140
     Cl   1        0.055603       -0.019140       -0.146348

     C    2        0.269543       -0.190269        0.282651
     C    2       -0.190269        0.053820        0.379503
     C    2        0.282651        0.379503       -0.323363

     C    3        0.156310       -0.284567        0.248665
     C    3       -0.284567        0.117285        0.317998
     C    3        0.248665        0.317998       -0.273595

     H    4        0.357343        0.349641        0.704043
     H    4        0.349641       -0.334801        0.343508
     H    4        0.704043        0.343508       -0.022542

     C    5        0.159213       -0.178502        0.385689
     C    5       -0.178502        0.046577        0.286641
     C    5        0.385689        0.286641       -0.205790

     H    6       -0.545627       -0.086276       -0.026051
     H    6       -0.086276        0.793808        0.604682
     H    6       -0.026051        0.604682       -0.248181

     H    7       -0.498237       -0.173584        0.096738
     H    7       -0.173584        0.682974       -0.715588
     H    7        0.096738       -0.715588       -0.184737

     C    8        0.402703        0.054365        0.106358
     C    8        0.054365       -0.011872       -0.345828
     C    8        0.106358       -0.345828       -0.390832

     H    9        0.608079       -0.357200        0.639056
     H    9       -0.357200       -0.471873       -0.264848
     H    9        0.639056       -0.264848       -0.136206

     C   10        0.189513        0.120444        0.085119
     C   10        0.120444        0.088957       -0.442549
     C   10        0.085119       -0.442549       -0.278470

     C   11        0.289922        0.077072        0.127497
     C   11        0.077072        0.027655       -0.442414
     C   11        0.127497       -0.442414       -0.317578

     Cl  12        0.105100        0.173523       -0.069476
     Cl  12        0.173523        0.004797       -0.041224
     Cl  12       -0.069476       -0.041224       -0.109896

     H   13       -0.512748       -0.042947       -0.009170
     H   13       -0.042947        0.918515        0.501493
     H   13       -0.009170        0.501493       -0.405767

     C   14        0.244234       -0.148657        0.352923
     C   14       -0.148657        0.135375        0.236324
     C   14        0.352923        0.236324       -0.379608

     H   15        0.484788        0.337163        0.702746
     H   15        0.337163       -0.323505        0.304722
     H   15        0.702746        0.304722       -0.161283

     C   16        0.114515       -0.283315        0.282339
     C   16       -0.283315        0.281136        0.298943
     C   16        0.282339        0.298943       -0.395651

     C   17        0.035196       -0.211305        0.463101
     C   17       -0.211305        0.207859        0.318899
     C   17        0.463101        0.318899       -0.243055

     Cl  18        0.142961       -0.205709        0.144677
     Cl  18       -0.205709       -0.004368       -0.082367
     Cl  18        0.144677       -0.082367       -0.138593

     H   19       -0.482549       -0.207395        0.120099
     H   19       -0.207395        0.618858       -0.738693
     H   19        0.120099       -0.738693       -0.136309

     C   20        0.411763        0.102033        0.104375
     C   20        0.102033       -0.065798       -0.376427
     C   20        0.104375       -0.376427       -0.345965

     H   21        0.767799       -0.359178        0.501090
     H   21       -0.359178       -0.416928       -0.233972
     H   21        0.501090       -0.233972       -0.350871

     C   22        0.214732        0.183482       -0.004548
     C   22        0.183482        0.102959       -0.492831
     C   22       -0.004548       -0.492831       -0.317691

     C   23        0.275939        0.104553        0.095267
     C   23        0.104553        0.080831       -0.462487
     C   23        0.095267       -0.462487       -0.356771

     Cl  24        0.144021        0.228444       -0.050158
     Cl  24        0.228444       -0.009319       -0.029088
     Cl  24       -0.050158       -0.029088       -0.134702

     ----- GIPAW term -----
     Cl   1       -0.306791       -1.232368        1.065220
     Cl   1       -1.232368       -1.302578        0.300673
     Cl   1        1.065220        0.300673        1.609369

     C    2       -0.093329       -0.031447        0.007431
     C    2       -0.031447       -0.058176       -0.166505
     C    2        0.007431       -0.166505        0.151504

     C    3       -0.003754        0.080683       -0.141031
     C    3        0.080683       -0.080780       -0.076753
     C    3       -0.141031       -0.076753        0.084534

     H    4       -0.000000        0.000000        0.000000
     H    4        0.000000        0.000000        0.000000
     H    4        0.000000        0.000000        0.000000

     C    5        0.085504        0.172962       -0.076473
     C    5        0.172962        0.037516       -0.017042
     C    5       -0.076473       -0.017042       -0.123020

     H    6       -0.000000        0.000000        0.000000
     H    6        0.000000        0.000000        0.000000
     H    6        0.000000        0.000000        0.000000

     H    7       -0.000000        0.000000        0.000000
     H    7        0.000000        0.000000        0.000000
     H    7        0.000000        0.000000        0.000000

     C    8       -0.098980       -0.065653       -0.009211
     C    8       -0.065653        0.185267        0.008208
     C    8       -0.009211        0.008208       -0.086287

     H    9       -0.000000        0.000000        0.000000
     H    9        0.000000        0.000000        0.000000
     H    9        0.000000        0.000000        0.000000

     C   10       -0.122216       -0.087278       -0.064679
     C   10       -0.087278        0.130862        0.122247
     C   10       -0.064679        0.122247       -0.008646

     C   11       -0.053606        0.006432       -0.059343
     C   11        0.006432        0.133907        0.195394
     C   11       -0.059343        0.195394       -0.080301

     Cl  12        0.205800        0.163817       -0.284491
     Cl  12        0.163817       -0.181255       -0.017066
     Cl  12       -0.284491       -0.017066       -0.024545

     H   13       -0.000000        0.000000        0.000000
     H   13        0.000000        0.000000        0.000000
     H   13        0.000000        0.000000        0.000000

     C   14       -0.009136       -0.059677        0.004502
     C   14       -0.059677        0.020486       -0.074600
     C   14        0.004502       -0.074600       -0.011350

     H   15       -0.000000        0.000000        0.000000
     H   15        0.000000        0.000000        0.000000
     H   15        0.000000        0.000000        0.000000

     C   16       -0.138713       -0.079648       -0.002812
     C   16       -0.079648        0.196559       -0.006867
     C   16       -0.002812       -0.006867       -0.057846

     C   17       -0.051781        0.020325        0.039375
     C   17        0.020325        0.157265        0.123102
     C   17        0.039375        0.123102       -0.105484

     Cl  18        0.408407        0.081137        0.175973
     Cl  18        0.081137        0.007182       -0.619775
     Cl  18        0.175973       -0.619775       -0.415589

     H   19       -0.000000        0.000000        0.000000
     H   19        0.000000        0.000000        0.000000
     H   19        0.000000        0.000000        0.000000

     C   20       -0.227144       -0.007480       -0.019676
     C   20       -0.007480        0.312490        0.023845
     C   20       -0.019676        0.023845       -0.085346

     H   21       -0.000000        0.000000        0.000000
     H   21        0.000000        0.000000        0.000000
     H   21        0.000000        0.000000        0.000000

     C   22       -0.105379        0.031771       -0.031231
     C   22        0.031771       -0.034884       -0.179197
     C   22       -0.031231       -0.179197        0.140262

     C   23       -0.176960        0.041538       -0.052803
     C   23        0.041538       -0.011966       -0.159109
     C   23       -0.052803       -0.159109        0.188926

     Cl  24       -0.337202        1.055663       -0.246477
     Cl  24        1.055663       -0.843848       -0.415799
     Cl  24       -0.246477       -0.415799        1.181049

     ----- total EFG -----
     Cl   1       -0.089503       -1.422780        1.026051
     Cl   1       -1.422780       -1.335640        0.319193
     Cl   1        1.026051        0.319193        1.425143

     C    2       -0.016574        0.077786        0.133400
     C    2        0.077786       -0.272481       -0.156240
     C    2        0.133400       -0.156240        0.289055

     C    3        0.115426        0.168839       -0.084213
     C    3        0.168839       -0.159288       -0.003196
     C    3       -0.084213       -0.003196        0.043862

     H    4        0.433785        0.252090        0.476951
     H    4        0.252090        0.182522        0.212046
     H    4        0.476951        0.212046       -0.616307

     C    5       -0.096193        0.220036       -0.182705
     C    5        0.220036        0.376816        0.100849
     C    5       -0.182705        0.100849       -0.280622

     H    6       -0.733416        0.014735        0.115565
     H    6        0.014735        0.726368        0.110738
     H    6        0.115565        0.110738        0.007048

     H    7       -0.123852        0.121210        0.008571
     H    7        0.121210        0.042383       -0.280013
     H    7        0.008571       -0.280013        0.081469

     C    8        0.147222       -0.183678       -0.115795
     C    8       -0.183678        0.128026        0.083620
     C    8       -0.115795        0.083620       -0.275248

     H    9        0.337189        0.192397        0.530335
     H    9        0.192397       -0.580405       -0.324871
     H    9        0.530335       -0.324871        0.243216

     C   10       -0.345426       -0.224628       -0.130449
     C   10       -0.224628        0.314868       -0.086847
     C   10       -0.130449       -0.086847        0.030558

     C   11        0.193998        0.094995       -0.153683
     C   11        0.094995        0.188475        0.387728
     C   11       -0.153683        0.387728       -0.382472

     Cl  12        0.565225        0.271126       -0.180445
     Cl  12        0.271126       -0.083119       -0.569125
     Cl  12       -0.180445       -0.569125       -0.482105

     H   13       -0.210797        0.038754       -0.119098
     H   13        0.038754        0.341912        0.649605
     H   13       -0.119098        0.649605       -0.131115

     C   14        0.188784       -0.418042        0.037258
     C   14       -0.418042        0.019830       -0.058281
     C   14        0.037258       -0.058281       -0.208614

     H   15        0.489957        0.095172        0.384631
     H   15        0.095172       -0.684734       -0.015229
     H   15        0.384631       -0.015229        0.194777

     C   16       -0.678500       -0.061148        0.144955
     C   16       -0.061148        0.662162        0.161871
     C   16        0.144955        0.161871        0.016338

     C   17        0.129317       -0.073328        0.399251
     C   17       -0.073328        0.100502       -0.089280
     C   17        0.399251       -0.089280       -0.229819

     Cl  18        0.841966        0.132844        0.257402
     Cl  18        0.132844        0.112337       -1.263796
     Cl  18        0.257402       -1.263796       -0.954303

     H   19       -0.099275       -0.295940       -0.122458
     H   19       -0.295940        0.242785       -0.273530
     H   19       -0.122458       -0.273530       -0.143510

     C   20       -0.656462       -0.263206       -0.218456
     C   20       -0.263206        0.735099       -0.198531
     C   20       -0.218456       -0.198531       -0.078637

     H   21        0.203227       -0.341834        0.587104
     H   21       -0.341834       -0.053705        0.090913
     H   21        0.587104        0.090913       -0.149522

     C   22        0.184349        0.115118       -0.159886
     C   22        0.115118       -0.449166       -0.286196
     C   22       -0.159886       -0.286196        0.264818

     C   23       -0.664088       -0.124527       -0.252043
     C   23       -0.124527        0.233716       -0.566388
     C   23       -0.252043       -0.566388        0.430372

     Cl  24       -0.042659        1.239182       -0.176117
     Cl  24        1.239182       -0.676696       -0.327640
     Cl  24       -0.176117       -0.327640        0.719355

     ----- total EFG (symmetrized) -----
     Cl   1       -0.089503       -1.422780        1.026051
     Cl   1       -1.422780       -1.335640        0.319193
     Cl   1        1.026051        0.319193        1.425143

     C    2       -0.016574        0.077786        0.133400
     C    2        0.077786       -0.272481       -0.156240
     C    2        0.133400       -0.156240        0.289055

     C    3        0.115426        0.168839       -0.084213
     C    3        0.168839       -0.159288       -0.003196
     C    3       -0.084213       -0.003196        0.043862

     H    4        0.433785        0.252090        0.476951
     H    4        0.252090        0.182522        0.212046
     H    4        0.476951        0.212046       -0.616307

     C    5       -0.096193        0.220036       -0.182705
     C    5        0.220036        0.376816        0.100849
     C    5       -0.182705        0.100849       -0.280622

     H    6       -0.733416        0.014735        0.115565
     H    6        0.014735        0.726368        0.110738
     H    6        0.115565        0.110738        0.007048

     H    7       -0.123852        0.121210        0.008571
     H    7        0.121210        0.042383       -0.280013
     H    7        0.008571       -0.280013        0.081469

     C    8        0.147222       -0.183678       -0.115795
     C    8       -0.183678        0.128026        0.083620
     C    8       -0.115795        0.083620       -0.275248

     H    9        0.337189        0.192397        0.530335
     H    9        0.192397       -0.580405       -0.324871
     H    9        0.530335       -0.324871        0.243216

     C   10       -0.345426       -0.224628       -0.130449
     C   10       -0.224628        0.314868       -0.086847
     C   10       -0.130449       -0.086847        0.030558

     C   11        0.193998        0.094995       -0.153683
     C   11        0.094995        0.188475        0.387728
     C   11       -0.153683        0.387728       -0.382472

     Cl  12        0.565225        0.271126       -0.180445
     Cl  12        0.271126       -0.083119       -0.569125
     Cl  12       -0.180445       -0.569125       -0.482105

     H   13       -0.210797        0.038754       -0.119098
     H   13        0.038754        0.341912        0.649605
     H   13       -0.119098        0.649605       -0.131115

     C   14        0.188784       -0.418042        0.037258
     C   14       -0.418042        0.019830       -0.058281
     C   14        0.037258       -0.058281       -0.208614

     H   15        0.489957        0.095172        0.384631
     H   15        0.095172       -0.684734       -0.015229
     H   15        0.384631       -0.015229        0.194777

     C   16       -0.678500       -0.061148        0.144955
     C   16       -0.061148        0.662162        0.161871
     C   16        0.144955        0.161871        0.016338

     C   17        0.129317       -0.073328        0.399251
     C   17       -0.073328        0.100502       -0.089280
     C   17        0.399251       -0.089280       -0.229819

     Cl  18        0.841966        0.132844        0.257402
     Cl  18        0.132844        0.112337       -1.263796
     Cl  18        0.257402       -1.263796       -0.954303

     H   19       -0.099275       -0.295940       -0.122458
     H   19       -0.295940        0.242785       -0.273530
     H   19       -0.122458       -0.273530       -0.143510

     C   20       -0.656462       -0.263206       -0.218456
     C   20       -0.263206        0.735099       -0.198531
     C   20       -0.218456       -0.198531       -0.078637

     H   21        0.203227       -0.341834        0.587104
     H   21       -0.341834       -0.053705        0.090913
     H   21        0.587104        0.090913       -0.149522

     C   22        0.184349        0.115118       -0.159886
     C   22        0.115118       -0.449166       -0.286196
     C   22       -0.159886       -0.286196        0.264818

     C   23       -0.664088       -0.124527       -0.252043
     C   23       -0.124527        0.233716       -0.566388
     C   23       -0.252043       -0.566388        0.430372

     Cl  24       -0.042659        1.239182       -0.176117
     Cl  24        1.239182       -0.676696       -0.327640
     Cl  24       -0.176117       -0.327640        0.719355


     NQR/NMR SPECTROSCOPIC PARAMETERS:
     Cl   1    Vxx=    0.4571    axis=(  0.641577 -0.595310 -0.483720)
     Cl   1    Vyy=    1.9927    axis=( -0.511820  0.137464 -0.848024)
     Cl   1    Vzz=   -2.4497    axis=(  0.571331  0.791650 -0.216497)
     Cl   1  Q=        -8.1650 1e-30 m^2  Cq=        46.9972 MHz  eta= 0.62684

     C    2    Vxx=   -0.0123    axis=(  0.900341  0.387800 -0.197475)
     C    2    Vyy=   -0.3505    axis=( -0.324892  0.900877  0.287865)
     C    2    Vzz=    0.3628    axis=(  0.289534 -0.195019  0.937090)
     C    2  Q=         1.0000 1e-30 m^2  Cq=         0.8524 MHz  eta= 0.93203

     C    3    Vxx=    0.0150    axis=(  0.301911  0.275677  0.912607)
     C    3    Vyy=    0.2286    axis=(  0.842866  0.370106 -0.390639)
     C    3    Vzz=   -0.2436    axis=( -0.445452  0.887143 -0.120620)
     C    3  Q=         1.0000 1e-30 m^2  Cq=        -0.5724 MHz  eta= 0.87656

     H    4    Vxx=    0.0309    axis=(  0.475133 -0.877686  0.062582)
     H    4    Vyy=    0.7820    axis=(  0.813778  0.465361  0.348145)
     H    4    Vzz=   -0.8129    axis=( -0.334685 -0.114487  0.935349)
     H    4  Q=         1.0000 1e-30 m^2  Cq=        -1.9100 MHz  eta= 0.92389

     C    5    Vxx=   -0.0196    axis=( -0.743085  0.255064  0.618682)
     C    5    Vyy=   -0.4448    axis=(  0.568006 -0.248423  0.784637)
     C    5    Vzz=    0.4644    axis=( -0.353827 -0.934467 -0.039721)
     C    5  Q=         1.0000 1e-30 m^2  Cq=         1.0912 MHz  eta= 0.91558

     H    6    Vxx=    0.0073    axis=(  0.149342 -0.153493  0.976799)
     H    6    Vyy=    0.7437    axis=(  0.021746  0.988149  0.151952)
     H    6    Vzz=   -0.7510    axis=( -0.988546 -0.001452  0.150910)
     H    6  Q=         1.0000 1e-30 m^2  Cq=        -1.7646 MHz  eta= 0.98052

     H    7    Vxx=   -0.0755    axis=( -0.825251 -0.295171 -0.481492)
     H    7    Vyy=   -0.2797    axis=( -0.540858  0.658482  0.523330)
     H    7    Vzz=    0.3552    axis=(  0.162582  0.692298 -0.703059)
     H    7  Q=         1.0000 1e-30 m^2  Cq=         0.8346 MHz  eta= 0.57492

     C    8    Vxx=   -0.0450    axis=(  0.667952  0.741205 -0.066745)
     C    8    Vyy=   -0.3084    axis=( -0.207333  0.099204 -0.973227)
     C    8    Vzz=    0.3535    axis=( -0.714740  0.663907  0.219940)
     C    8  Q=         1.0000 1e-30 m^2  Cq=         0.8305 MHz  eta= 0.74522

     H    9    Vxx=   -0.0070    axis=( -0.605806 -0.536262  0.587727)
     H    9    Vyy=   -0.8203    axis=( -0.334109  0.841890  0.423783)
     H    9    Vzz=    0.8273    axis=(  0.722060 -0.060365  0.689192)
     H    9  Q=         1.0000 1e-30 m^2  Cq=         1.9438 MHz  eta= 0.98306

     C   10    Vxx=    0.0707    axis=( -0.319700  0.042563  0.946562)
     C   10    Vyy=    0.3900    axis=(  0.267783 -0.954206  0.133350)
     C   10    Vzz=   -0.4608    axis=(  0.908892  0.296106  0.293662)
     C   10  Q=         1.0000 1e-30 m^2  Cq=        -1.0826 MHz  eta= 0.69306

     C   11    Vxx=    0.2324    axis=(  0.971474  0.009277 -0.236966)
     C   11    Vyy=    0.3860    axis=(  0.097013  0.896254  0.432803)
     C   11    Vzz=   -0.6184    axis=(  0.216396 -0.443445  0.869787)
     C   11  Q=         1.0000 1e-30 m^2  Cq=        -1.4530 MHz  eta= 0.24839

     Cl  12    Vxx=    0.0951    axis=( -0.569199  0.667432 -0.480154)
     Cl  12    Vyy=    0.7907    axis=(  0.822170  0.467060 -0.325410)
     Cl  12    Vzz=   -0.8858    axis=( -0.007072  0.579991  0.814592)
     Cl  12  Q=        -8.1650 1e-30 m^2  Cq=        16.9928 MHz  eta= 0.78529

     H   13    Vxx=   -0.1771    axis=( -0.959035 -0.190653  0.209531)
     H   13    Vyy=   -0.6210    axis=(  0.280914 -0.544489  0.790328)
     H   13    Vzz=    0.7981    axis=(  0.036591 -0.816813 -0.575741)
     H   13  Q=         1.0000 1e-30 m^2  Cq=         1.8751 MHz  eta= 0.55624

     C   14    Vxx=   -0.2103    axis=( -0.186301 -0.090664  0.978301)
     C   14    Vyy=   -0.3263    axis=(  0.610770  0.769263  0.187602)
     C   14    Vzz=    0.5366    axis=( -0.769579  0.632467 -0.087940)
     C   14  Q=         1.0000 1e-30 m^2  Cq=         1.2608 MHz  eta= 0.21615

     H   15    Vxx=   -0.0626    axis=( -0.555882 -0.105219  0.824575)
     H   15    Vyy=   -0.6952    axis=(  0.099197 -0.993265 -0.059871)
     H   15    Vzz=    0.7577    axis=(  0.825321  0.048514  0.562576)
     H   15  Q=         1.0000 1e-30 m^2  Cq=         1.7804 MHz  eta= 0.83483

     C   16    Vxx=    0.0128    axis=(  0.218664 -0.216588  0.951460)
     C   16    Vyy=    0.7010    axis=( -0.019405  0.973898  0.226155)
     C   16    Vzz=   -0.7138    axis=( -0.975607 -0.067915  0.208753)
     C   16  Q=         1.0000 1e-30 m^2  Cq=        -1.6771 MHz  eta= 0.96412

     C   17    Vxx=    0.0652    axis=(  0.303409  0.944660  0.124745)
     C   17    Vyy=    0.4250    axis=(  0.788063 -0.322366  0.524439)
     C   17    Vzz=   -0.4902    axis=(  0.535630 -0.060813 -0.842260)
     C   17  Q=         1.0000 1e-30 m^2  Cq=        -1.1517 MHz  eta= 0.73413

     Cl  18    Vxx=    0.8620    axis=(  0.937239  0.334138 -0.099675)
     Cl  18    Vyy=    0.9619    axis=( -0.331735  0.766417 -0.550051)
     Cl  18    Vzz=   -1.8238    axis=( -0.107400  0.548595  0.829161)
     Cl  18  Q=        -8.1650 1e-30 m^2  Cq=        34.9888 MHz  eta= 0.05478

     H   19    Vxx=    0.0000    axis=(  0.702697  0.057600 -0.709154)
     H   19    Vyy=    0.4712    axis=( -0.384406  0.869457 -0.310286)
     H   19    Vzz=   -0.4713    axis=(  0.598706  0.490640  0.633106)
     H   19  Q=         1.0000 1e-30 m^2  Cq=        -1.1073 MHz  eta= 0.99979

     C   20    Vxx=   -0.0176    axis=( -0.363978  0.116460  0.924098)
     C   20    Vyy=   -0.7943    axis=(  0.919664  0.201993  0.336776)
     C   20    Vzz=    0.8119    axis=( -0.147440  0.972438 -0.180625)
     C   20  Q=         1.0000 1e-30 m^2  Cq=         1.9076 MHz  eta= 0.95661

     H   21    Vxx=    0.0011    axis=(  0.004342 -0.863532 -0.504275)
     H   21    Vyy=    0.7087    axis=( -0.802273  0.298020 -0.517244)
     H   21    Vzz=   -0.7098    axis=(  0.596941  0.406812 -0.691495)
     H   21  Q=         1.0000 1e-30 m^2  Cq=        -1.6678 MHz  eta= 0.99689

     C   22    Vxx=    0.0689    axis=(  0.840837 -0.106361  0.530735)
     C   22    Vyy=    0.4853    axis=(  0.535459  0.306945 -0.786809)
     C   22    Vzz=   -0.5541    axis=( -0.079221  0.945765  0.315043)
     C   22  Q=         1.0000 1e-30 m^2  Cq=        -1.3020 MHz  eta= 0.75145

     C   23    Vxx=   -0.1230    axis=( -0.421458  0.722708  0.547783)
     C   23    Vyy=   -0.7923    axis=(  0.903838  0.285588  0.318617)
     C   23    Vzz=    0.9152    axis=( -0.073827 -0.629391  0.773574)
     C   23  Q=         1.0000 1e-30 m^2  Cq=         2.1505 MHz  eta= 0.73130

     Cl  24    Vxx=    0.4718    axis=( -0.511883 -0.325504 -0.794999)
     Cl  24    Vyy=    1.1767    axis=(  0.609714  0.514264 -0.603143)
     Cl  24    Vzz=   -1.6486    axis=( -0.605165  0.793460  0.064778)
     Cl  24  Q=        -8.1650 1e-30 m^2  Cq=        31.6267 MHz  eta= 0.42761

     Initialization:
     gipaw_setup  :      9.42s CPU     12.06s WALL (       1 calls)

     Linear response

     Apply operators

     Induced current

     Other routines
     efg          :     12.15s CPU     27.72s WALL (       1 calls)

     General routines
     calbec       :      3.33s CPU      4.78s WALL (      16 calls)
     fft          :      1.92s CPU      3.01s WALL (      15 calls)
     ffts         :      0.04s CPU      0.05s WALL (       2 calls)
     fftw         :      5.82s CPU     11.00s WALL (     672 calls)
     davcio       :      0.07s CPU      8.48s WALL (      32 calls)

     Parallel routines
     fft_scatter  :      5.12s CPU     11.18s WALL (     689 calls)

     Plugins

     GIPAW        :     65.55s CPU     92.61s WALL (       1 calls)
