
     Program QE v.6.0 (svn rev. 13079) starts on  6Jan2017 at 12: 3:16 

     This program is part of the open-source Quantum ESPRESSO suite
     for quantum simulation of materials; please cite
         "P. Giannozzi et al., J. Phys.:Condens. Matter 21 395502 (2009);
          URL http://www.quantum-espresso.org", 
     in publications or presentations arising from this work. More details at
     http://www.quantum-espresso.org/quote

     Parallel version (MPI), running on     8 processors
     R & G space division:  proc/nbgrp/npool/nimage =       8

     ***** This is GIPAW svn revision unknown      *****

     Parallelizing q-star over 1 images

     Reading data from directory:
     /users/majewski/paradichlorobenzene/pbe/9_constraint/scratch/pbe.ecut100.np8.dt60.pcl2phi-129368.save
     Message from routine read_xml_file:
     file /users/majewski/paradichlorobenzene/pbe/9_constraint/scratch/pbe.ecut100.np8.dt60.pcl2phi-129368.save not guaranteed to be safe for post-processing

   Info: using nr1, nr2, nr3 values from input

   Info: using nr1, nr2, nr3 values from input

     IMPORTANT: XC functional enforced from input :
     Exchange-correlation      =  SLA  PW   PBX  PBC ( 1  4  3  4 0 0)
     Any further DFT definition will be discarded
     Please, verify this is what you really want

               file C.pbe-n-kjpaw_psl.1.0.0.UPF: wavefunction(s)  2S 2P renormalized
               file Cl.pbe-n-kjpaw_psl.1.0.0.UPF: wavefunction(s)  3S 3P renormalized
               file H.pbe-kjpaw_psl.1.0.0.UPF: wavefunction(s)  1S renormalized

     Parallelization info
     --------------------
     sticks:   dense  smooth     PW     G-vecs:    dense   smooth      PW
     Min        3057    1223    332               144436    36536    5170
     Max        3059    1225    333               144437    36537    5171
     Sum       24467    9791   2657              1155489   292295   41363


     Subspace diagonalization in iterative solution of the eigenvalue problem:
     a serial algorithm will be used

     GIPAW projectors -----------------------------------------------
     atom=  C    l=0  rc=    1.2000  rs=    0.8000
     atom=  C    l=0  rc=    1.2000  rs=    0.8000
     atom=  C    l=1  rc=    1.4000  rs=    0.9333
     atom=  C    l=1  rc=    1.4000  rs=    0.9333
     projs nearly linearly dependent: l=1  n1,n2= 1, 2  s=  0.99951561

     atom=  Cl   l=0  rc=    1.6000  rs=    1.0667
     atom=  Cl   l=0  rc=    1.6000  rs=    1.0667
     atom=  Cl   l=1  rc=    1.6000  rs=    1.0667
     atom=  Cl   l=1  rc=    1.6000  rs=    1.0667
     atom=  Cl   l=2  rc=    1.6000  rs=    1.0667
     atom=  Cl   l=2  rc=    1.6000  rs=    1.0667
     projs nearly linearly dependent: l=2  n1,n2= 1, 2  s=  0.99993509

     atom=  H    l=0  rc=    1.0000  rs=    0.6667
     atom=  H    l=0  rc=    1.0000  rs=    0.6667
     projs nearly linearly dependent: l=0  n1,n2= 1, 2  s=  0.99968852
     -----------------------------------------------------------------

     GIPAW integrals: -------------------------------------------
     Atom  i/j   nmr_para   nmr_dia   epr_rmc  epr_para   epr_dia
       C   1 1   0.83E+03  0.17E-01  0.93E+01  0.24E+08  0.24E+03
       C   2 1   0.86E+03 -0.61E-01  0.94E+01  0.25E+08  0.25E+03
       C   2 2   0.90E+03 -0.15E+00  0.97E+01  0.26E+08  0.26E+03
       C   3 3   0.33E+01  0.34E+00  0.18E+01  0.55E+03  0.21E+02
       C   4 3   0.35E+01  0.37E+00  0.20E+01  0.59E+03  0.22E+02
       C   4 4   0.38E+01  0.39E+00  0.22E+01  0.63E+03  0.24E+02
       Cl  1 1   0.14E+04 -0.47E+00  0.84E+01  0.32E+09  0.42E+03
       Cl  2 1   0.21E+04 -0.37E+00  0.12E+02  0.49E+09  0.65E+03
       Cl  2 2   0.33E+04 -0.16E+00  0.21E+02  0.76E+09  0.10E+04
       Cl  3 3   0.21E+02  0.79E-01  0.89E+01  0.23E+05  0.13E+03
       Cl  4 3   0.24E+02  0.67E-01  0.99E+01  0.27E+05  0.15E+03
       Cl  4 4   0.28E+02  0.44E-01  0.11E+02  0.32E+05  0.18E+03
       Cl  5 5   0.77E+00  0.19E+00  0.18E+01  0.12E+03  0.22E+02
       Cl  6 5   0.80E+00  0.19E+00  0.19E+01  0.12E+03  0.23E+02
       Cl  6 6   0.83E+00  0.20E+00  0.19E+01  0.12E+03  0.23E+02
       H   1 1   0.39E+02  0.19E+00  0.29E+00  0.78E+05  0.13E+02
       H   2 1   0.41E+02  0.21E+00  0.32E+00  0.82E+05  0.14E+02
       H   2 2   0.43E+02  0.22E+00  0.36E+00  0.86E+05  0.15E+02
     ------------------------------------------------------------

     alpha_pv=     33.8000 eV

     Number of occupied bands for each k-point:
     k-point:     1    nbnd_occ=  42
     k-point:     2    nbnd_occ=  42
     k-point:     3    nbnd_occ=  42
     k-point:     4    nbnd_occ=  42
     k-point:     5    nbnd_occ=  42
     k-point:     6    nbnd_occ=  42
     k-point:     7    nbnd_occ=  42
     k-point:     8    nbnd_occ=  42
     k-point:     9    nbnd_occ=  42
     k-point:    10    nbnd_occ=  42
     k-point:    11    nbnd_occ=  42
     k-point:    12    nbnd_occ=  42
     k-point:    13    nbnd_occ=  42
     k-point:    14    nbnd_occ=  42
     k-point:    15    nbnd_occ=  42
     k-point:    16    nbnd_occ=  42


     q-space interpolation up to   110.00 Rydberg

     GIPAW job: efg                                                                             


     ELECTRIC FIELD GRADIENTS TENSORS IN Hartree/bohrradius^2:

     ----- bare term -----
     Cl   1       -0.008629        0.069743        0.002209
     Cl   1        0.069743        0.065444        0.031720
     Cl   1        0.002209        0.031720       -0.056815

     C    2       -0.232512        0.137256       -0.429437
     C    2        0.137256       -0.072999       -0.493443
     C    2       -0.429437       -0.493443        0.305511

     C    3       -0.240022        0.100269       -0.258017
     C    3        0.100269       -0.154805       -0.571247
     C    3       -0.258017       -0.571247        0.394827

     H    4       -0.442149        0.112834       -0.511122
     H    4        0.112834        0.235649       -0.048896
     H    4       -0.511122       -0.048896        0.206500

     C    5       -0.392719        0.308520       -0.197495
     C    5        0.308520       -0.109303       -0.457793
     C    5       -0.197495       -0.457793        0.502022

     H    6        0.353113       -0.104216       -0.151231
     H    6       -0.104216       -0.316484       -0.530229
     H    6       -0.151231       -0.530229       -0.036629

     H    7        0.472475        0.223749        0.049123
     H    7        0.223749       -0.693719       -0.131500
     H    7        0.049123       -0.131500        0.221244

     C    8       -0.410179       -0.074879       -0.338377
     C    8       -0.074879       -0.047026        0.503275
     C    8       -0.338377        0.503275        0.457206

     H    9       -0.409483        0.446524       -0.165343
     H    9        0.446524        0.176496       -0.026424
     H    9       -0.165343       -0.026424        0.232987

     C   10       -0.259581       -0.349792       -0.146475
     C   10       -0.349792       -0.264871        0.527998
     C   10       -0.146475        0.527998        0.524452

     C   11       -0.071546        0.056606       -0.395137
     C   11        0.056606       -0.192634        0.536320
     C   11       -0.395137        0.536320        0.264180

     Cl  12       -0.138435       -0.034416       -0.055092
     Cl  12       -0.034416       -0.111871        0.030446
     Cl  12       -0.055092        0.030446        0.250306

     H   13        0.399593       -0.036754       -0.052859
     H   13       -0.036754       -0.620023       -0.343655
     H   13       -0.052859       -0.343655        0.220430

     C   14       -0.362319        0.313914       -0.382638
     C   14        0.313914       -0.141501       -0.373172
     C   14       -0.382638       -0.373172        0.503820

     H   15       -0.588041       -0.124367       -0.324510
     H   15       -0.124367        0.345108       -0.192251
     H   15       -0.324510       -0.192251        0.242932

     C   16       -0.160249        0.212569       -0.313183
     C   16        0.212569       -0.330901       -0.505195
     C   16       -0.313183       -0.505195        0.491149

     C   17       -0.382648        0.083373       -0.355895
     C   17        0.083373       -0.100571       -0.483919
     C   17       -0.355895       -0.483919        0.483219

     Cl  18       -0.005938        0.004241       -0.008395
     Cl  18        0.004241        0.037670        0.023152
     Cl  18       -0.008395        0.023152       -0.031732

     H   19        0.466443        0.235344        0.070264
     H   19        0.235344       -0.639744       -0.038995
     H   19        0.070264       -0.038995        0.173301

     C   20       -0.514559       -0.246296       -0.419227
     C   20       -0.246296       -0.095380        0.293276
     C   20       -0.419227        0.293276        0.609939

     H   21       -0.453358        0.465638       -0.247581
     H   21        0.465638        0.143893        0.080129
     H   21       -0.247581        0.080129        0.309464

     C   22       -0.087595       -0.146640       -0.412499
     C   22       -0.146640       -0.270341        0.505765
     C   22       -0.412499        0.505765        0.357935

     C   23       -0.267267       -0.162444       -0.339674
     C   23       -0.162444       -0.078380        0.461797
     C   23       -0.339674        0.461797        0.345647

     Cl  24       -0.011045        0.056614       -0.013368
     Cl  24        0.056614        0.064101       -0.057608
     Cl  24       -0.013368       -0.057608       -0.053056

     ----- ionic term -----
     Cl   1        0.121776       -0.209491       -0.017395
     Cl   1       -0.209491        0.021101        0.019153
     Cl   1       -0.017395        0.019153       -0.142877

     C    2        0.233277       -0.145494        0.248995
     C    2       -0.145494        0.082611        0.398804
     C    2        0.248995        0.398804       -0.315889

     C    3        0.205629       -0.213920        0.179374
     C    3       -0.213920        0.120806        0.359053
     C    3        0.179374        0.359053       -0.326435

     H    4        0.731712        0.221103        0.626755
     H    4        0.221103       -0.484825        0.183010
     H    4        0.626755        0.183010       -0.246887

     C    5        0.303285       -0.173568        0.247359
     C    5       -0.173568        0.062030        0.277909
     C    5        0.247359        0.277909       -0.365315

     H    6       -0.505858        0.143272        0.089702
     H    6        0.143272        0.741688        0.645765
     H    6        0.089702        0.645765       -0.235830

     H    7       -0.477580       -0.199166        0.077321
     H    7       -0.199166        0.902876       -0.466784
     H    7        0.077321       -0.466784       -0.425296

     C    8        0.332967        0.116904        0.273061
     C    8        0.116904        0.152980       -0.238581
     C    8        0.273061       -0.238581       -0.485947

     H    9        0.693266       -0.411615        0.558895
     H    9       -0.411615       -0.321088       -0.240659
     H    9        0.558895       -0.240659       -0.372179

     C   10        0.130762        0.181642        0.190660
     C   10        0.181642        0.348206       -0.359114
     C   10        0.190660       -0.359114       -0.478968

     C   11        0.198798        0.069515        0.291533
     C   11        0.069515        0.267575       -0.359809
     C   11        0.291533       -0.359809       -0.466373

     Cl  12        0.133162        0.191126        0.043893
     Cl  12        0.191126        0.015794        0.023514
     Cl  12        0.043893        0.023514       -0.148956

     H   13       -0.492556       -0.025649       -0.007503
     H   13       -0.025649        0.622876        0.713886
     H   13       -0.007503        0.713886       -0.130320

     C   14        0.333788       -0.215936        0.211335
     C   14       -0.215936        0.022207        0.310192
     C   14        0.211335        0.310192       -0.355995

     H   15        0.533122        0.153843        0.745384
     H   15        0.153843       -0.489868        0.178877
     H   15        0.745384        0.178877       -0.043255

     C   16        0.160699       -0.244132        0.187007
     C   16       -0.244132        0.157607        0.370587
     C   16        0.187007        0.370587       -0.318306

     C   17        0.178908       -0.169727        0.289326
     C   17       -0.169727        0.161103        0.340437
     C   17        0.289326        0.340437       -0.340011

     Cl  18        0.104545       -0.204228        0.029921
     Cl  18       -0.204228        0.051628       -0.015026
     Cl  18        0.029921       -0.015026       -0.156173

     H   19       -0.511816       -0.122908        0.058521
     H   19       -0.122908        0.871858       -0.519520
     H   19        0.058521       -0.519520       -0.360042

     C   20        0.327004        0.079855        0.278228
     C   20        0.079855        0.131688       -0.244671
     C   20        0.278228       -0.244671       -0.458692

     H   21        0.524593       -0.423794        0.633728
     H   21       -0.423794       -0.321893       -0.295881
     H   21        0.633728       -0.295881       -0.202700

     C   22        0.151161        0.112276        0.221697
     C   22        0.112276        0.250551       -0.317288
     C   22        0.221697       -0.317288       -0.401712

     C   23        0.263046        0.080279        0.250592
     C   23        0.080279        0.189001       -0.348375
     C   23        0.250592       -0.348375       -0.452047

     Cl  24        0.139890        0.200899       -0.010775
     Cl  24        0.200899        0.015591       -0.010575
     Cl  24       -0.010775       -0.010575       -0.155480

     ----- GIPAW term -----
     Cl   1        1.266261       -1.607006        0.027238
     Cl   1       -1.607006        0.695445        0.238790
     Cl   1        0.027238        0.238790       -1.961707

     C    2        0.004032       -0.063385       -0.107317
     C    2       -0.063385        0.028820       -0.137214
     C    2       -0.107317       -0.137214       -0.032852

     C    3       -0.110455       -0.042249       -0.016916
     C    3       -0.042249       -0.017172       -0.170517
     C    3       -0.016916       -0.170517        0.127626

     H    4       -0.000000        0.000000        0.000000
     H    4        0.000000        0.000000        0.000000
     H    4        0.000000        0.000000        0.000000

     C    5       -0.117416        0.038314        0.001137
     C    5        0.038314       -0.063344       -0.178603
     C    5        0.001137       -0.178603        0.180760

     H    6       -0.000000        0.000000        0.000000
     H    6        0.000000        0.000000        0.000000
     H    6        0.000000        0.000000        0.000000

     H    7       -0.000000        0.000000        0.000000
     H    7        0.000000        0.000000        0.000000
     H    7        0.000000        0.000000        0.000000

     C    8       -0.131644        0.000903       -0.040843
     C    8        0.000903        0.000458        0.225998
     C    8       -0.040843        0.225998        0.131185

     H    9       -0.000000        0.000000        0.000000
     H    9        0.000000        0.000000        0.000000
     H    9        0.000000        0.000000        0.000000

     C   10       -0.105711       -0.042962       -0.015399
     C   10       -0.042962       -0.040244        0.147229
     C   10       -0.015399        0.147229        0.145954

     C   11        0.066876        0.164984       -0.088019
     C   11        0.164984       -0.025890        0.062854
     C   11       -0.088019        0.062854       -0.040986

     Cl  12        0.118589        1.936666       -0.388435
     Cl  12        1.936666       -0.904481        0.333769
     Cl  12       -0.388435        0.333769        0.785892

     H   13       -0.000000        0.000000        0.000000
     H   13        0.000000        0.000000        0.000000
     H   13        0.000000        0.000000        0.000000

     C   14       -0.046135        0.088637       -0.133628
     C   14        0.088637       -0.076377       -0.118737
     C   14       -0.133628       -0.118737        0.122512

     H   15       -0.000000        0.000000        0.000000
     H   15        0.000000        0.000000        0.000000
     H   15        0.000000        0.000000        0.000000

     C   16       -0.070853        0.055423       -0.181234
     C   16        0.055423       -0.114864       -0.137793
     C   16       -0.181234       -0.137793        0.185717

     C   17       -0.071694       -0.080795       -0.130129
     C   17       -0.080795       -0.092279       -0.113436
     C   17       -0.130129       -0.113436        0.163973

     Cl  18        1.323562       -2.167850       -0.069245
     Cl  18       -2.167850        0.424212        0.165259
     Cl  18       -0.069245        0.165259       -1.747774

     H   19       -0.000000        0.000000        0.000000
     H   19        0.000000        0.000000        0.000000
     H   19        0.000000        0.000000        0.000000

     C   20       -0.132324       -0.050423       -0.137098
     C   20       -0.050423       -0.100703        0.084930
     C   20       -0.137098        0.084930        0.233028

     H   21       -0.000000        0.000000        0.000000
     H   21        0.000000        0.000000        0.000000
     H   21        0.000000        0.000000        0.000000

     C   22        0.032843       -0.026531       -0.204155
     C   22       -0.026531       -0.093730        0.096002
     C   22       -0.204155        0.096002        0.060886

     C   23        0.008690        0.112889       -0.054414
     C   23        0.112889        0.030557        0.097722
     C   23       -0.054414        0.097722       -0.039247

     Cl  24        1.144752        2.467451       -0.118469
     Cl  24        2.467451        0.647112       -0.445647
     Cl  24       -0.118469       -0.445647       -1.791864

     ----- total EFG -----
     Cl   1        1.379408       -1.746754        0.012052
     Cl   1       -1.746754        0.781990        0.289662
     Cl   1        0.012052        0.289662       -2.161398

     C    2        0.004798       -0.071623       -0.287759
     C    2       -0.071623        0.038432       -0.231853
     C    2       -0.287759       -0.231853       -0.043230

     C    3       -0.144848       -0.155899       -0.095559
     C    3       -0.155899       -0.051171       -0.382712
     C    3       -0.095559       -0.382712        0.196019

     H    4        0.289562        0.333937        0.115633
     H    4        0.333937       -0.249176        0.134114
     H    4        0.115633        0.134114       -0.040387

     C    5       -0.206850        0.173267        0.051002
     C    5        0.173267       -0.110616       -0.358486
     C    5        0.051002       -0.358486        0.317467

     H    6       -0.152745        0.039056       -0.061529
     H    6        0.039056        0.425204        0.115536
     H    6       -0.061529        0.115536       -0.272459

     H    7       -0.005105        0.024584        0.126444
     H    7        0.024584        0.209157       -0.598284
     H    7        0.126444       -0.598284       -0.204052

     C    8       -0.208856        0.042928       -0.106159
     C    8        0.042928        0.106412        0.490693
     C    8       -0.106159        0.490693        0.102444

     H    9        0.283783        0.034909        0.393553
     H    9        0.034909       -0.144591       -0.267082
     H    9        0.393553       -0.267082       -0.139192

     C   10       -0.234530       -0.211112        0.028786
     C   10       -0.211112        0.043091        0.316113
     C   10        0.028786        0.316113        0.191439

     C   11        0.194128        0.291106       -0.191624
     C   11        0.291106        0.049052        0.239365
     C   11       -0.191624        0.239365       -0.243179

     Cl  12        0.113316        2.093376       -0.399634
     Cl  12        2.093376       -1.000559        0.387729
     Cl  12       -0.399634        0.387729        0.887243

     H   13       -0.092963       -0.062403       -0.060361
     H   13       -0.062403        0.002853        0.370231
     H   13       -0.060361        0.370231        0.090110

     C   14       -0.074666        0.186615       -0.304930
     C   14        0.186615       -0.195671       -0.181717
     C   14       -0.304930       -0.181717        0.270337

     H   15       -0.054918        0.029476        0.420874
     H   15        0.029476       -0.144759       -0.013374
     H   15        0.420874       -0.013374        0.199678

     C   16       -0.070402        0.023860       -0.307411
     C   16        0.023860       -0.288158       -0.272402
     C   16       -0.307411       -0.272402        0.358560

     C   17       -0.275434       -0.167149       -0.196698
     C   17       -0.167149       -0.031747       -0.256918
     C   17       -0.196698       -0.256918        0.307181

     Cl  18        1.422170       -2.367837       -0.047719
     Cl  18       -2.367837        0.513510        0.173386
     Cl  18       -0.047719        0.173386       -1.935680

     H   19       -0.045373        0.112436        0.128786
     H   19        0.112436        0.232114       -0.558515
     H   19        0.128786       -0.558515       -0.186741

     C   20       -0.319879       -0.216864       -0.278097
     C   20       -0.216864       -0.064396        0.133535
     C   20       -0.278097        0.133535        0.384275

     H   21        0.071236        0.041844        0.386147
     H   21        0.041844       -0.178000       -0.215752
     H   21        0.386147       -0.215752        0.106764

     C   22        0.096410       -0.060895       -0.394958
     C   22       -0.060895       -0.113520        0.284479
     C   22       -0.394958        0.284479        0.017109

     C   23        0.004469        0.030724       -0.143496
     C   23        0.030724        0.141179        0.211145
     C   23       -0.143496        0.211145       -0.145647

     Cl  24        1.273598        2.724964       -0.142613
     Cl  24        2.724964        0.726803       -0.513830
     Cl  24       -0.142613       -0.513830       -2.000401

     ----- total EFG (symmetrized) -----
     Cl   1        1.379408       -1.746754        0.012052
     Cl   1       -1.746754        0.781990        0.289662
     Cl   1        0.012052        0.289662       -2.161398

     C    2        0.004798       -0.071623       -0.287759
     C    2       -0.071623        0.038432       -0.231853
     C    2       -0.287759       -0.231853       -0.043230

     C    3       -0.144848       -0.155899       -0.095559
     C    3       -0.155899       -0.051171       -0.382712
     C    3       -0.095559       -0.382712        0.196019

     H    4        0.289562        0.333937        0.115633
     H    4        0.333937       -0.249176        0.134114
     H    4        0.115633        0.134114       -0.040387

     C    5       -0.206850        0.173267        0.051002
     C    5        0.173267       -0.110616       -0.358486
     C    5        0.051002       -0.358486        0.317467

     H    6       -0.152745        0.039056       -0.061529
     H    6        0.039056        0.425204        0.115536
     H    6       -0.061529        0.115536       -0.272459

     H    7       -0.005105        0.024584        0.126444
     H    7        0.024584        0.209157       -0.598284
     H    7        0.126444       -0.598284       -0.204052

     C    8       -0.208856        0.042928       -0.106159
     C    8        0.042928        0.106412        0.490693
     C    8       -0.106159        0.490693        0.102444

     H    9        0.283783        0.034909        0.393553
     H    9        0.034909       -0.144591       -0.267082
     H    9        0.393553       -0.267082       -0.139192

     C   10       -0.234530       -0.211112        0.028786
     C   10       -0.211112        0.043091        0.316113
     C   10        0.028786        0.316113        0.191439

     C   11        0.194128        0.291106       -0.191624
     C   11        0.291106        0.049052        0.239365
     C   11       -0.191624        0.239365       -0.243179

     Cl  12        0.113316        2.093376       -0.399634
     Cl  12        2.093376       -1.000559        0.387729
     Cl  12       -0.399634        0.387729        0.887243

     H   13       -0.092963       -0.062403       -0.060361
     H   13       -0.062403        0.002853        0.370231
     H   13       -0.060361        0.370231        0.090110

     C   14       -0.074666        0.186615       -0.304930
     C   14        0.186615       -0.195671       -0.181717
     C   14       -0.304930       -0.181717        0.270337

     H   15       -0.054918        0.029476        0.420874
     H   15        0.029476       -0.144759       -0.013374
     H   15        0.420874       -0.013374        0.199678

     C   16       -0.070402        0.023860       -0.307411
     C   16        0.023860       -0.288158       -0.272402
     C   16       -0.307411       -0.272402        0.358560

     C   17       -0.275434       -0.167149       -0.196698
     C   17       -0.167149       -0.031747       -0.256918
     C   17       -0.196698       -0.256918        0.307181

     Cl  18        1.422170       -2.367837       -0.047719
     Cl  18       -2.367837        0.513510        0.173386
     Cl  18       -0.047719        0.173386       -1.935680

     H   19       -0.045373        0.112436        0.128786
     H   19        0.112436        0.232114       -0.558515
     H   19        0.128786       -0.558515       -0.186741

     C   20       -0.319879       -0.216864       -0.278097
     C   20       -0.216864       -0.064396        0.133535
     C   20       -0.278097        0.133535        0.384275

     H   21        0.071236        0.041844        0.386147
     H   21        0.041844       -0.178000       -0.215752
     H   21        0.386147       -0.215752        0.106764

     C   22        0.096410       -0.060895       -0.394958
     C   22       -0.060895       -0.113520        0.284479
     C   22       -0.394958        0.284479        0.017109

     C   23        0.004469        0.030724       -0.143496
     C   23        0.030724        0.141179        0.211145
     C   23       -0.143496        0.211145       -0.145647

     Cl  24        1.273598        2.724964       -0.142613
     Cl  24        2.724964        0.726803       -0.513830
     Cl  24       -0.142613       -0.513830       -2.000401


     NQR/NMR SPECTROSCOPIC PARAMETERS:
     Cl   1    Vxx=   -0.6567    axis=(  0.643268  0.750864  0.149699)
     Cl   1    Vyy=   -2.2024    axis=( -0.070105 -0.136936  0.988096)
     Cl   1    Vzz=    2.8591    axis=(  0.762425 -0.646105 -0.035447)
     Cl   1  Q=        -8.1650 1e-30 m^2  Cq=       -54.8505 MHz  eta= 0.54062

     C    2    Vxx=    0.0952    axis=( -0.628512  0.777791  0.003805)
     C    2    Vyy=    0.3220    axis=( -0.545034 -0.443907  0.711255)
     C    2    Vzz=   -0.4172    axis=( -0.554897 -0.444958 -0.702923)
     C    2  Q=         1.0000 1e-30 m^2  Cq=        -0.9802 MHz  eta= 0.54370

     C    3    Vxx=   -0.0332    axis=(  0.851667 -0.408960 -0.327742)
     C    3    Vyy=   -0.4417    axis=(  0.523485  0.693702  0.494713)
     C    3    Vzz=    0.4750    axis=(  0.025037 -0.592899  0.804888)
     C    3  Q=         1.0000 1e-30 m^2  Cq=         1.1160 MHz  eta= 0.86014

     H    4    Vxx=   -0.0754    axis=( -0.347211  0.055259  0.936158)
     H    4    Vyy=   -0.4232    axis=( -0.389442  0.899618 -0.197542)
     H    4    Vzz=    0.4985    axis=( -0.853100 -0.433167 -0.290837)
     H    4  Q=         1.0000 1e-30 m^2  Cq=         1.1714 MHz  eta= 0.69769

     C    5    Vxx=   -0.0784    axis=(  0.800225  0.492207  0.342596)
     C    5    Vyy=   -0.4450    axis=( -0.596762  0.710045  0.373780)
     C    5    Vzz=    0.5234    axis=( -0.059282 -0.503556  0.861926)
     C    5  Q=         1.0000 1e-30 m^2  Cq=         1.2298 MHz  eta= 0.70026

     H    6    Vxx=   -0.1269    axis=(  0.924960  0.014048 -0.379804)
     H    6    Vyy=   -0.3183    axis=( -0.376952  0.161515 -0.912042)
     H    6    Vzz=    0.4452    axis=(  0.048532  0.986770  0.154691)
     H    6  Q=         1.0000 1e-30 m^2  Cq=         1.0461 MHz  eta= 0.43002

     H    7    Vxx=    0.0117    axis=(  0.980273  0.172157  0.097088)
     H    7    Vyy=    0.6400    axis=(  0.083828 -0.806995  0.584579)
     H    7    Vzz=   -0.6517    axis=(  0.178989 -0.564909 -0.805507)
     H    7  Q=         1.0000 1e-30 m^2  Cq=        -1.5313 MHz  eta= 0.96399

     C    8    Vxx=   -0.1619    axis=( -0.903684 -0.337474  0.263565)
     C    8    Vyy=   -0.4358    axis=( -0.424539  0.625811 -0.654315)
     C    8    Vzz=    0.5976    axis=(  0.055873 -0.703187 -0.708806)
     C    8  Q=         1.0000 1e-30 m^2  Cq=         1.4042 MHz  eta= 0.45830

     H    9    Vxx=   -0.0024    axis=(  0.424580  0.821050 -0.381587)
     H    9    Vyy=   -0.5353    axis=( -0.381979  0.544557  0.746692)
     H    9    Vzz=    0.5377    axis=(  0.820868 -0.171272  0.544832)
     H    9  Q=         1.0000 1e-30 m^2  Cq=         1.2634 MHz  eta= 0.99103

     C   10    Vxx=   -0.0479    axis=( -0.649599  0.495647 -0.576502)
     C   10    Vyy=   -0.4123    axis=( -0.741944 -0.578795  0.338401)
     C   10    Vzz=    0.4603    axis=( -0.165949  0.647557  0.743728)
     C   10  Q=         1.0000 1e-30 m^2  Cq=         1.0814 MHz  eta= 0.79184

     C   11    Vxx=    0.0975    axis=( -0.451796  0.590298  0.668901)
     C   11    Vyy=    0.4216    axis=( -0.790179 -0.612835  0.007108)
     C   11    Vzz=   -0.5191    axis=(  0.414122 -0.525340  0.743318)
     C   11  Q=         1.0000 1e-30 m^2  Cq=        -1.2197 MHz  eta= 0.62441

     Cl  12    Vxx=    0.9636    axis=( -0.009677  0.183715  0.982932)
     Cl  12    Vyy=    1.7310    axis=( -0.796493 -0.595724  0.103502)
     Cl  12    Vzz=   -2.6946    axis=(  0.604571 -0.781896  0.152092)
     Cl  12  Q=        -8.1650 1e-30 m^2  Cq=        51.6946 MHz  eta= 0.28476

     H   13    Vxx=   -0.1070    axis=( -0.986313 -0.085859 -0.140766)
     H   13    Vyy=   -0.3265    axis=( -0.029203 -0.749268  0.661622)
     H   13    Vzz=    0.4335    axis=( -0.162278  0.656677  0.736506)
     H   13  Q=         1.0000 1e-30 m^2  Cq=         1.0186 MHz  eta= 0.50631

     C   14    Vxx=   -0.2002    axis=(  0.558456  0.585183  0.587953)
     C   14    Vyy=   -0.3350    axis=( -0.661276  0.741977 -0.110382)
     C   14    Vzz=    0.5351    axis=( -0.500841 -0.327156  0.801328)
     C   14  Q=         1.0000 1e-30 m^2  Cq=         1.2573 MHz  eta= 0.25191

     H   15    Vxx=   -0.1404    axis=(  0.104707  0.990365 -0.090632)
     H   15    Vyy=   -0.3717    axis=( -0.795909  0.138092  0.589458)
     H   15    Vzz=    0.5122    axis=(  0.596294  0.010414  0.802699)
     H   15  Q=         1.0000 1e-30 m^2  Cq=         1.2034 MHz  eta= 0.45165

     C   16    Vxx=   -0.1767    axis=( -0.853183  0.452287 -0.259838)
     C   16    Vyy=   -0.4158    axis=( -0.319612 -0.846974 -0.424834)
     C   16    Vzz=    0.5925    axis=( -0.412222 -0.279414  0.867180)
     C   16  Q=         1.0000 1e-30 m^2  Cq=         1.3920 MHz  eta= 0.40360

     C   17    Vxx=    0.0155    axis=(  0.605640 -0.753637 -0.255405)
     C   17    Vyy=    0.4592    axis=(  0.144419  0.419738 -0.896082)
     C   17    Vzz=   -0.4747    axis=(  0.782523  0.505818  0.363049)
     C   17  Q=         1.0000 1e-30 m^2  Cq=        -1.1154 MHz  eta= 0.93466

     Cl  18    Vxx=   -1.4226    axis=(  0.629313  0.752125  0.195634)
     Cl  18    Vyy=   -1.9604    axis=( -0.103841 -0.168096  0.980286)
     Cl  18    Vzz=    3.3829    axis=(  0.770183 -0.637222 -0.027683)
     Cl  18  Q=        -8.1650 1e-30 m^2  Cq=       -64.9001 MHz  eta= 0.15896

     H   19    Vxx=    0.0040    axis=(  0.958962  0.136199  0.248680)
     H   19    Vyy=    0.6197    axis=(  0.029718  0.823958 -0.565871)
     H   19    Vzz=   -0.6237    axis=( -0.281972  0.550039  0.786097)
     H   19  Q=         1.0000 1e-30 m^2  Cq=        -1.4655 MHz  eta= 0.98720

     C   20    Vxx=   -0.0627    axis=(  0.268729 -0.864194  0.425386)
     C   20    Vyy=   -0.4847    axis=( -0.893088 -0.388976 -0.226035)
     C   20    Vzz=    0.5474    axis=( -0.360803  0.319165  0.876330)
     C   20  Q=         1.0000 1e-30 m^2  Cq=         1.2862 MHz  eta= 0.77096

     H   21    Vxx=   -0.0678    axis=(  0.562806  0.775274 -0.286706)
     H   21    Vyy=   -0.4330    axis=( -0.516868  0.600755  0.609869)
     H   21    Vzz=    0.5009    axis=(  0.645056 -0.195048  0.738823)
     H   21  Q=         1.0000 1e-30 m^2  Cq=         1.1768 MHz  eta= 0.72912

     C   22    Vxx=   -0.0962    axis=(  0.608177  0.773749  0.177293)
     C   22    Vyy=   -0.4468    axis=(  0.460791 -0.525986  0.714850)
     C   22    Vzz=    0.5430    axis=( -0.646368  0.353061  0.676429)
     C   22  Q=         1.0000 1e-30 m^2  Cq=         1.2758 MHz  eta= 0.64567

     C   23    Vxx=    0.0592    axis=(  0.897511  0.351020 -0.266944)
     C   23    Vyy=    0.2604    axis=( -0.180778  0.844984  0.503311)
     C   23    Vzz=   -0.3195    axis=(  0.402235 -0.403470  0.821839)
     C   23  Q=         1.0000 1e-30 m^2  Cq=        -0.7508 MHz  eta= 0.62969

     Cl  24    Vxx=   -1.5661    axis=( -0.606258  0.604760 -0.516446)
     Cl  24    Vyy=   -2.2080    axis=(  0.299808 -0.427681 -0.852763)
     Cl  24    Vzz=    3.7741    axis=( -0.736591 -0.671829  0.077973)
     Cl  24  Q=        -8.1650 1e-30 m^2  Cq=       -72.4038 MHz  eta= 0.17007

     Initialization:
     gipaw_setup  :      9.34s CPU     11.36s WALL (       1 calls)

     Linear response

     Apply operators

     Induced current

     Other routines
     efg          :      9.31s CPU     11.84s WALL (       1 calls)

     General routines
     calbec       :      3.14s CPU      4.22s WALL (      16 calls)
     fft          :      1.48s CPU      2.23s WALL (      15 calls)
     ffts         :      0.04s CPU      0.04s WALL (       2 calls)
     fftw         :      3.40s CPU      4.26s WALL (     672 calls)
     davcio       :      0.04s CPU      0.32s WALL (      32 calls)

     Parallel routines
     fft_scatter  :      2.16s CPU      3.67s WALL (     689 calls)

     Plugins

     GIPAW        :     60.38s CPU     73.22s WALL (       1 calls)
