
     Program QE v.6.0 (svn rev. 13079) starts on 23Jan2017 at 11:37:43 

     This program is part of the open-source Quantum ESPRESSO suite
     for quantum simulation of materials; please cite
         "P. Giannozzi et al., J. Phys.:Condens. Matter 21 395502 (2009);
          URL http://www.quantum-espresso.org", 
     in publications or presentations arising from this work. More details at
     http://www.quantum-espresso.org/quote

     Parallel version (MPI), running on     8 processors
     R & G space division:  proc/nbgrp/npool/nimage =       8

     ***** This is GIPAW svn revision unknown      *****

     Parallelizing q-star over 1 images

     Reading data from directory:
     /users/majewski/paradichlorobenzene/pbe/9_constraint/scratch/pbe.ecut100.np8.dt60.pcl2phi-129368.save
     Message from routine read_xml_file:
     file /users/majewski/paradichlorobenzene/pbe/9_constraint/scratch/pbe.ecut100.np8.dt60.pcl2phi-129368.save not guaranteed to be safe for post-processing

   Info: using nr1, nr2, nr3 values from input

   Info: using nr1, nr2, nr3 values from input

     IMPORTANT: XC functional enforced from input :
     Exchange-correlation      =  SLA  PW   PBX  PBC ( 1  4  3  4 0 0)
     Any further DFT definition will be discarded
     Please, verify this is what you really want

               file C.pbe-n-kjpaw_psl.1.0.0.UPF: wavefunction(s)  2S 2P renormalized
               file Cl.pbe-n-kjpaw_psl.1.0.0.UPF: wavefunction(s)  3S 3P renormalized
               file H.pbe-kjpaw_psl.1.0.0.UPF: wavefunction(s)  1S renormalized

     Parallelization info
     --------------------
     sticks:   dense  smooth     PW     G-vecs:    dense   smooth      PW
     Min        3057    1223    332               144436    36536    5170
     Max        3059    1225    333               144437    36537    5171
     Sum       24467    9791   2657              1155489   292295   41363


     Subspace diagonalization in iterative solution of the eigenvalue problem:
     a serial algorithm will be used

     GIPAW projectors -----------------------------------------------
     atom=  C    l=0  rc=    1.2000  rs=    0.8000
     atom=  C    l=0  rc=    1.2000  rs=    0.8000
     atom=  C    l=1  rc=    1.4000  rs=    0.9333
     atom=  C    l=1  rc=    1.4000  rs=    0.9333
     projs nearly linearly dependent: l=1  n1,n2= 1, 2  s=  0.99951561

     atom=  Cl   l=0  rc=    1.6000  rs=    1.0667
     atom=  Cl   l=0  rc=    1.6000  rs=    1.0667
     atom=  Cl   l=1  rc=    1.6000  rs=    1.0667
     atom=  Cl   l=1  rc=    1.6000  rs=    1.0667
     atom=  Cl   l=2  rc=    1.6000  rs=    1.0667
     atom=  Cl   l=2  rc=    1.6000  rs=    1.0667
     projs nearly linearly dependent: l=2  n1,n2= 1, 2  s=  0.99993509

     atom=  H    l=0  rc=    1.0000  rs=    0.6667
     atom=  H    l=0  rc=    1.0000  rs=    0.6667
     projs nearly linearly dependent: l=0  n1,n2= 1, 2  s=  0.99968852
     -----------------------------------------------------------------

     GIPAW integrals: -------------------------------------------
     Atom  i/j   nmr_para   nmr_dia   epr_rmc  epr_para   epr_dia
       C   1 1   0.83E+03  0.17E-01  0.93E+01  0.24E+08  0.24E+03
       C   2 1   0.86E+03 -0.61E-01  0.94E+01  0.25E+08  0.25E+03
       C   2 2   0.90E+03 -0.15E+00  0.97E+01  0.26E+08  0.26E+03
       C   3 3   0.33E+01  0.34E+00  0.18E+01  0.55E+03  0.21E+02
       C   4 3   0.35E+01  0.37E+00  0.20E+01  0.59E+03  0.22E+02
       C   4 4   0.38E+01  0.39E+00  0.22E+01  0.63E+03  0.24E+02
       Cl  1 1   0.14E+04 -0.47E+00  0.84E+01  0.32E+09  0.42E+03
       Cl  2 1   0.21E+04 -0.37E+00  0.12E+02  0.49E+09  0.65E+03
       Cl  2 2   0.33E+04 -0.16E+00  0.21E+02  0.76E+09  0.10E+04
       Cl  3 3   0.21E+02  0.79E-01  0.89E+01  0.23E+05  0.13E+03
       Cl  4 3   0.24E+02  0.67E-01  0.99E+01  0.27E+05  0.15E+03
       Cl  4 4   0.28E+02  0.44E-01  0.11E+02  0.32E+05  0.18E+03
       Cl  5 5   0.77E+00  0.19E+00  0.18E+01  0.12E+03  0.22E+02
       Cl  6 5   0.80E+00  0.19E+00  0.19E+01  0.12E+03  0.23E+02
       Cl  6 6   0.83E+00  0.20E+00  0.19E+01  0.12E+03  0.23E+02
       H   1 1   0.39E+02  0.19E+00  0.29E+00  0.78E+05  0.13E+02
       H   2 1   0.41E+02  0.21E+00  0.32E+00  0.82E+05  0.14E+02
       H   2 2   0.43E+02  0.22E+00  0.36E+00  0.86E+05  0.15E+02
     ------------------------------------------------------------

     alpha_pv=     33.5930 eV

     Number of occupied bands for each k-point:
     k-point:     1    nbnd_occ=  42
     k-point:     2    nbnd_occ=  42
     k-point:     3    nbnd_occ=  42
     k-point:     4    nbnd_occ=  42
     k-point:     5    nbnd_occ=  42
     k-point:     6    nbnd_occ=  42
     k-point:     7    nbnd_occ=  42
     k-point:     8    nbnd_occ=  42
     k-point:     9    nbnd_occ=  42
     k-point:    10    nbnd_occ=  42
     k-point:    11    nbnd_occ=  42
     k-point:    12    nbnd_occ=  42
     k-point:    13    nbnd_occ=  42
     k-point:    14    nbnd_occ=  42
     k-point:    15    nbnd_occ=  42
     k-point:    16    nbnd_occ=  42


     q-space interpolation up to   110.00 Rydberg

     GIPAW job: efg                                                                             


     ELECTRIC FIELD GRADIENTS TENSORS IN Hartree/bohrradius^2:

     ----- bare term -----
     Cl   1        0.042157        0.100299       -0.070969
     Cl   1        0.100299        0.057420       -0.058698
     Cl   1       -0.070969       -0.058698       -0.099577

     C    2        0.060941        0.494209       -0.113949
     C    2        0.494209       -0.253434       -0.532087
     C    2       -0.113949       -0.532087        0.192494

     C    3       -0.178536        0.191878       -0.314915
     C    3        0.191878       -0.027554       -0.317440
     C    3       -0.314915       -0.317440        0.206090

     H    4       -0.521541       -0.455164        0.119002
     H    4       -0.455164        0.234397        0.058032
     H    4        0.119002        0.058032        0.287145

     C    5        0.011562        0.497832       -0.160364
     C    5        0.497832       -0.324835       -0.368529
     C    5       -0.160364       -0.368529        0.313273

     H    6        0.090801       -0.501762        0.027172
     H    6       -0.501762       -0.486658       -0.193861
     H    6        0.027172       -0.193861        0.395857

     H    7        0.093496        0.086039       -0.357522
     H    7        0.086039       -0.158648        0.455174
     H    7       -0.357522        0.455174        0.065152

     C    8       -0.236549       -0.361083        0.001776
     C    8       -0.361083       -0.160615        0.382345
     C    8        0.001776        0.382345        0.397164

     H    9        0.093094       -0.053322       -0.434495
     H    9       -0.053322        0.198775       -0.218595
     H    9       -0.434495       -0.218595       -0.291869

     C   10       -0.009972        0.099250       -0.215548
     C   10        0.099250       -0.086407        0.496458
     C   10       -0.215548        0.496458        0.096380

     C   11       -0.322801       -0.333565       -0.094417
     C   11       -0.333565       -0.125004        0.458941
     C   11       -0.094417        0.458941        0.447805

     Cl  12       -0.037804        0.055027       -0.053023
     Cl  12        0.055027        0.056329        0.110066
     Cl  12       -0.053023        0.110066       -0.018525

     H   13        0.409733        0.123459       -0.212060
     H   13        0.123459       -0.612149        0.066277
     H   13       -0.212060        0.066277        0.202416

     C   14       -0.488955       -0.104761       -0.260353
     C   14       -0.104761       -0.028547       -0.363648
     C   14       -0.260353       -0.363648        0.517502

     H   15       -0.394217       -0.411998       -0.023812
     H   15       -0.411998        0.290219        0.064291
     H   15       -0.023812        0.064291        0.103997

     C   16       -0.056484        0.438327        0.175082
     C   16        0.438327       -0.521434       -0.494949
     C   16        0.175082       -0.494949        0.577918

     C   17       -0.100431       -0.095139       -0.389155
     C   17       -0.095139       -0.053513       -0.441161
     C   17       -0.389155       -0.441161        0.153944

     Cl  18       -0.019492        0.221542       -0.148687
     Cl  18        0.221542       -0.104229       -0.042879
     Cl  18       -0.148687       -0.042879        0.123721

     H   19        0.092630       -0.081763        0.395307
     H   19       -0.081763        0.102832        0.385996
     H   19        0.395307        0.385996       -0.195462

     C   20       -0.058509        0.136581       -0.432647
     C   20        0.136581        0.078381        0.389497
     C   20       -0.432647        0.389497       -0.019872

     H   21        0.137203        0.043946       -0.120177
     H   21        0.043946        0.459715        0.002086
     H   21       -0.120177        0.002086       -0.596918

     C   22        0.051022       -0.443294       -0.072835
     C   22       -0.443294       -0.283445        0.137450
     C   22       -0.072835        0.137450        0.232422

     C   23        0.101583        0.193068       -0.623262
     C   23        0.193068       -0.226056        0.534950
     C   23       -0.623262        0.534950        0.124473

     Cl  24       -0.095027       -0.283458       -0.120062
     Cl  24       -0.283458       -0.081197        0.053470
     Cl  24       -0.120062        0.053470        0.176223

     ----- ionic term -----
     Cl   1        0.133084       -0.180504       -0.016365
     Cl   1       -0.180504        0.011771        0.005782
     Cl   1       -0.016365        0.005782       -0.144855

     C    2        0.262946       -0.035651        0.147801
     C    2       -0.035651        0.225802        0.364730
     C    2        0.147801        0.364730       -0.488748

     C    3        0.234939       -0.204471        0.098038
     C    3       -0.204471        0.249689        0.360834
     C    3        0.098038        0.360834       -0.484629

     H    4        0.778364        0.364721        0.480443
     H    4        0.364721       -0.398017        0.213639
     H    4        0.480443        0.213639       -0.380348

     C    5        0.345351       -0.118738        0.179794
     C    5       -0.118738        0.107765        0.310268
     C    5        0.179794        0.310268       -0.453116

     H    6       -0.520015        0.144525        0.083881
     H    6        0.144525        0.719690        0.652226
     H    6        0.083881        0.652226       -0.199675

     H    7       -0.524905       -0.132696        0.093420
     H    7       -0.132696        0.649058       -0.692922
     H    7        0.093420       -0.692922       -0.124153

     C    8        0.084203        0.231421        0.336707
     C    8        0.231421        0.109016       -0.222754
     C    8        0.336707       -0.222754       -0.193219

     H    9        0.313336       -0.103959        0.786276
     H    9       -0.103959       -0.491446       -0.166362
     H    9        0.786276       -0.166362        0.178110

     C   10       -0.043861        0.299788        0.258523
     C   10        0.299788        0.159801       -0.347144
     C   10        0.258523       -0.347144       -0.115940

     C   11       -0.030360        0.270980        0.357372
     C   11        0.270980        0.041251       -0.408803
     C   11        0.357372       -0.408803       -0.010891

     Cl  12        0.103775        0.234043        0.004938
     Cl  12        0.234043        0.038598        0.008952
     Cl  12        0.004938        0.008952       -0.142373

     H   13       -0.507795        0.074540        0.010197
     H   13        0.074540        0.893743        0.510802
     H   13        0.010197        0.510802       -0.385948

     C   14        0.338530       -0.097035        0.131901
     C   14       -0.097035        0.178258        0.268884
     C   14        0.131901        0.268884       -0.516788

     H   15        0.772960        0.387672        0.514706
     H   15        0.387672       -0.335365        0.201773
     H   15        0.514706        0.201773       -0.437596

     C   16        0.218587       -0.170511        0.125852
     C   16       -0.170511        0.300175        0.321320
     C   16        0.125852        0.321320       -0.518763

     C   17        0.252494       -0.076093        0.261865
     C   17       -0.076093        0.250710        0.297173
     C   17        0.261865        0.297173       -0.503204

     Cl  18        0.157431       -0.202650        0.057223
     Cl  18       -0.202650        0.007871       -0.023867
     Cl  18        0.057223       -0.023867       -0.165302

     H   19       -0.535834        0.000530        0.025560
     H   19        0.000530        0.415869       -0.778178
     H   19        0.025560       -0.778178        0.119966

     C   20        0.072488        0.251435        0.370033
     C   20        0.251435       -0.065721       -0.268869
     C   20        0.370033       -0.268869       -0.006767

     H   21        0.154814       -0.153450        0.795299
     H   21       -0.153450       -0.494405       -0.250581
     H   21        0.795299       -0.250581        0.339591

     C   22       -0.048604        0.289741        0.222332
     C   22        0.289741        0.110470       -0.409803
     C   22        0.222332       -0.409803       -0.061866

     C   23        0.031026        0.288580        0.272523
     C   23        0.288580        0.086999       -0.399696
     C   23        0.272523       -0.399696       -0.118025

     Cl  24        0.117275        0.205666        0.030117
     Cl  24        0.205666        0.021206        0.008760
     Cl  24        0.030117        0.008760       -0.138481

     ----- GIPAW term -----
     Cl   1        2.373847       -0.022335       -1.124062
     Cl   1       -0.022335        0.004019       -0.726137
     Cl   1       -1.124062       -0.726137       -2.377866

     C    2        0.196682        0.147445       -0.029343
     C    2        0.147445       -0.039523       -0.080529
     C    2       -0.029343       -0.080529       -0.157159

     C    3        0.011943        0.134314       -0.160481
     C    3        0.134314        0.017942       -0.112058
     C    3       -0.160481       -0.112058       -0.029885

     H    4       -0.000000        0.000000        0.000000
     H    4        0.000000        0.000000        0.000000
     H    4        0.000000        0.000000        0.000000

     C    5        0.139227        0.227611       -0.080266
     C    5        0.227611       -0.071774       -0.114108
     C    5       -0.080266       -0.114108       -0.067453

     H    6       -0.000000        0.000000        0.000000
     H    6        0.000000        0.000000        0.000000
     H    6        0.000000        0.000000        0.000000

     H    7       -0.000000        0.000000        0.000000
     H    7        0.000000        0.000000        0.000000
     H    7        0.000000        0.000000        0.000000

     C    8        0.085452        0.094465        0.127977
     C    8        0.094465       -0.055824        0.116144
     C    8        0.127977        0.116144       -0.029627

     H    9       -0.000000        0.000000        0.000000
     H    9        0.000000        0.000000        0.000000
     H    9        0.000000        0.000000        0.000000

     C   10       -0.080394        0.094301        0.021858
     C   10        0.094301        0.046030        0.171882
     C   10        0.021858        0.171882        0.034364

     C   11       -0.023974        0.149696        0.087424
     C   11        0.149696        0.033682        0.179128
     C   11        0.087424        0.179128       -0.009708

     Cl  12        0.145866        2.471085        0.057965
     Cl  12        2.471085        1.304711        1.713383
     Cl  12        0.057965        1.713383       -1.450577

     H   13       -0.000000        0.000000        0.000000
     H   13        0.000000        0.000000        0.000000
     H   13        0.000000        0.000000        0.000000

     C   14       -0.072400       -0.075589        0.143040
     C   14       -0.075589       -0.113424       -0.107610
     C   14        0.143040       -0.107610        0.185824

     H   15       -0.000000        0.000000        0.000000
     H   15        0.000000        0.000000        0.000000
     H   15        0.000000        0.000000        0.000000

     C   16       -0.055797        0.023325        0.162438
     C   16        0.023325       -0.163128       -0.107038
     C   16        0.162438       -0.107038        0.218925

     C   17        0.190251       -0.076632        0.044857
     C   17       -0.076632       -0.075284       -0.024140
     C   17        0.044857       -0.024140       -0.114966

     Cl  18        1.671573       -0.999514       -1.309406
     Cl  18       -0.999514       -0.698344       -0.372948
     Cl  18       -1.309406       -0.372948       -0.973229

     H   19       -0.000000        0.000000        0.000000
     H   19        0.000000        0.000000        0.000000
     H   19        0.000000        0.000000        0.000000

     C   20        0.157698        0.026908       -0.116232
     C   20        0.026908       -0.085885        0.042105
     C   20       -0.116232        0.042105       -0.071812

     H   21       -0.000000        0.000000        0.000000
     H   21        0.000000        0.000000        0.000000
     H   21        0.000000        0.000000        0.000000

     C   22        0.089740       -0.057376       -0.092151
     C   22       -0.057376       -0.093684        0.007903
     C   22       -0.092151        0.007903        0.003943

     C   23        0.189393        0.109214       -0.238084
     C   23        0.109214       -0.130057        0.073524
     C   23       -0.238084        0.073524       -0.059335

     Cl  24        1.325579       -0.257458       -2.088144
     Cl  24       -0.257458       -0.973600        1.012566
     Cl  24       -2.088144        1.012566       -0.351979

     ----- total EFG -----
     Cl   1        2.549088       -0.102539       -1.211396
     Cl   1       -0.102539        0.073210       -0.779053
     Cl   1       -1.211396       -0.779053       -2.622299

     C    2        0.520568        0.606002        0.004509
     C    2        0.606002       -0.067155       -0.247886
     C    2        0.004509       -0.247886       -0.453413

     C    3        0.068345        0.121720       -0.377359
     C    3        0.121720        0.240078       -0.068664
     C    3       -0.377359       -0.068664       -0.308423

     H    4        0.256823       -0.090442        0.599445
     H    4       -0.090442       -0.163620        0.271670
     H    4        0.599445        0.271670       -0.093203

     C    5        0.496140        0.606705       -0.060836
     C    5        0.606705       -0.288844       -0.172369
     C    5       -0.060836       -0.172369       -0.207296

     H    6       -0.429215       -0.357237        0.111053
     H    6       -0.357237        0.233032        0.458365
     H    6        0.111053        0.458365        0.196183

     H    7       -0.431410       -0.046656       -0.264102
     H    7       -0.046656        0.490410       -0.237747
     H    7       -0.264102       -0.237747       -0.059001

     C    8       -0.066894       -0.035198        0.466460
     C    8       -0.035198       -0.107423        0.275735
     C    8        0.466460        0.275735        0.174318

     H    9        0.406430       -0.157281        0.351781
     H    9       -0.157281       -0.292671       -0.384957
     H    9        0.351781       -0.384957       -0.113758

     C   10       -0.134227        0.493339        0.064833
     C   10        0.493339        0.119424        0.321196
     C   10        0.064833        0.321196        0.014803

     C   11       -0.377135        0.087111        0.350379
     C   11        0.087111       -0.050072        0.229265
     C   11        0.350379        0.229265        0.427206

     Cl  12        0.211837        2.760155        0.009881
     Cl  12        2.760155        1.399638        1.832401
     Cl  12        0.009881        1.832401       -1.611475

     H   13       -0.098062        0.197999       -0.201863
     H   13        0.197999        0.281594        0.577079
     H   13       -0.201863        0.577079       -0.183532

     C   14       -0.222825       -0.277384        0.014589
     C   14       -0.277384        0.036287       -0.202374
     C   14        0.014589       -0.202374        0.186538

     H   15        0.378743       -0.024326        0.490894
     H   15       -0.024326       -0.045145        0.266064
     H   15        0.490894        0.266064       -0.333598

     C   16        0.106307        0.291141        0.463372
     C   16        0.291141       -0.384388       -0.280667
     C   16        0.463372       -0.280667        0.278081

     C   17        0.342313       -0.247865       -0.082432
     C   17       -0.247865        0.121913       -0.168128
     C   17       -0.082432       -0.168128       -0.464226

     Cl  18        1.809512       -0.980622       -1.400869
     Cl  18       -0.980622       -0.794702       -0.439693
     Cl  18       -1.400869       -0.439693       -1.014810

     H   19       -0.443205       -0.081233        0.420868
     H   19       -0.081233        0.518701       -0.392182
     H   19        0.420868       -0.392182       -0.075496

     C   20        0.171677        0.414924       -0.178846
     C   20        0.414924       -0.073225        0.162734
     C   20       -0.178846        0.162734       -0.098451

     H   21        0.292017       -0.109504        0.675122
     H   21       -0.109504       -0.034691       -0.248494
     H   21        0.675122       -0.248494       -0.257326

     C   22        0.092159       -0.210930        0.057346
     C   22       -0.210930       -0.266658       -0.264449
     C   22        0.057346       -0.264449        0.174499

     C   23        0.322002        0.590863       -0.588823
     C   23        0.590863       -0.269114        0.208777
     C   23       -0.588823        0.208777       -0.052887

     Cl  24        1.347827       -0.335250       -2.178088
     Cl  24       -0.335250       -1.033590        1.074796
     Cl  24       -2.178088        1.074796       -0.314237

     ----- total EFG (symmetrized) -----
     Cl   1        2.549088       -0.102539       -1.211396
     Cl   1       -0.102539        0.073210       -0.779053
     Cl   1       -1.211396       -0.779053       -2.622299

     C    2        0.520568        0.606002        0.004509
     C    2        0.606002       -0.067155       -0.247886
     C    2        0.004509       -0.247886       -0.453413

     C    3        0.068345        0.121720       -0.377359
     C    3        0.121720        0.240078       -0.068664
     C    3       -0.377359       -0.068664       -0.308423

     H    4        0.256823       -0.090442        0.599445
     H    4       -0.090442       -0.163620        0.271670
     H    4        0.599445        0.271670       -0.093203

     C    5        0.496140        0.606705       -0.060836
     C    5        0.606705       -0.288844       -0.172369
     C    5       -0.060836       -0.172369       -0.207296

     H    6       -0.429215       -0.357237        0.111053
     H    6       -0.357237        0.233032        0.458365
     H    6        0.111053        0.458365        0.196183

     H    7       -0.431410       -0.046656       -0.264102
     H    7       -0.046656        0.490410       -0.237747
     H    7       -0.264102       -0.237747       -0.059001

     C    8       -0.066894       -0.035198        0.466460
     C    8       -0.035198       -0.107423        0.275735
     C    8        0.466460        0.275735        0.174318

     H    9        0.406430       -0.157281        0.351781
     H    9       -0.157281       -0.292671       -0.384957
     H    9        0.351781       -0.384957       -0.113758

     C   10       -0.134227        0.493339        0.064833
     C   10        0.493339        0.119424        0.321196
     C   10        0.064833        0.321196        0.014803

     C   11       -0.377135        0.087111        0.350379
     C   11        0.087111       -0.050072        0.229265
     C   11        0.350379        0.229265        0.427206

     Cl  12        0.211837        2.760155        0.009881
     Cl  12        2.760155        1.399638        1.832401
     Cl  12        0.009881        1.832401       -1.611475

     H   13       -0.098062        0.197999       -0.201863
     H   13        0.197999        0.281594        0.577079
     H   13       -0.201863        0.577079       -0.183532

     C   14       -0.222825       -0.277384        0.014589
     C   14       -0.277384        0.036287       -0.202374
     C   14        0.014589       -0.202374        0.186538

     H   15        0.378743       -0.024326        0.490894
     H   15       -0.024326       -0.045145        0.266064
     H   15        0.490894        0.266064       -0.333598

     C   16        0.106307        0.291141        0.463372
     C   16        0.291141       -0.384388       -0.280667
     C   16        0.463372       -0.280667        0.278081

     C   17        0.342313       -0.247865       -0.082432
     C   17       -0.247865        0.121913       -0.168128
     C   17       -0.082432       -0.168128       -0.464226

     Cl  18        1.809512       -0.980622       -1.400869
     Cl  18       -0.980622       -0.794702       -0.439693
     Cl  18       -1.400869       -0.439693       -1.014810

     H   19       -0.443205       -0.081233        0.420868
     H   19       -0.081233        0.518701       -0.392182
     H   19        0.420868       -0.392182       -0.075496

     C   20        0.171677        0.414924       -0.178846
     C   20        0.414924       -0.073225        0.162734
     C   20       -0.178846        0.162734       -0.098451

     H   21        0.292017       -0.109504        0.675122
     H   21       -0.109504       -0.034691       -0.248494
     H   21        0.675122       -0.248494       -0.257326

     C   22        0.092159       -0.210930        0.057346
     C   22       -0.210930       -0.266658       -0.264449
     C   22        0.057346       -0.264449        0.174499

     C   23        0.322002        0.590863       -0.588823
     C   23        0.590863       -0.269114        0.208777
     C   23       -0.588823        0.208777       -0.052887

     Cl  24        1.347827       -0.335250       -2.178088
     Cl  24       -0.335250       -1.033590        1.074796
     Cl  24       -2.178088        1.074796       -0.314237


     NQR/NMR SPECTROSCOPIC PARAMETERS:
     Cl   1    Vxx=    0.2654    axis=(  0.077945 -0.970284  0.229071)
     Cl   1    Vyy=    2.8206    axis=(  0.974979  0.026206 -0.220746)
     Cl   1    Vzz=   -3.0860    axis=(  0.208184  0.240545  0.948049)
     Cl   1  Q=        -8.1650 1e-30 m^2  Cq=        59.2029 MHz  eta= 0.82801

     C    2    Vxx=   -0.2445    axis=(  0.448397 -0.571218  0.687496)
     C    2    Vyy=   -0.6679    axis=(  0.317452 -0.617238 -0.719890)
     C    2    Vzz=    0.9125    axis=( -0.835563 -0.541043  0.095433)
     C    2  Q=         1.0000 1e-30 m^2  Cq=         2.1439 MHz  eta= 0.46406

     C    3    Vxx=    0.1279    axis=( -0.529233  0.779537  0.335014)
     C    3    Vyy=    0.4139    axis=( -0.664947 -0.626313  0.406912)
     C    3    Vzz=   -0.5418    axis=(  0.527026 -0.007416  0.849817)
     C    3  Q=         1.0000 1e-30 m^2  Cq=        -1.2731 MHz  eta= 0.52779

     H    4    Vxx=   -0.0307    axis=(  0.365885 -0.878223 -0.307981)
     H    4    Vyy=   -0.6856    axis=(  0.506371  0.465516 -0.725868)
     H    4    Vzz=    0.7163    axis=(  0.780844  0.109632  0.615032)
     H    4  Q=         1.0000 1e-30 m^2  Cq=         1.6830 MHz  eta= 0.91437

     C    5    Vxx=   -0.1905    axis=(  0.242060 -0.178322  0.953734)
     C    5    Vyy=   -0.6535    axis=(  0.437953 -0.857053 -0.271399)
     C    5    Vzz=    0.8440    axis=( -0.865797 -0.483385  0.129362)
     C    5  Q=         1.0000 1e-30 m^2  Cq=         1.9830 MHz  eta= 0.54854

     H    6    Vxx=   -0.0129    axis=( -0.570233  0.451213 -0.686470)
     H    6    Vyy=   -0.6925    axis=( -0.802871 -0.482985  0.349461)
     H    6    Vzz=    0.7053    axis=( -0.173873  0.750421  0.637680)
     H    6  Q=         1.0000 1e-30 m^2  Cq=         1.6572 MHz  eta= 0.96356

     H    7    Vxx=    0.0089    axis=(  0.509863 -0.340655 -0.789933)
     H    7    Vyy=    0.5816    axis=(  0.052775  0.928911 -0.366524)
     H    7    Vzz=   -0.5905    axis=(  0.858635  0.145188  0.491595)
     H    7  Q=         1.0000 1e-30 m^2  Cq=        -1.3875 MHz  eta= 0.96973

     C    8    Vxx=   -0.0651    axis=(  0.531201 -0.844992 -0.061765)
     C    8    Vyy=   -0.5286    axis=(  0.650364  0.453398 -0.609472)
     C    8    Vzz=    0.5937    axis=(  0.543003  0.283583  0.790398)
     C    8  Q=         1.0000 1e-30 m^2  Cq=         1.3950 MHz  eta= 0.78056

     H    9    Vxx=   -0.0828    axis=( -0.589342 -0.583441  0.558814)
     H    9    Vyy=   -0.6093    axis=(  0.112719 -0.744318 -0.658244)
     H    9    Vzz=    0.6921    axis=(  0.799982 -0.324942  0.504422)
     H    9  Q=         1.0000 1e-30 m^2  Cq=         1.6262 MHz  eta= 0.76064

     C   10    Vxx=   -0.0835    axis=( -0.490380 -0.162963  0.856137)
     C   10    Vyy=   -0.5597    axis=( -0.707820  0.647593 -0.282160)
     C   10    Vzz=    0.6432    axis=( -0.508446 -0.744357 -0.432915)
     C   10  Q=         1.0000 1e-30 m^2  Cq=         1.5113 MHz  eta= 0.74046

     C   11    Vxx=   -0.1366    axis=(  0.113928 -0.943009  0.312658)
     C   11    Vyy=   -0.5084    axis=( -0.936710  0.002908  0.350095)
     C   11    Vzz=    0.6450    axis=(  0.331052  0.332755  0.882994)
     C   11  Q=         1.0000 1e-30 m^2  Cq=         1.5154 MHz  eta= 0.57638

     Cl  12    Vxx=   -0.8970    axis=( -0.678350  0.270075  0.683301)
     Cl  12    Vyy=   -3.1114    axis=( -0.464972  0.562279 -0.683844)
     Cl  12    Vzz=    4.0084    axis=(  0.568895  0.781602  0.255845)
     Cl  12  Q=        -8.1650 1e-30 m^2  Cq=       -76.9000 MHz  eta= 0.55243

     H   13    Vxx=    0.0268    axis=(  0.904924  0.175193 -0.387840)
     H   13    Vyy=    0.6749    axis=( -0.071742 -0.835494 -0.544796)
     H   13    Vzz=   -0.7017    axis=( -0.419483  0.520824 -0.743490)
     H   13  Q=         1.0000 1e-30 m^2  Cq=        -1.6487 MHz  eta= 0.92365

     C   14    Vxx=    0.0319    axis=( -0.505003  0.500744  0.703013)
     C   14    Vyy=    0.3843    axis=(  0.314380 -0.651838  0.690125)
     C   14    Vzz=   -0.4162    axis=( -0.803827 -0.569528 -0.171756)
     C   14  Q=         1.0000 1e-30 m^2  Cq=        -0.9780 MHz  eta= 0.84667

     H   15    Vxx=    0.0373    axis=(  0.303501 -0.917635 -0.256578)
     H   15    Vyy=    0.6445    axis=( -0.865854 -0.153209 -0.476260)
     H   15    Vzz=   -0.6817    axis=(  0.397723  0.366704 -0.841038)
     H   15  Q=         1.0000 1e-30 m^2  Cq=        -1.6018 MHz  eta= 0.89059

     C   16    Vxx=    0.0744    axis=(  0.599101  0.658703 -0.455179)
     C   16    Vyy=    0.6645    axis=( -0.627902  0.033777 -0.777559)
     C   16    Vzz=   -0.7388    axis=( -0.496806  0.751644  0.433837)
     C   16  Q=         1.0000 1e-30 m^2  Cq=        -1.7359 MHz  eta= 0.79871

     C   17    Vxx=    0.0305    axis=(  0.524109  0.775959 -0.350996)
     C   17    Vyy=    0.5039    axis=( -0.833603  0.551804 -0.024849)
     C   17    Vzz=   -0.5345    axis=(  0.174399  0.305615  0.936047)
     C   17  Q=         1.0000 1e-30 m^2  Cq=        -1.2558 MHz  eta= 0.88569

     Cl  18    Vxx=   -0.4529    axis=( -0.016207  0.806635 -0.590828)
     Cl  18    Vyy=   -2.1041    axis=( -0.400249 -0.546730 -0.735450)
     Cl  18    Vzz=    2.5570    axis=( -0.916263  0.224559  0.331716)
     Cl  18  Q=        -8.1650 1e-30 m^2  Cq=       -49.0548 MHz  eta= 0.64572

     H   19    Vxx=   -0.0367    axis=(  0.555127  0.532451  0.639007)
     H   19    Vyy=   -0.7381    axis=(  0.799880 -0.131063 -0.585675)
     H   19    Vzz=    0.7747    axis=(  0.228093 -0.836253  0.498653)
     H   19  Q=         1.0000 1e-30 m^2  Cq=         1.8203 MHz  eta= 0.90536

     C   20    Vxx=    0.0324    axis=( -0.225082  0.448390  0.865034)
     C   20    Vyy=    0.4859    axis=( -0.811987 -0.577030  0.087824)
     C   20    Vzz=   -0.5183    axis=(  0.538530 -0.682629  0.493966)
     C   20  Q=         1.0000 1e-30 m^2  Cq=        -1.2178 MHz  eta= 0.87484

     H   21    Vxx=   -0.0669    axis=(  0.338479  0.940576 -0.027370)
     H   21    Vyy=   -0.7428    axis=( -0.518410  0.210673  0.828775)
     H   21    Vzz=    0.8097    axis=(  0.785292 -0.266335  0.558912)
     H   21  Q=         1.0000 1e-30 m^2  Cq=         1.9024 MHz  eta= 0.83483

     C   22    Vxx=    0.0667    axis=( -0.814987  0.058319  0.576537)
     C   22    Vyy=    0.3782    axis=( -0.489539  0.463089 -0.738851)
     C   22    Vzz=   -0.4449    axis=( -0.310077 -0.884391 -0.348862)
     C   22  Q=         1.0000 1e-30 m^2  Cq=        -1.0454 MHz  eta= 0.70024

     C   23    Vxx=    0.0520    axis=(  0.109880  0.675967  0.728694)
     C   23    Vyy=    0.8833    axis=( -0.827526 -0.343885  0.443784)
     C   23    Vzz=   -0.9353    axis=( -0.550570  0.651776 -0.521594)
     C   23  Q=         1.0000 1e-30 m^2  Cq=        -2.1976 MHz  eta= 0.88882

     Cl  24    Vxx=   -0.7819    axis=(  0.473841  0.813087  0.338178)
     Cl  24    Vyy=   -2.2633    axis=(  0.397337 -0.540119  0.741886)
     Cl  24    Vzz=    3.0452    axis=( -0.785874  0.217165  0.579000)
     Cl  24  Q=        -8.1650 1e-30 m^2  Cq=       -58.4205 MHz  eta= 0.48645

     Initialization:
     gipaw_setup  :      9.18s CPU     11.46s WALL (       1 calls)

     Linear response

     Apply operators

     Induced current

     Other routines
     efg          :      9.63s CPU     12.75s WALL (       1 calls)

     General routines
     calbec       :      3.24s CPU      4.18s WALL (      16 calls)
     fft          :      1.60s CPU      2.35s WALL (      15 calls)
     ffts         :      0.04s CPU      0.04s WALL (       2 calls)
     fftw         :      3.64s CPU      5.03s WALL (     672 calls)
     davcio       :      0.04s CPU      0.33s WALL (      32 calls)

     Parallel routines
     fft_scatter  :      2.62s CPU      4.40s WALL (     689 calls)

     Plugins

     GIPAW        :     61.65s CPU     76.94s WALL (       1 calls)
