
     Program QE v.6.0 (svn rev. 13079) starts on  1Jan2017 at 20:26:57 

     This program is part of the open-source Quantum ESPRESSO suite
     for quantum simulation of materials; please cite
         "P. Giannozzi et al., J. Phys.:Condens. Matter 21 395502 (2009);
          URL http://www.quantum-espresso.org", 
     in publications or presentations arising from this work. More details at
     http://www.quantum-espresso.org/quote

     Parallel version (MPI), running on     8 processors
     R & G space division:  proc/nbgrp/npool/nimage =       8

     ***** This is GIPAW svn revision unknown      *****

     Parallelizing q-star over 1 images

     Reading data from directory:
     /users/majewski/paradichlorobenzene/pbe/9_constraint/scratch/pbe.ecut100.np8.dt60.pcl2phi-129368.save
     Message from routine read_xml_file:
     file /users/majewski/paradichlorobenzene/pbe/9_constraint/scratch/pbe.ecut100.np8.dt60.pcl2phi-129368.save not guaranteed to be safe for post-processing

   Info: using nr1, nr2, nr3 values from input

   Info: using nr1, nr2, nr3 values from input

     IMPORTANT: XC functional enforced from input :
     Exchange-correlation      =  SLA  PW   PBX  PBC ( 1  4  3  4 0 0)
     Any further DFT definition will be discarded
     Please, verify this is what you really want

               file C.pbe-n-kjpaw_psl.1.0.0.UPF: wavefunction(s)  2S 2P renormalized
               file Cl.pbe-n-kjpaw_psl.1.0.0.UPF: wavefunction(s)  3S 3P renormalized
               file H.pbe-kjpaw_psl.1.0.0.UPF: wavefunction(s)  1S renormalized

     Parallelization info
     --------------------
     sticks:   dense  smooth     PW     G-vecs:    dense   smooth      PW
     Min        3057    1223    332               144436    36536    5170
     Max        3059    1225    333               144437    36537    5171
     Sum       24467    9791   2657              1155489   292295   41363


     Subspace diagonalization in iterative solution of the eigenvalue problem:
     a serial algorithm will be used

     GIPAW projectors -----------------------------------------------
     atom=  C    l=0  rc=    1.2000  rs=    0.8000
     atom=  C    l=0  rc=    1.2000  rs=    0.8000
     atom=  C    l=1  rc=    1.4000  rs=    0.9333
     atom=  C    l=1  rc=    1.4000  rs=    0.9333
     projs nearly linearly dependent: l=1  n1,n2= 1, 2  s=  0.99951561

     atom=  Cl   l=0  rc=    1.6000  rs=    1.0667
     atom=  Cl   l=0  rc=    1.6000  rs=    1.0667
     atom=  Cl   l=1  rc=    1.6000  rs=    1.0667
     atom=  Cl   l=1  rc=    1.6000  rs=    1.0667
     atom=  Cl   l=2  rc=    1.6000  rs=    1.0667
     atom=  Cl   l=2  rc=    1.6000  rs=    1.0667
     projs nearly linearly dependent: l=2  n1,n2= 1, 2  s=  0.99993509

     atom=  H    l=0  rc=    1.0000  rs=    0.6667
     atom=  H    l=0  rc=    1.0000  rs=    0.6667
     projs nearly linearly dependent: l=0  n1,n2= 1, 2  s=  0.99968852
     -----------------------------------------------------------------

     GIPAW integrals: -------------------------------------------
     Atom  i/j   nmr_para   nmr_dia   epr_rmc  epr_para   epr_dia
       C   1 1   0.83E+03  0.17E-01  0.93E+01  0.24E+08  0.24E+03
       C   2 1   0.86E+03 -0.61E-01  0.94E+01  0.25E+08  0.25E+03
       C   2 2   0.90E+03 -0.15E+00  0.97E+01  0.26E+08  0.26E+03
       C   3 3   0.33E+01  0.34E+00  0.18E+01  0.55E+03  0.21E+02
       C   4 3   0.35E+01  0.37E+00  0.20E+01  0.59E+03  0.22E+02
       C   4 4   0.38E+01  0.39E+00  0.22E+01  0.63E+03  0.24E+02
       Cl  1 1   0.14E+04 -0.47E+00  0.84E+01  0.32E+09  0.42E+03
       Cl  2 1   0.21E+04 -0.37E+00  0.12E+02  0.49E+09  0.65E+03
       Cl  2 2   0.33E+04 -0.16E+00  0.21E+02  0.76E+09  0.10E+04
       Cl  3 3   0.21E+02  0.79E-01  0.89E+01  0.23E+05  0.13E+03
       Cl  4 3   0.24E+02  0.67E-01  0.99E+01  0.27E+05  0.15E+03
       Cl  4 4   0.28E+02  0.44E-01  0.11E+02  0.32E+05  0.18E+03
       Cl  5 5   0.77E+00  0.19E+00  0.18E+01  0.12E+03  0.22E+02
       Cl  6 5   0.80E+00  0.19E+00  0.19E+01  0.12E+03  0.23E+02
       Cl  6 6   0.83E+00  0.20E+00  0.19E+01  0.12E+03  0.23E+02
       H   1 1   0.39E+02  0.19E+00  0.29E+00  0.78E+05  0.13E+02
       H   2 1   0.41E+02  0.21E+00  0.32E+00  0.82E+05  0.14E+02
       H   2 2   0.43E+02  0.22E+00  0.36E+00  0.86E+05  0.15E+02
     ------------------------------------------------------------

     alpha_pv=     34.2993 eV

     Number of occupied bands for each k-point:
     k-point:     1    nbnd_occ=  42
     k-point:     2    nbnd_occ=  42
     k-point:     3    nbnd_occ=  42
     k-point:     4    nbnd_occ=  42
     k-point:     5    nbnd_occ=  42
     k-point:     6    nbnd_occ=  42
     k-point:     7    nbnd_occ=  42
     k-point:     8    nbnd_occ=  42
     k-point:     9    nbnd_occ=  42
     k-point:    10    nbnd_occ=  42
     k-point:    11    nbnd_occ=  42
     k-point:    12    nbnd_occ=  42
     k-point:    13    nbnd_occ=  42
     k-point:    14    nbnd_occ=  42
     k-point:    15    nbnd_occ=  42
     k-point:    16    nbnd_occ=  42


     q-space interpolation up to   110.00 Rydberg

     GIPAW job: efg                                                                             


     ELECTRIC FIELD GRADIENTS TENSORS IN Hartree/bohrradius^2:

     ----- bare term -----
     Cl   1       -0.010661        0.031717        0.035395
     Cl   1        0.031717       -0.003597        0.054173
     Cl   1        0.035395        0.054173        0.014258

     C    2        0.048415        0.414617       -0.102011
     C    2        0.414617       -0.253284       -0.518044
     C    2       -0.102011       -0.518044        0.204869

     C    3       -0.538884        0.260999       -0.267863
     C    3        0.260999        0.011114       -0.206922
     C    3       -0.267863       -0.206922        0.527770

     H    4       -0.108786       -0.294255       -0.521040
     H    4       -0.294255        0.226150       -0.417439
     H    4       -0.521040       -0.417439       -0.117364

     C    5       -0.149565        0.340735        0.016323
     C    5        0.340735       -0.404450       -0.358452
     C    5        0.016323       -0.358452        0.554015

     H    6        0.499713       -0.032348       -0.051833
     H    6       -0.032348        0.090609       -0.365341
     H    6       -0.051833       -0.365341       -0.590322

     H    7        0.071398        0.409293       -0.265393
     H    7        0.409293       -0.265279        0.449225
     H    7       -0.265393        0.449225        0.193881

     C    8        0.024544       -0.514476        0.112840
     C    8       -0.514476       -0.501585        0.336332
     C    8        0.112840        0.336332        0.477041

     H    9       -0.352788        0.077278       -0.660859
     H    9        0.077278        0.441267        0.082809
     H    9       -0.660859        0.082809       -0.088478

     C   10       -0.351169       -0.037213       -0.161027
     C   10       -0.037213       -0.069141        0.307429
     C   10       -0.161027        0.307429        0.420310

     C   11       -0.104391       -0.254201       -0.091355
     C   11       -0.254201       -0.497432        0.432811
     C   11       -0.091355        0.432811        0.601823

     Cl  12       -0.113644       -0.063847       -0.111208
     Cl  12       -0.063847       -0.081506        0.098784
     Cl  12       -0.111208        0.098784        0.195150

     H   13        0.452569       -0.052790        0.107568
     H   13       -0.052790       -0.215419       -0.404655
     H   13        0.107568       -0.404655       -0.237150

     C   14       -0.373928        0.258618       -0.476681
     C   14        0.258618        0.163805       -0.282388
     C   14       -0.476681       -0.282388        0.210123

     H   15       -0.494147       -0.252817       -0.497733
     H   15       -0.252817        0.321792       -0.219204
     H   15       -0.497733       -0.219204        0.172355

     C   16       -0.017581        0.487751        0.076157
     C   16        0.487751       -0.528677       -0.509230
     C   16        0.076157       -0.509230        0.546259

     C   17       -0.496953       -0.100643       -0.225543
     C   17       -0.100643       -0.037545       -0.384764
     C   17       -0.225543       -0.384764        0.534497

     Cl  18        0.160115        0.105085        0.067609
     Cl  18        0.105085        0.190538        0.214392
     Cl  18        0.067609        0.214392       -0.350653

     H   19        0.468284        0.234373        0.087565
     H   19        0.234373       -0.593020       -0.016198
     H   19        0.087565       -0.016198        0.124736

     C   20       -0.711683       -0.085207       -0.303894
     C   20       -0.085207        0.050941        0.151924
     C   20       -0.303894        0.151924        0.660742

     H   21       -0.480533        0.311287       -0.338642
     H   21        0.311287        0.355623        0.135847
     H   21       -0.338642        0.135847        0.124909

     C   22        0.019010       -0.332654        0.038714
     C   22       -0.332654       -0.627285        0.391218
     C   22        0.038714        0.391218        0.608275

     C   23       -0.455662        0.037492       -0.240292
     C   23        0.037492        0.061685        0.234035
     C   23       -0.240292        0.234035        0.393977

     Cl  24       -0.121797       -0.066158        0.075703
     Cl  24       -0.066158       -0.102712       -0.027578
     Cl  24        0.075703       -0.027578        0.224509

     ----- ionic term -----
     Cl   1        0.110402       -0.231956        0.018212
     Cl   1       -0.231956        0.028161       -0.011407
     Cl   1        0.018212       -0.011407       -0.138563

     C    2        0.202171       -0.217839        0.261470
     C    2       -0.217839        0.031396        0.397940
     C    2        0.261470        0.397940       -0.233567

     C    3        0.197290       -0.270218        0.105461
     C    3       -0.270218        0.057698        0.449502
     C    3        0.105461        0.449502       -0.254988

     H    4        0.518818        0.378856        0.688591
     H    4        0.378856       -0.403241        0.313146
     H    4        0.688591        0.313146       -0.115577

     C    5        0.346659       -0.212718        0.169212
     C    5       -0.212718       -0.062834        0.363479
     C    5        0.169212        0.363479       -0.283826

     H    6       -0.513633        0.007076        0.003106
     H    6        0.007076        0.427162        0.806799
     H    6        0.003106        0.806799        0.086470

     H    7       -0.495973       -0.252241        0.101073
     H    7       -0.252241        0.795256       -0.558007
     H    7        0.101073       -0.558007       -0.299284

     C    8        0.224534        0.098666        0.274893
     C    8        0.098666        0.138844       -0.277076
     C    8        0.274893       -0.277076       -0.363378

     H    9        0.612135       -0.253746        0.677890
     H    9       -0.253746       -0.455169       -0.217100
     H    9        0.677890       -0.217100       -0.156965

     C   10        0.125822        0.190195        0.207879
     C   10        0.190195        0.205907       -0.354923
     C   10        0.207879       -0.354923       -0.331729

     C   11        0.250741        0.173120        0.275924
     C   11        0.173120        0.145099       -0.368467
     C   11        0.275924       -0.368467       -0.395840

     Cl  12        0.109247        0.240714       -0.003927
     Cl  12        0.240714        0.051393       -0.006871
     Cl  12       -0.003927       -0.006871       -0.160640

     H   13       -0.509435        0.121226        0.122798
     H   13        0.121226        0.419064        0.797864
     H   13        0.122798        0.797864        0.090372

     C   14        0.334844       -0.148634        0.246484
     C   14       -0.148634       -0.102927        0.354404
     C   14        0.246484        0.354404       -0.231917

     H   15        0.626628        0.296507        0.652672
     H   15        0.296507       -0.470154        0.240328
     H   15        0.652672        0.240328       -0.156474

     C   16        0.215904       -0.237319        0.105964
     C   16       -0.237319       -0.001585        0.422340
     C   16        0.105964        0.422340       -0.214320

     C   17        0.255888       -0.154907        0.152968
     C   17       -0.154907       -0.056801        0.451416
     C   17        0.152968        0.451416       -0.199087

     Cl  18        0.169552       -0.190851       -0.033218
     Cl  18       -0.190851       -0.047167        0.025333
     Cl  18       -0.033218        0.025333       -0.122385

     H   19       -0.459317       -0.236706        0.125215
     H   19       -0.236706        0.768191       -0.584203
     H   19        0.125215       -0.584203       -0.308873

     C   20        0.344817        0.142531        0.286300
     C   20        0.142531        0.078200       -0.268508
     C   20        0.286300       -0.268508       -0.423017

     H   21        0.538932       -0.336791        0.693510
     H   21       -0.336791       -0.377612       -0.284365
     H   21        0.693510       -0.284365       -0.161320

     C   22        0.128403        0.169164        0.216800
     C   22        0.169164        0.250293       -0.377764
     C   22        0.216800       -0.377764       -0.378696

     C   23        0.205628        0.064346        0.305617
     C   23        0.064346        0.151668       -0.374398
     C   23        0.305617       -0.374398       -0.357296

     Cl  24        0.159123        0.192111        0.022908
     Cl  24        0.192111       -0.011943        0.002266
     Cl  24        0.022908        0.002266       -0.147180

     ----- GIPAW term -----
     Cl   1        1.338260       -1.960666        0.319613
     Cl   1       -1.960666        0.044342        0.413295
     Cl   1        0.319613        0.413295       -1.382602

     C    2        0.155724        0.107942        0.025450
     C    2        0.107942       -0.013948       -0.041083
     C    2        0.025450       -0.041083       -0.141776

     C    3       -0.188769        0.061408        0.020194
     C    3        0.061408       -0.013592        0.078440
     C    3        0.020194        0.078440        0.202362

     H    4       -0.000000        0.000000        0.000000
     H    4        0.000000        0.000000        0.000000
     H    4        0.000000        0.000000        0.000000

     C    5       -0.084806        0.046830        0.106265
     C    5        0.046830       -0.212291       -0.051670
     C    5        0.106265       -0.051670        0.297097

     H    6       -0.000000        0.000000        0.000000
     H    6        0.000000        0.000000        0.000000
     H    6        0.000000        0.000000        0.000000

     H    7       -0.000000        0.000000        0.000000
     H    7        0.000000        0.000000        0.000000
     H    7        0.000000        0.000000        0.000000

     C    8        0.023654       -0.147553        0.179221
     C    8       -0.147553       -0.165964       -0.052724
     C    8        0.179221       -0.052724        0.142310

     H    9       -0.000000        0.000000        0.000000
     H    9        0.000000        0.000000        0.000000
     H    9        0.000000        0.000000        0.000000

     C   10       -0.052876        0.009109        0.165672
     C   10        0.009109       -0.118827        0.009942
     C   10        0.165672        0.009942        0.171703

     C   11       -0.044994        0.058862        0.091011
     C   11        0.058862       -0.190706        0.067211
     C   11        0.091011        0.067211        0.235700

     Cl  12        0.341541        1.665082       -0.916141
     Cl  12        1.665082       -0.591631        0.968048
     Cl  12       -0.916141        0.968048        0.250089

     H   13       -0.000000        0.000000        0.000000
     H   13        0.000000        0.000000        0.000000
     H   13        0.000000        0.000000        0.000000

     C   14        0.086090        0.164992       -0.048140
     C   14        0.164992        0.003543       -0.018972
     C   14       -0.048140       -0.018972       -0.089633

     H   15       -0.000000        0.000000        0.000000
     H   15        0.000000        0.000000        0.000000
     H   15        0.000000        0.000000        0.000000

     C   16        0.020241        0.091317        0.146963
     C   16        0.091317       -0.165038       -0.045292
     C   16        0.146963       -0.045292        0.144797

     C   17       -0.135970       -0.105719        0.041247
     C   17       -0.105719       -0.125009       -0.066826
     C   17        0.041247       -0.066826        0.260979

     Cl  18       -0.325953       -0.522847       -0.429729
     Cl  18       -0.522847       -0.650169       -0.510145
     Cl  18       -0.429729       -0.510145        0.976122

     H   19       -0.000000        0.000000        0.000000
     H   19        0.000000        0.000000        0.000000
     H   19        0.000000        0.000000        0.000000

     C   20       -0.198624       -0.001841        0.041850
     C   20       -0.001841       -0.105261       -0.007631
     C   20        0.041850       -0.007631        0.303884

     H   21       -0.000000        0.000000        0.000000
     H   21        0.000000        0.000000        0.000000
     H   21        0.000000        0.000000        0.000000

     C   22       -0.094576       -0.042278        0.062309
     C   22       -0.042278       -0.184165       -0.043264
     C   22        0.062309       -0.043264        0.278740

     C   23        0.004904        0.020643        0.175522
     C   23        0.020643       -0.091252       -0.085539
     C   23        0.175522       -0.085539        0.086348

     Cl  24        0.410950        1.787680        0.640487
     Cl  24        1.787680       -0.842069       -0.252352
     Cl  24        0.640487       -0.252352        0.431118

     ----- total EFG -----
     Cl   1        1.438001       -2.160905        0.373221
     Cl   1       -2.160905        0.068905        0.456061
     Cl   1        0.373221        0.456061       -1.506907

     C    2        0.406310        0.304720        0.184909
     C    2        0.304720       -0.235836       -0.161188
     C    2        0.184909       -0.161188       -0.170474

     C    3       -0.530363        0.052189       -0.142209
     C    3        0.052189        0.055220        0.321019
     C    3       -0.142209        0.321019        0.475143

     H    4        0.410031        0.084601        0.167552
     H    4        0.084601       -0.177091       -0.104294
     H    4        0.167552       -0.104294       -0.232940

     C    5        0.112288        0.174847        0.291799
     C    5        0.174847       -0.679575       -0.046643
     C    5        0.291799       -0.046643        0.567286

     H    6       -0.013920       -0.025273       -0.048727
     H    6       -0.025273        0.517771        0.441458
     H    6       -0.048727        0.441458       -0.503852

     H    7       -0.424575        0.157052       -0.164320
     H    7        0.157052        0.529978       -0.108781
     H    7       -0.164320       -0.108781       -0.105403

     C    8        0.272732       -0.563363        0.566954
     C    8       -0.563363       -0.528706        0.006532
     C    8        0.566954        0.006532        0.255974

     H    9        0.259347       -0.176468        0.017031
     H    9       -0.176468       -0.013903       -0.134291
     H    9        0.017031       -0.134291       -0.245444

     C   10       -0.278222        0.162092        0.212524
     C   10        0.162092        0.017938       -0.037551
     C   10        0.212524       -0.037551        0.260284

     C   11        0.101355       -0.022220        0.275580
     C   11       -0.022220       -0.543039        0.131554
     C   11        0.275580        0.131554        0.441684

     Cl  12        0.337144        1.841950       -1.031276
     Cl  12        1.841950       -0.621743        1.059961
     Cl  12       -1.031276        1.059961        0.284599

     H   13       -0.056866        0.068437        0.230366
     H   13        0.068437        0.203645        0.393209
     H   13        0.230366        0.393209       -0.146778

     C   14        0.047006        0.274976       -0.278338
     C   14        0.274976        0.064421        0.053044
     C   14       -0.278338        0.053044       -0.111427

     H   15        0.132481        0.043690        0.154939
     H   15        0.043690       -0.148363        0.021124
     H   15        0.154939        0.021124        0.015881

     C   16        0.218564        0.341749        0.329084
     C   16        0.341749       -0.695300       -0.132181
     C   16        0.329084       -0.132181        0.476736

     C   17       -0.377034       -0.361269       -0.031328
     C   17       -0.361269       -0.219355       -0.000174
     C   17       -0.031328       -0.000174        0.596389

     Cl  18        0.003714       -0.608614       -0.395337
     Cl  18       -0.608614       -0.506799       -0.270420
     Cl  18       -0.395337       -0.270420        0.503085

     H   19        0.008966       -0.002333        0.212780
     H   19       -0.002333        0.175170       -0.600402
     H   19        0.212780       -0.600402       -0.184137

     C   20       -0.565490        0.055483        0.024256
     C   20        0.055483        0.023880       -0.124215
     C   20        0.024256       -0.124215        0.541610

     H   21        0.058399       -0.025504        0.354867
     H   21       -0.025504       -0.021989       -0.148518
     H   21        0.354867       -0.148518       -0.036411

     C   22        0.052838       -0.205768        0.317822
     C   22       -0.205768       -0.561156       -0.029810
     C   22        0.317822       -0.029810        0.508319

     C   23       -0.245130        0.122481        0.240847
     C   23        0.122481        0.122101       -0.225902
     C   23        0.240847       -0.225902        0.123030

     Cl  24        0.448277        1.913633        0.739097
     Cl  24        1.913633       -0.956724       -0.277664
     Cl  24        0.739097       -0.277664        0.508447

     ----- total EFG (symmetrized) -----
     Cl   1        1.438001       -2.160905        0.373221
     Cl   1       -2.160905        0.068905        0.456061
     Cl   1        0.373221        0.456061       -1.506907

     C    2        0.406310        0.304720        0.184909
     C    2        0.304720       -0.235836       -0.161188
     C    2        0.184909       -0.161188       -0.170474

     C    3       -0.530363        0.052189       -0.142209
     C    3        0.052189        0.055220        0.321019
     C    3       -0.142209        0.321019        0.475143

     H    4        0.410031        0.084601        0.167552
     H    4        0.084601       -0.177091       -0.104294
     H    4        0.167552       -0.104294       -0.232940

     C    5        0.112288        0.174847        0.291799
     C    5        0.174847       -0.679575       -0.046643
     C    5        0.291799       -0.046643        0.567286

     H    6       -0.013920       -0.025273       -0.048727
     H    6       -0.025273        0.517771        0.441458
     H    6       -0.048727        0.441458       -0.503852

     H    7       -0.424575        0.157052       -0.164320
     H    7        0.157052        0.529978       -0.108781
     H    7       -0.164320       -0.108781       -0.105403

     C    8        0.272732       -0.563363        0.566954
     C    8       -0.563363       -0.528706        0.006532
     C    8        0.566954        0.006532        0.255974

     H    9        0.259347       -0.176468        0.017031
     H    9       -0.176468       -0.013903       -0.134291
     H    9        0.017031       -0.134291       -0.245444

     C   10       -0.278222        0.162092        0.212524
     C   10        0.162092        0.017938       -0.037551
     C   10        0.212524       -0.037551        0.260284

     C   11        0.101355       -0.022220        0.275580
     C   11       -0.022220       -0.543039        0.131554
     C   11        0.275580        0.131554        0.441684

     Cl  12        0.337144        1.841950       -1.031276
     Cl  12        1.841950       -0.621743        1.059961
     Cl  12       -1.031276        1.059961        0.284599

     H   13       -0.056866        0.068437        0.230366
     H   13        0.068437        0.203645        0.393209
     H   13        0.230366        0.393209       -0.146778

     C   14        0.047006        0.274976       -0.278338
     C   14        0.274976        0.064421        0.053044
     C   14       -0.278338        0.053044       -0.111427

     H   15        0.132481        0.043690        0.154939
     H   15        0.043690       -0.148363        0.021124
     H   15        0.154939        0.021124        0.015881

     C   16        0.218564        0.341749        0.329084
     C   16        0.341749       -0.695300       -0.132181
     C   16        0.329084       -0.132181        0.476736

     C   17       -0.377034       -0.361269       -0.031328
     C   17       -0.361269       -0.219355       -0.000174
     C   17       -0.031328       -0.000174        0.596389

     Cl  18        0.003714       -0.608614       -0.395337
     Cl  18       -0.608614       -0.506799       -0.270420
     Cl  18       -0.395337       -0.270420        0.503085

     H   19        0.008966       -0.002333        0.212780
     H   19       -0.002333        0.175170       -0.600402
     H   19        0.212780       -0.600402       -0.184137

     C   20       -0.565490        0.055483        0.024256
     C   20        0.055483        0.023880       -0.124215
     C   20        0.024256       -0.124215        0.541610

     H   21        0.058399       -0.025504        0.354867
     H   21       -0.025504       -0.021989       -0.148518
     H   21        0.354867       -0.148518       -0.036411

     C   22        0.052838       -0.205768        0.317822
     C   22       -0.205768       -0.561156       -0.029810
     C   22        0.317822       -0.029810        0.508319

     C   23       -0.245130        0.122481        0.240847
     C   23        0.122481        0.122101       -0.225902
     C   23        0.240847       -0.225902        0.123030

     Cl  24        0.448277        1.913633        0.739097
     Cl  24        1.913633       -0.956724       -0.277664
     Cl  24        0.739097       -0.277664        0.508447


     NQR/NMR SPECTROSCOPIC PARAMETERS:
     Cl   1    Vxx=   -0.9218    axis=( -0.412037 -0.572398 -0.708933)
     Cl   1    Vyy=   -2.0987    axis=(  0.422350  0.569436 -0.705240)
     Cl   1    Vzz=    3.0204    axis=( -0.807370  0.590002 -0.007123)
     Cl   1  Q=        -8.1650 1e-30 m^2  Cq=       -57.9452 MHz  eta= 0.38965

     C    2    Vxx=   -0.0417    axis=(  0.059666 -0.580497  0.812074)
     C    2    Vyy=   -0.5051    axis=( -0.362686  0.745319  0.559427)
     C    2    Vzz=    0.5468    axis=( -0.929999 -0.327907 -0.166068)
     C    2  Q=         1.0000 1e-30 m^2  Cq=         1.2847 MHz  eta= 0.84759

     C    3    Vxx=   -0.0900    axis=(  0.242534  0.868498 -0.432306)
     C    3    Vyy=   -0.5674    axis=(  0.966386 -0.177105  0.186363)
     C    3    Vzz=    0.6573    axis=( -0.085292  0.462974  0.882259)
     C    3  Q=         1.0000 1e-30 m^2  Cq=         1.5445 MHz  eta= 0.72618

     H    4    Vxx=   -0.0989    axis=( -0.052137 -0.818758  0.571766)
     H    4    Vyy=   -0.3576    axis=(  0.234852 -0.566540 -0.789859)
     H    4    Vzz=    0.4564    axis=(  0.970632  0.093100  0.221825)
     H    4  Q=         1.0000 1e-30 m^2  Cq=         1.0724 MHz  eta= 0.56677

     C    5    Vxx=    0.0151    axis=( -0.865206 -0.247076  0.436316)
     C    5    Vyy=    0.7107    axis=(  0.444237  0.025824  0.895537)
     C    5    Vzz=   -0.7258    axis=(  0.232533 -0.968652 -0.087417)
     C    5  Q=         1.0000 1e-30 m^2  Cq=        -1.7052 MHz  eta= 0.95848

     H    6    Vxx=   -0.0142    axis=(  0.996722  0.074169 -0.032320)
     H    6    Vyy=   -0.6703    axis=(  0.056161 -0.346720  0.936286)
     H    6    Vzz=    0.6845    axis=(  0.058238 -0.935032 -0.349749)
     H    6  Q=         1.0000 1e-30 m^2  Cq=         1.6082 MHz  eta= 0.95845

     H    7    Vxx=   -0.0771    axis=(  0.320853 -0.246850 -0.914395)
     H    7    Vyy=   -0.5047    axis=(  0.929405 -0.103836  0.354152)
     H    7    Vzz=    0.5818    axis=( -0.182369 -0.963474  0.196108)
     H    7  Q=         1.0000 1e-30 m^2  Cq=         1.3671 MHz  eta= 0.73494

     C    8    Vxx=   -0.0563    axis=( -0.419368  0.510512  0.750671)
     C    8    Vyy=   -0.8917    axis=(  0.520628  0.812651 -0.261810)
     C    8    Vzz=    0.9480    axis=( -0.743691  0.281026 -0.606587)
     C    8  Q=         1.0000 1e-30 m^2  Cq=         2.2275 MHz  eta= 0.88119

     H    9    Vxx=   -0.0418    axis=(  0.468423  0.755077 -0.458735)
     H    9    Vyy=   -0.3138    axis=(  0.116153  0.462084  0.879197)
     H    9    Vzz=    0.3556    axis=(  0.875836 -0.465120  0.128747)
     H    9  Q=         1.0000 1e-30 m^2  Cq=         0.8354 MHz  eta= 0.76493

     C   10    Vxx=    0.0801    axis=(  0.315851  0.931907 -0.178288)
     C   10    Vyy=    0.3352    axis=(  0.341674  0.063586  0.937665)
     C   10    Vzz=   -0.4152    axis=(  0.885153 -0.357079 -0.298325)
     C   10  Q=         1.0000 1e-30 m^2  Cq=        -0.9756 MHz  eta= 0.61439

     C   11    Vxx=   -0.0390    axis=(  0.874673 -0.158142 -0.458190)
     C   11    Vyy=   -0.5659    axis=( -0.096671 -0.983204  0.154806)
     C   11    Vzz=    0.6049    axis=(  0.474975  0.091111  0.875270)
     C   11  Q=         1.0000 1e-30 m^2  Cq=         1.4213 MHz  eta= 0.87110

     Cl  12    Vxx=    0.9661    axis=( -0.116144  0.454731  0.883023)
     Cl  12    Vyy=    1.7908    axis=( -0.818113 -0.547924  0.174558)
     Cl  12    Vzz=   -2.7569    axis=(  0.563207 -0.702139  0.435660)
     Cl  12  Q=        -8.1650 1e-30 m^2  Cq=        52.8899 MHz  eta= 0.29915

     H   13    Vxx=   -0.0526    axis=(  0.868104 -0.471228  0.156014)
     H   13    Vyy=   -0.4671    axis=(  0.383685  0.437597 -0.813200)
     H   13    Vzz=    0.5197    axis=(  0.314931  0.765803  0.560683)
     H   13  Q=         1.0000 1e-30 m^2  Cq=         1.2210 MHz  eta= 0.79751

     C   14    Vxx=    0.0314    axis=( -0.215414  0.700710  0.680149)
     C   14    Vyy=    0.3900    axis=( -0.742552 -0.569880  0.351929)
     C   14    Vzz=   -0.4213    axis=(  0.634203 -0.429235  0.643073)
     C   14  Q=         1.0000 1e-30 m^2  Cq=        -0.9900 MHz  eta= 0.85107

     H   15    Vxx=   -0.0905    axis=( -0.551575 -0.114860  0.826179)
     H   15    Vyy=   -0.1551    axis=(  0.164499 -0.986001 -0.027256)
     H   15    Vzz=    0.2456    axis=(  0.817744  0.120871  0.562748)
     H   15  Q=         1.0000 1e-30 m^2  Cq=         0.5770 MHz  eta= 0.26295

     C   16    Vxx=    0.1437    axis=( -0.728214 -0.385863  0.566404)
     C   16    Vyy=    0.7068    axis=(  0.589863  0.067916  0.804643)
     C   16    Vzz=   -0.8505    axis=( -0.348950  0.920053  0.178149)
     C   16  Q=         1.0000 1e-30 m^2  Cq=        -1.9984 MHz  eta= 0.66211

     C   17    Vxx=    0.0709    axis=(  0.625823 -0.779085  0.037048)
     C   17    Vyy=    0.5976    axis=(  0.038318 -0.016732 -0.999126)
     C   17    Vzz=   -0.6684    axis=(  0.779023  0.626695  0.019382)
     C   17  Q=         1.0000 1e-30 m^2  Cq=        -1.5706 MHz  eta= 0.78800

     Cl  18    Vxx=    0.3159    axis=(  0.639459 -0.621740  0.452252)
     Cl  18    Vyy=    0.7252    axis=( -0.526666  0.074300  0.846819)
     Cl  18    Vzz=   -1.0411    axis=( -0.560103 -0.779692 -0.279937)
     Cl  18  Q=        -8.1650 1e-30 m^2  Cq=        19.9729 MHz  eta= 0.39321

     H   19    Vxx=    0.0248    axis=(  0.947804  0.310150  0.073987)
     H   19    Vyy=    0.6491    axis=(  0.204246 -0.768746  0.606064)
     H   19    Vzz=   -0.6739    axis=(  0.244847 -0.559318 -0.791968)
     H   19  Q=         1.0000 1e-30 m^2  Cq=        -1.5835 MHz  eta= 0.92637

     C   20    Vxx=    0.0019    axis=(  0.104229  0.970233  0.218597)
     C   20    Vyy=    0.5700    axis=(  0.010044 -0.220810  0.975265)
     C   20    Vzz=   -0.5718    axis=(  0.994503 -0.099456 -0.032760)
     C   20  Q=         1.0000 1e-30 m^2  Cq=        -1.3436 MHz  eta= 0.99351

     H   21    Vxx=   -0.0282    axis=(  0.385372  0.922344 -0.027732)
     H   21    Vyy=   -0.3741    axis=( -0.600482  0.273485  0.751417)
     H   21    Vzz=    0.4022    axis=(  0.700650 -0.272923  0.659244)
     H   21  Q=         1.0000 1e-30 m^2  Cq=         0.9451 MHz  eta= 0.85988

     C   22    Vxx=   -0.0558    axis=( -0.822281  0.306518  0.479480)
     C   22    Vyy=   -0.6278    axis=( -0.315852 -0.946680  0.063518)
     C   22    Vzz=    0.6836    axis=(  0.473384 -0.099215  0.875251)
     C   22  Q=         1.0000 1e-30 m^2  Cq=         1.6062 MHz  eta= 0.83679

     C   23    Vxx=    0.0828    axis=(  0.576935  0.692345  0.433365)
     C   23    Vyy=    0.3635    axis=( -0.175972  0.623469 -0.761787)
     C   23    Vzz=   -0.4463    axis=( -0.797609  0.363241  0.481534)
     C   23  Q=         1.0000 1e-30 m^2  Cq=        -1.0487 MHz  eta= 0.62912

     Cl  24    Vxx=    0.5038    axis=(  0.141145  0.360242 -0.922119)
     Cl  24    Vyy=    1.9350    axis=(  0.804166  0.501538  0.319025)
     Cl  24    Vzz=   -2.4388    axis=( -0.577404  0.786565  0.218905)
     Cl  24  Q=        -8.1650 1e-30 m^2  Cq=        46.7865 MHz  eta= 0.58685

     Initialization:
     gipaw_setup  :      9.23s CPU     11.16s WALL (       1 calls)

     Linear response

     Apply operators

     Induced current

     Other routines
     efg          :      9.26s CPU     11.41s WALL (       1 calls)

     General routines
     calbec       :      3.20s CPU      4.15s WALL (      16 calls)
     fft          :      1.35s CPU      1.70s WALL (      15 calls)
     ffts         :      0.03s CPU      0.05s WALL (       2 calls)
     fftw         :      3.27s CPU      3.91s WALL (     672 calls)
     davcio       :      0.03s CPU      0.30s WALL (      32 calls)

     Parallel routines
     fft_scatter  :      1.93s CPU      2.70s WALL (     689 calls)

     Plugins

     GIPAW        :     61.12s CPU     71.68s WALL (       1 calls)
