
     Program QE v.6.0 (svn rev. 13079) starts on 13Jan2017 at  2: 5:24 

     This program is part of the open-source Quantum ESPRESSO suite
     for quantum simulation of materials; please cite
         "P. Giannozzi et al., J. Phys.:Condens. Matter 21 395502 (2009);
          URL http://www.quantum-espresso.org", 
     in publications or presentations arising from this work. More details at
     http://www.quantum-espresso.org/quote

     Parallel version (MPI), running on     8 processors
     R & G space division:  proc/nbgrp/npool/nimage =       8

     ***** This is GIPAW svn revision unknown      *****

     Parallelizing q-star over 1 images

     Reading data from directory:
     /users/majewski/paradichlorobenzene/pbe/9_constraint/scratch/pbe.ecut100.np8.dt60.pcl2phi-129368.save
     Message from routine read_xml_file:
     file /users/majewski/paradichlorobenzene/pbe/9_constraint/scratch/pbe.ecut100.np8.dt60.pcl2phi-129368.save not guaranteed to be safe for post-processing

   Info: using nr1, nr2, nr3 values from input

   Info: using nr1, nr2, nr3 values from input

     IMPORTANT: XC functional enforced from input :
     Exchange-correlation      =  SLA  PW   PBX  PBC ( 1  4  3  4 0 0)
     Any further DFT definition will be discarded
     Please, verify this is what you really want

               file C.pbe-n-kjpaw_psl.1.0.0.UPF: wavefunction(s)  2S 2P renormalized
               file Cl.pbe-n-kjpaw_psl.1.0.0.UPF: wavefunction(s)  3S 3P renormalized
               file H.pbe-kjpaw_psl.1.0.0.UPF: wavefunction(s)  1S renormalized

     Parallelization info
     --------------------
     sticks:   dense  smooth     PW     G-vecs:    dense   smooth      PW
     Min        3057    1223    332               144436    36536    5170
     Max        3059    1225    333               144437    36537    5171
     Sum       24467    9791   2657              1155489   292295   41363


     Subspace diagonalization in iterative solution of the eigenvalue problem:
     a serial algorithm will be used

     GIPAW projectors -----------------------------------------------
     atom=  C    l=0  rc=    1.2000  rs=    0.8000
     atom=  C    l=0  rc=    1.2000  rs=    0.8000
     atom=  C    l=1  rc=    1.4000  rs=    0.9333
     atom=  C    l=1  rc=    1.4000  rs=    0.9333
     projs nearly linearly dependent: l=1  n1,n2= 1, 2  s=  0.99951561

     atom=  Cl   l=0  rc=    1.6000  rs=    1.0667
     atom=  Cl   l=0  rc=    1.6000  rs=    1.0667
     atom=  Cl   l=1  rc=    1.6000  rs=    1.0667
     atom=  Cl   l=1  rc=    1.6000  rs=    1.0667
     atom=  Cl   l=2  rc=    1.6000  rs=    1.0667
     atom=  Cl   l=2  rc=    1.6000  rs=    1.0667
     projs nearly linearly dependent: l=2  n1,n2= 1, 2  s=  0.99993509

     atom=  H    l=0  rc=    1.0000  rs=    0.6667
     atom=  H    l=0  rc=    1.0000  rs=    0.6667
     projs nearly linearly dependent: l=0  n1,n2= 1, 2  s=  0.99968852
     -----------------------------------------------------------------

     GIPAW integrals: -------------------------------------------
     Atom  i/j   nmr_para   nmr_dia   epr_rmc  epr_para   epr_dia
       C   1 1   0.83E+03  0.17E-01  0.93E+01  0.24E+08  0.24E+03
       C   2 1   0.86E+03 -0.61E-01  0.94E+01  0.25E+08  0.25E+03
       C   2 2   0.90E+03 -0.15E+00  0.97E+01  0.26E+08  0.26E+03
       C   3 3   0.33E+01  0.34E+00  0.18E+01  0.55E+03  0.21E+02
       C   4 3   0.35E+01  0.37E+00  0.20E+01  0.59E+03  0.22E+02
       C   4 4   0.38E+01  0.39E+00  0.22E+01  0.63E+03  0.24E+02
       Cl  1 1   0.14E+04 -0.47E+00  0.84E+01  0.32E+09  0.42E+03
       Cl  2 1   0.21E+04 -0.37E+00  0.12E+02  0.49E+09  0.65E+03
       Cl  2 2   0.33E+04 -0.16E+00  0.21E+02  0.76E+09  0.10E+04
       Cl  3 3   0.21E+02  0.79E-01  0.89E+01  0.23E+05  0.13E+03
       Cl  4 3   0.24E+02  0.67E-01  0.99E+01  0.27E+05  0.15E+03
       Cl  4 4   0.28E+02  0.44E-01  0.11E+02  0.32E+05  0.18E+03
       Cl  5 5   0.77E+00  0.19E+00  0.18E+01  0.12E+03  0.22E+02
       Cl  6 5   0.80E+00  0.19E+00  0.19E+01  0.12E+03  0.23E+02
       Cl  6 6   0.83E+00  0.20E+00  0.19E+01  0.12E+03  0.23E+02
       H   1 1   0.39E+02  0.19E+00  0.29E+00  0.78E+05  0.13E+02
       H   2 1   0.41E+02  0.21E+00  0.32E+00  0.82E+05  0.14E+02
       H   2 2   0.43E+02  0.22E+00  0.36E+00  0.86E+05  0.15E+02
     ------------------------------------------------------------

     alpha_pv=     34.4569 eV

     Number of occupied bands for each k-point:
     k-point:     1    nbnd_occ=  42
     k-point:     2    nbnd_occ=  42
     k-point:     3    nbnd_occ=  42
     k-point:     4    nbnd_occ=  42
     k-point:     5    nbnd_occ=  42
     k-point:     6    nbnd_occ=  42
     k-point:     7    nbnd_occ=  42
     k-point:     8    nbnd_occ=  42
     k-point:     9    nbnd_occ=  42
     k-point:    10    nbnd_occ=  42
     k-point:    11    nbnd_occ=  42
     k-point:    12    nbnd_occ=  42
     k-point:    13    nbnd_occ=  42
     k-point:    14    nbnd_occ=  42
     k-point:    15    nbnd_occ=  42
     k-point:    16    nbnd_occ=  42


     q-space interpolation up to   110.00 Rydberg

     GIPAW job: efg                                                                             


     ELECTRIC FIELD GRADIENTS TENSORS IN Hartree/bohrradius^2:

     ----- bare term -----
     Cl   1        0.169639        0.038413       -0.371221
     Cl   1        0.038413        0.343748       -0.058517
     Cl   1       -0.371221       -0.058517       -0.513387

     C    2       -0.184852        0.277733       -0.170664
     C    2        0.277733       -0.299061       -0.392492
     C    2       -0.170664       -0.392492        0.483913

     C    3       -0.084825        0.431708       -0.293398
     C    3        0.431708       -0.264982       -0.365354
     C    3       -0.293398       -0.365354        0.349807

     H    4        0.061966       -0.067177       -0.189529
     H    4       -0.067177        0.495632       -0.240586
     H    4       -0.189529       -0.240586       -0.557598

     C    5       -0.605686        0.324937       -0.482138
     C    5        0.324937        0.358019       -0.083017
     C    5       -0.482138       -0.083017        0.247667

     H    6       -0.254790        0.135810        0.000234
     H    6        0.135810       -0.075441       -0.502869
     H    6        0.000234       -0.502869        0.330231

     H    7        0.285228        0.246682        0.073818
     H    7        0.246682       -0.522793       -0.249118
     H    7        0.073818       -0.249118        0.237565

     C    8       -0.027393        0.010792       -0.139324
     C    8        0.010792       -0.109447        0.247064
     C    8       -0.139324        0.247064        0.136840

     H    9       -0.232459        0.404795        0.118549
     H    9        0.404795       -0.024471       -0.173894
     H    9        0.118549       -0.173894        0.256930

     C   10       -0.112522       -0.064069        0.171790
     C   10       -0.064069       -0.080192       -0.155909
     C   10        0.171790       -0.155909        0.192714

     C   11       -0.087637        0.046367       -0.271006
     C   11        0.046367        0.048498        0.711848
     C   11       -0.271006        0.711848        0.039139

     Cl  12       -0.150470       -0.217012       -0.045655
     Cl  12       -0.217012        0.075567        0.098180
     Cl  12       -0.045655        0.098180        0.074903

     H   13        0.279788        0.129625       -0.131161
     H   13        0.129625       -0.568913        0.116728
     H   13       -0.131161        0.116728        0.289125

     C   14       -0.095358       -0.259815       -0.365061
     C   14       -0.259815       -0.108946       -0.341498
     C   14       -0.365061       -0.341498        0.204304

     H   15        0.052844       -0.137985       -0.285080
     H   15       -0.137985       -0.253952       -0.429428
     H   15       -0.285080       -0.429428        0.201107

     C   16       -0.614045        0.389157       -0.238463
     C   16        0.389157        0.049311       -0.154267
     C   16       -0.238463       -0.154267        0.564734

     C   17        0.295075        0.124620       -0.088164
     C   17        0.124620       -0.542536       -0.590061
     C   17       -0.088164       -0.590061        0.247461

     Cl  18        0.258794        0.111230       -0.193225
     Cl  18        0.111230       -0.013273       -0.600631
     Cl  18       -0.193225       -0.600631       -0.245520

     H   19        0.420232        0.156766        0.041288
     H   19        0.156766       -0.565932        0.372832
     H   19        0.041288        0.372832        0.145700

     C   20       -0.766573       -0.317605       -0.411546
     C   20       -0.317605        0.310336        0.060812
     C   20       -0.411546        0.060812        0.456237

     H   21       -0.526831        0.217867        0.232071
     H   21        0.217867        0.378921        0.111438
     H   21        0.232071        0.111438        0.147910

     C   22        0.051336       -0.044842       -0.140436
     C   22       -0.044842       -0.537946        0.351771
     C   22       -0.140436        0.351771        0.486610

     C   23       -0.758925       -0.308194       -0.362127
     C   23       -0.308194        0.202644        0.024596
     C   23       -0.362127        0.024596        0.556281

     Cl  24       -0.068930        0.016116        0.029794
     Cl  24        0.016116       -0.053326       -0.054654
     Cl  24        0.029794       -0.054654        0.122255

     ----- ionic term -----
     Cl   1        0.211272       -0.195593        0.072853
     Cl   1       -0.195593       -0.080354       -0.029061
     Cl   1        0.072853       -0.029061       -0.130918

     C    2        0.217976       -0.133531        0.369834
     C    2       -0.133531        0.075921        0.377255
     C    2        0.369834        0.377255       -0.293897

     C    3        0.125290       -0.275300        0.301132
     C    3       -0.275300        0.143471        0.316208
     C    3        0.301132        0.316208       -0.268761

     H    4        0.186458        0.343429        0.731499
     H    4        0.343429       -0.319308        0.409884
     H    4        0.731499        0.409884        0.132850

     C    5        0.212490       -0.242023        0.382010
     C    5       -0.242023        0.018404        0.250662
     C    5        0.382010        0.250662       -0.230894

     H    6       -0.484613       -0.223569       -0.088630
     H    6       -0.223569        0.690739        0.628855
     H    6       -0.088630        0.628855       -0.206126

     H    7       -0.480004       -0.251294        0.013354
     H    7       -0.251294        1.074503       -0.154707
     H    7        0.013354       -0.154707       -0.594499

     C    8        0.413195        0.067745        0.001699
     C    8        0.067745        0.174870       -0.184339
     C    8        0.001699       -0.184339       -0.588065

     H    9        0.815564       -0.404624        0.395859
     H    9       -0.404624       -0.381267       -0.177688
     H    9        0.395859       -0.177688       -0.434297

     C   10        0.283949        0.171458        0.031529
     C   10        0.171458        0.231177       -0.301437
     C   10        0.031529       -0.301437       -0.515126

     C   11        0.317342        0.053775        0.159288
     C   11        0.053775        0.188323       -0.274595
     C   11        0.159288       -0.274595       -0.505666

     Cl  12        0.130357        0.178990       -0.009366
     Cl  12        0.178990        0.024249        0.000663
     Cl  12       -0.009366        0.000663       -0.154606

     H   13       -0.526939       -0.060588        0.001615
     H   13       -0.060588        0.946010        0.485437
     H   13        0.001615        0.485437       -0.419071

     C   14        0.265594       -0.164716        0.442759
     C   14       -0.164716        0.092897        0.220672
     C   14        0.442759        0.220672       -0.358491

     H   15        0.459735        0.347130        0.707881
     H   15        0.347130       -0.331695        0.308610
     H   15        0.707881        0.308610       -0.128040

     C   16        0.187005       -0.321722        0.327657
     C   16       -0.321722        0.203536        0.230886
     C   16        0.327657        0.230886       -0.390540

     C   17        0.122766       -0.266849        0.358418
     C   17       -0.266849        0.175738        0.303987
     C   17        0.358418        0.303987       -0.298503

     Cl  18        0.184733       -0.197555        0.088527
     Cl  18       -0.197555       -0.028722       -0.042446
     Cl  18        0.088527       -0.042446       -0.156011

     H   19       -0.528458       -0.094334        0.037877
     H   19       -0.094334        0.915425       -0.487829
     H   19        0.037877       -0.487829       -0.386967

     C   20        0.378957        0.108832        0.064080
     C   20        0.108832        0.103443       -0.297843
     C   20        0.064080       -0.297843       -0.482400

     H   21        0.799570       -0.432579        0.382333
     H   21       -0.432579       -0.345198       -0.195862
     H   21        0.382333       -0.195862       -0.454372

     C   22        0.248252        0.152796       -0.008869
     C   22        0.152796        0.213073       -0.381493
     C   22       -0.008869       -0.381493       -0.461325

     C   23        0.299899        0.082894        0.021952
     C   23        0.082894        0.213098       -0.331155
     C   23        0.021952       -0.331155       -0.512997

     Cl  24        0.149936        0.239188       -0.040056
     Cl  24        0.239188        0.006143       -0.021245
     Cl  24       -0.040056       -0.021245       -0.156079

     ----- GIPAW term -----
     Cl   1        0.160390       -0.636801        0.252196
     Cl   1       -0.636801       -0.262132        0.159471
     Cl   1        0.252196        0.159471        0.101742

     C    2       -0.096854       -0.034774        0.002358
     C    2       -0.034774       -0.077365       -0.170065
     C    2        0.002358       -0.170065        0.174219

     C    3       -0.005398        0.112888       -0.195276
     C    3        0.112888       -0.110645       -0.112667
     C    3       -0.195276       -0.112667        0.116042

     H    4       -0.000000        0.000000        0.000000
     H    4        0.000000        0.000000        0.000000
     H    4        0.000000        0.000000        0.000000

     C    5        0.003150        0.204226        0.026672
     C    5        0.204226        0.085454        0.090337
     C    5        0.026672        0.090337       -0.088604

     H    6       -0.000000        0.000000        0.000000
     H    6        0.000000        0.000000        0.000000
     H    6        0.000000        0.000000        0.000000

     H    7       -0.000000        0.000000        0.000000
     H    7        0.000000        0.000000        0.000000
     H    7        0.000000        0.000000        0.000000

     C    8       -0.038618       -0.026399       -0.017293
     C    8       -0.026399        0.080646        0.108075
     C    8       -0.017293        0.108075       -0.042028

     H    9       -0.000000        0.000000        0.000000
     H    9        0.000000        0.000000        0.000000
     H    9        0.000000        0.000000        0.000000

     C   10        0.000979        0.016146        0.024310
     C   10        0.016146        0.006707       -0.028185
     C   10        0.024310       -0.028185       -0.007686

     C   11       -0.068306        0.041316       -0.060651
     C   11        0.041316        0.166403        0.229036
     C   11       -0.060651        0.229036       -0.098096

     Cl  12       -0.353352       -0.170570       -0.917513
     Cl  12       -0.170570        1.498833        1.887308
     Cl  12       -0.917513        1.887308       -1.145481

     H   13       -0.000000        0.000000        0.000000
     H   13        0.000000        0.000000        0.000000
     H   13        0.000000        0.000000        0.000000

     C   14       -0.008053       -0.101236        0.016773
     C   14       -0.101236        0.026763       -0.108707
     C   14        0.016773       -0.108707       -0.018710

     H   15       -0.000000        0.000000        0.000000
     H   15        0.000000        0.000000        0.000000
     H   15        0.000000        0.000000        0.000000

     C   16       -0.051837       -0.072056       -0.033178
     C   16       -0.072056        0.066228        0.013590
     C   16       -0.033178        0.013590       -0.014391

     C   17       -0.026004        0.002126        0.035732
     C   17        0.002126        0.035822        0.111066
     C   17        0.035732        0.111066       -0.009818

     Cl  18        0.402085       -0.070252        0.121032
     Cl  18       -0.070252       -0.155478       -0.471317
     Cl  18        0.121032       -0.471317       -0.246608

     H   19       -0.000000        0.000000        0.000000
     H   19        0.000000        0.000000        0.000000
     H   19        0.000000        0.000000        0.000000

     C   20       -0.183680        0.056580       -0.092371
     C   20        0.056580        0.194228       -0.124509
     C   20       -0.092371       -0.124509       -0.010548

     H   21       -0.000000        0.000000        0.000000
     H   21        0.000000        0.000000        0.000000
     H   21        0.000000        0.000000        0.000000

     C   22       -0.078251        0.041563       -0.085485
     C   22        0.041563       -0.133265       -0.090931
     C   22       -0.085485       -0.090931        0.211517

     C   23       -0.178136        0.070048       -0.085884
     C   23        0.070048        0.080256       -0.199165
     C   23       -0.085884       -0.199165        0.097880

     Cl  24       -0.465454        1.820890       -0.216347
     Cl  24        1.820890       -0.874944       -1.475104
     Cl  24       -0.216347       -1.475104        1.340398

     ----- total EFG -----
     Cl   1        0.541301       -0.793981       -0.046172
     Cl   1       -0.793981        0.001263        0.071893
     Cl   1       -0.046172        0.071893       -0.542564

     C    2       -0.063731        0.109428        0.201528
     C    2        0.109428       -0.300505       -0.185301
     C    2        0.201528       -0.185301        0.364236

     C    3        0.035067        0.269296       -0.187542
     C    3        0.269296       -0.232155       -0.161814
     C    3       -0.187542       -0.161814        0.197088

     H    4        0.248424        0.276252        0.541970
     H    4        0.276252        0.176325        0.169297
     H    4        0.541970        0.169297       -0.424748

     C    5       -0.390046        0.287140       -0.073455
     C    5        0.287140        0.461877        0.257981
     C    5       -0.073455        0.257981       -0.071831

     H    6       -0.739403       -0.087758       -0.088396
     H    6       -0.087758        0.615298        0.125987
     H    6       -0.088396        0.125987        0.124105

     H    7       -0.194776       -0.004612        0.087172
     H    7       -0.004612        0.551710       -0.403825
     H    7        0.087172       -0.403825       -0.356934

     C    8        0.347183        0.052138       -0.154918
     C    8        0.052138        0.146070        0.170800
     C    8       -0.154918        0.170800       -0.493253

     H    9        0.583105        0.000171        0.514408
     H    9        0.000171       -0.405738       -0.351582
     H    9        0.514408       -0.351582       -0.177366

     C   10        0.172406        0.123535        0.227629
     C   10        0.123535        0.157692       -0.485531
     C   10        0.227629       -0.485531       -0.330098

     C   11        0.161399        0.141458       -0.172369
     C   11        0.141458        0.403224        0.666289
     C   11       -0.172369        0.666289       -0.564623

     Cl  12       -0.373465       -0.208592       -0.972533
     Cl  12       -0.208592        1.598649        1.986151
     Cl  12       -0.972533        1.986151       -1.225184

     H   13       -0.247151        0.069037       -0.129546
     H   13        0.069037        0.377097        0.602165
     H   13       -0.129546        0.602165       -0.129946

     C   14        0.162183       -0.525768        0.094470
     C   14       -0.525768        0.010714       -0.229534
     C   14        0.094470       -0.229534       -0.172897

     H   15        0.512580        0.209145        0.422801
     H   15        0.209145       -0.585647       -0.120817
     H   15        0.422801       -0.120817        0.073067

     C   16       -0.478877       -0.004622        0.056016
     C   16       -0.004622        0.319075        0.090209
     C   16        0.056016        0.090209        0.159803

     C   17        0.391837       -0.140103        0.305986
     C   17       -0.140103       -0.330976       -0.175008
     C   17        0.305986       -0.175008       -0.060860

     Cl  18        0.845612       -0.156577        0.016335
     Cl  18       -0.156577       -0.197473       -1.114395
     Cl  18        0.016335       -1.114395       -0.648139

     H   19       -0.108226        0.062432        0.079165
     H   19        0.062432        0.349492       -0.114996
     H   19        0.079165       -0.114996       -0.241267

     C   20       -0.571297       -0.152193       -0.439837
     C   20       -0.152193        0.608008       -0.361540
     C   20       -0.439837       -0.361540       -0.036711

     H   21        0.272739       -0.214712        0.614403
     H   21       -0.214712        0.033722       -0.084424
     H   21        0.614403       -0.084424       -0.306461

     C   22        0.221336        0.149517       -0.234791
     C   22        0.149517       -0.458137       -0.120654
     C   22       -0.234791       -0.120654        0.236802

     C   23       -0.637162       -0.155253       -0.426060
     C   23       -0.155253        0.495998       -0.505723
     C   23       -0.426060       -0.505723        0.141164

     Cl  24       -0.384448        2.076194       -0.226609
     Cl  24        2.076194       -0.922127       -1.551003
     Cl  24       -0.226609       -1.551003        1.306575

     ----- total EFG (symmetrized) -----
     Cl   1        0.541301       -0.793981       -0.046172
     Cl   1       -0.793981        0.001263        0.071893
     Cl   1       -0.046172        0.071893       -0.542564

     C    2       -0.063731        0.109428        0.201528
     C    2        0.109428       -0.300505       -0.185301
     C    2        0.201528       -0.185301        0.364236

     C    3        0.035067        0.269296       -0.187542
     C    3        0.269296       -0.232155       -0.161814
     C    3       -0.187542       -0.161814        0.197088

     H    4        0.248424        0.276252        0.541970
     H    4        0.276252        0.176325        0.169297
     H    4        0.541970        0.169297       -0.424748

     C    5       -0.390046        0.287140       -0.073455
     C    5        0.287140        0.461877        0.257981
     C    5       -0.073455        0.257981       -0.071831

     H    6       -0.739403       -0.087758       -0.088396
     H    6       -0.087758        0.615298        0.125987
     H    6       -0.088396        0.125987        0.124105

     H    7       -0.194776       -0.004612        0.087172
     H    7       -0.004612        0.551710       -0.403825
     H    7        0.087172       -0.403825       -0.356934

     C    8        0.347183        0.052138       -0.154918
     C    8        0.052138        0.146070        0.170800
     C    8       -0.154918        0.170800       -0.493253

     H    9        0.583105        0.000171        0.514408
     H    9        0.000171       -0.405738       -0.351582
     H    9        0.514408       -0.351582       -0.177366

     C   10        0.172406        0.123535        0.227629
     C   10        0.123535        0.157692       -0.485531
     C   10        0.227629       -0.485531       -0.330098

     C   11        0.161399        0.141458       -0.172369
     C   11        0.141458        0.403224        0.666289
     C   11       -0.172369        0.666289       -0.564623

     Cl  12       -0.373465       -0.208592       -0.972533
     Cl  12       -0.208592        1.598649        1.986151
     Cl  12       -0.972533        1.986151       -1.225184

     H   13       -0.247151        0.069037       -0.129546
     H   13        0.069037        0.377097        0.602165
     H   13       -0.129546        0.602165       -0.129946

     C   14        0.162183       -0.525768        0.094470
     C   14       -0.525768        0.010714       -0.229534
     C   14        0.094470       -0.229534       -0.172897

     H   15        0.512580        0.209145        0.422801
     H   15        0.209145       -0.585647       -0.120817
     H   15        0.422801       -0.120817        0.073067

     C   16       -0.478877       -0.004622        0.056016
     C   16       -0.004622        0.319075        0.090209
     C   16        0.056016        0.090209        0.159803

     C   17        0.391837       -0.140103        0.305986
     C   17       -0.140103       -0.330976       -0.175008
     C   17        0.305986       -0.175008       -0.060860

     Cl  18        0.845612       -0.156577        0.016335
     Cl  18       -0.156577       -0.197473       -1.114395
     Cl  18        0.016335       -1.114395       -0.648139

     H   19       -0.108226        0.062432        0.079165
     H   19        0.062432        0.349492       -0.114996
     H   19        0.079165       -0.114996       -0.241267

     C   20       -0.571297       -0.152193       -0.439837
     C   20       -0.152193        0.608008       -0.361540
     C   20       -0.439837       -0.361540       -0.036711

     H   21        0.272739       -0.214712        0.614403
     H   21       -0.214712        0.033722       -0.084424
     H   21        0.614403       -0.084424       -0.306461

     C   22        0.221336        0.149517       -0.234791
     C   22        0.149517       -0.458137       -0.120654
     C   22       -0.234791       -0.120654        0.236802

     C   23       -0.637162       -0.155253       -0.426060
     C   23       -0.155253        0.495998       -0.505723
     C   23       -0.426060       -0.505723        0.141164

     Cl  24       -0.384448        2.076194       -0.226609
     Cl  24        2.076194       -0.922127       -1.551003
     Cl  24       -0.226609       -1.551003        1.306575


     NQR/NMR SPECTROSCOPIC PARAMETERS:
     Cl   1    Vxx=   -0.5236    axis=(  0.372564  0.452593  0.810158)
     Cl   1    Vyy=   -0.5901    axis=( -0.450085 -0.675332  0.584252)
     Cl   1    Vzz=    1.1137    axis=( -0.811553  0.582312  0.047899)
     Cl   1  Q=        -8.1650 1e-30 m^2  Cq=       -21.3663 MHz  eta= 0.05967

     C    2    Vxx=   -0.0445    axis=(  0.845297  0.499199 -0.190455)
     C    2    Vyy=   -0.4238    axis=( -0.430866  0.847675  0.309517)
     C    2    Vzz=    0.4683    axis=(  0.315955 -0.179573  0.931625)
     C    2  Q=         1.0000 1e-30 m^2  Cq=         1.1003 MHz  eta= 0.80990

     C    3    Vxx=   -0.0430    axis=( -0.639055 -0.306173 -0.705596)
     C    3    Vyy=   -0.4022    axis=( -0.498704  0.863341  0.077052)
     C    3    Vzz=    0.4451    axis=(  0.585579  0.401124 -0.704412)
     C    3  Q=         1.0000 1e-30 m^2  Cq=         1.0459 MHz  eta= 0.80688

     H    4    Vxx=   -0.0104    axis=(  0.445211 -0.865745  0.228632)
     H    4    Vyy=   -0.7264    axis=(  0.482244  0.016687 -0.875878)
     H    4    Vzz=    0.7368    axis=(  0.754472  0.500206  0.424930)
     H    4  Q=         1.0000 1e-30 m^2  Cq=         1.7312 MHz  eta= 0.97164

     C    5    Vxx=   -0.0951    axis=( -0.414068 -0.198043  0.888441)
     C    5    Vyy=   -0.5294    axis=( -0.878795  0.341331 -0.333486)
     C    5    Vzz=    0.6246    axis=( -0.237208 -0.918843 -0.315373)
     C    5  Q=         1.0000 1e-30 m^2  Cq=         1.4674 MHz  eta= 0.69545

     H    6    Vxx=    0.0986    axis=( -0.075851 -0.248370  0.965691)
     H    6    Vyy=    0.6538    axis=(  0.076316 -0.967086 -0.242735)
     H    6    Vzz=   -0.7525    axis=(  0.994194  0.055286  0.092309)
     H    6  Q=         1.0000 1e-30 m^2  Cq=        -1.7681 MHz  eta= 0.73782

     H    7    Vxx=   -0.1771    axis=(  0.971766  0.119033  0.203719)
     H    7    Vyy=   -0.5296    axis=( -0.232642  0.339398  0.911420)
     H    7    Vzz=    0.7066    axis=(  0.039347 -0.933081  0.357507)
     H    7  Q=         1.0000 1e-30 m^2  Cq=         1.6603 MHz  eta= 0.49884

     C    8    Vxx=    0.1880    axis=( -0.065943  0.964226  0.256747)
     C    8    Vyy=    0.3771    axis=(  0.982204  0.108074 -0.153609)
     C    8    Vzz=   -0.5651    axis=(  0.175862 -0.242049  0.954193)
     C    8  Q=         1.0000 1e-30 m^2  Cq=        -1.3278 MHz  eta= 0.33473

     H    9    Vxx=   -0.1203    axis=( -0.418439 -0.705187  0.572382)
     H    9    Vyy=   -0.7433    axis=(  0.259453 -0.696754 -0.668744)
     H    9    Vzz=    0.8635    axis=(  0.870398 -0.131322  0.474511)
     H    9  Q=         1.0000 1e-30 m^2  Cq=         2.0289 MHz  eta= 0.72145

     C   10    Vxx=    0.2477    axis=(  0.957128  0.203902  0.205745)
     C   10    Vyy=    0.4581    axis=( -0.063857  0.841334 -0.536731)
     C   10    Vzz=   -0.7057    axis=( -0.282540  0.500582  0.818284)
     C   10  Q=         1.0000 1e-30 m^2  Cq=        -1.6581 MHz  eta= 0.29815

     C   11    Vxx=    0.2002    axis=(  0.977461  0.010870 -0.210835)
     C   11    Vyy=    0.7469    axis=( -0.085480 -0.892772 -0.442325)
     C   11    Vzz=   -0.9470    axis=( -0.193036  0.450377 -0.871721)
     C   11  Q=         1.0000 1e-30 m^2  Cq=        -2.2251 MHz  eta= 0.57731

     Cl  12    Vxx=   -0.2222    axis=(  0.915597  0.339646 -0.215225)
     Cl  12    Vyy=   -2.5337    axis=( -0.345860  0.392221 -0.852375)
     Cl  12    Vzz=    2.7560    axis=( -0.205090  0.854870  0.476586)
     Cl  12  Q=        -8.1650 1e-30 m^2  Cq=       -52.8717 MHz  eta= 0.83872

     H   13    Vxx=   -0.1854    axis=( -0.920500 -0.227287  0.317837)
     H   13    Vyy=   -0.5918    axis=(  0.390491 -0.505875  0.769160)
     H   13    Vzz=    0.7771    axis=(  0.014034 -0.832124 -0.554412)
     H   13  Q=         1.0000 1e-30 m^2  Cq=         1.8259 MHz  eta= 0.52293

     C   14    Vxx=   -0.1859    axis=( -0.436982 -0.129377  0.890117)
     C   14    Vyy=   -0.4904    axis=(  0.547304  0.747077  0.377272)
     C   14    Vzz=    0.6763    axis=( -0.713796  0.652026 -0.255650)
     C   14  Q=         1.0000 1e-30 m^2  Cq=         1.5890 MHz  eta= 0.45020

     H   15    Vxx=   -0.0950    axis=( -0.433925 -0.385511  0.814303)
     H   15    Vyy=   -0.6845    axis=( -0.264319  0.918530  0.294004)
     H   15    Vzz=    0.7795    axis=( -0.861304 -0.087660 -0.500471)
     H   15  Q=         1.0000 1e-30 m^2  Cq=         1.8316 MHz  eta= 0.75617

     C   16    Vxx=    0.1238    axis=( -0.087329  0.415980 -0.905171)
     C   16    Vyy=    0.3602    axis=( -0.022741 -0.909238 -0.415655)
     C   16    Vzz=   -0.4839    axis=( -0.995920 -0.015715  0.088863)
     C   16  Q=         1.0000 1e-30 m^2  Cq=        -1.1371 MHz  eta= 0.48858

     C   17    Vxx=   -0.1745    axis=(  0.510343  0.396604 -0.763057)
     C   17    Vyy=   -0.4171    axis=(  0.016658 -0.891698 -0.452325)
     C   17    Vzz=    0.5917    axis=( -0.859809  0.218130 -0.461678)
     C   17  Q=         1.0000 1e-30 m^2  Cq=         1.3902 MHz  eta= 0.41000

     Cl  18    Vxx=    0.6338    axis=(  0.521308  0.647311 -0.556082)
     Cl  18    Vyy=    0.9291    axis=( -0.852609  0.422571 -0.307396)
     Cl  18    Vzz=   -1.5629    axis=(  0.036003  0.634368  0.772192)
     Cl  18  Q=        -8.1650 1e-30 m^2  Cq=        29.9829 MHz  eta= 0.18897

     H   19    Vxx=   -0.0715    axis=(  0.902038 -0.015941  0.431362)
     H   19    Vyy=   -0.3043    axis=( -0.420229  0.195983  0.886001)
     H   19    Vzz=    0.3757    axis=( -0.098663 -0.980478  0.170085)
     H   19  Q=         1.0000 1e-30 m^2  Cq=         0.8828 MHz  eta= 0.61955

     C   20    Vxx=    0.1138    axis=(  0.558661 -0.370735 -0.741925)
     C   20    Vyy=    0.7715    axis=( -0.036527 -0.904667  0.424551)
     C   20    Vzz=   -0.8854    axis=( -0.828591 -0.210080 -0.518944)
     C   20  Q=         1.0000 1e-30 m^2  Cq=        -2.0802 MHz  eta= 0.74288

     H   21    Vxx=   -0.0368    axis=(  0.226096  0.949424  0.217888)
     H   21    Vyy=   -0.6988    axis=( -0.543289 -0.062753  0.837197)
     H   21    Vzz=    0.7356    axis=(  0.808528 -0.307663  0.501624)
     H   21  Q=         1.0000 1e-30 m^2  Cq=         1.7284 MHz  eta= 0.89999

     C   22    Vxx=   -0.0048    axis=( -0.705295 -0.044311 -0.707528)
     C   22    Vyy=   -0.4971    axis=( -0.168932  0.979799  0.107035)
     C   22    Vzz=    0.5019    axis=(  0.688492  0.195015 -0.698533)
     C   22  Q=         1.0000 1e-30 m^2  Cq=         1.1793 MHz  eta= 0.98086

     C   23    Vxx=    0.0529    axis=( -0.523992  0.554360  0.646620)
     C   23    Vyy=    0.8653    axis=( -0.089899 -0.790947  0.605244)
     C   23    Vzz=   -0.9182    axis=( -0.846965 -0.259013 -0.464286)
     C   23  Q=         1.0000 1e-30 m^2  Cq=        -2.1574 MHz  eta= 0.88487

     Cl  24    Vxx=    0.3420    axis=(  0.683065  0.311129  0.660773)
     Cl  24    Vyy=    2.6631    axis=( -0.432235 -0.557070  0.709116)
     Cl  24    Vzz=   -3.0052    axis=(  0.588723 -0.769982 -0.246034)
     Cl  24  Q=        -8.1650 1e-30 m^2  Cq=        57.6526 MHz  eta= 0.77238

     Initialization:
     gipaw_setup  :      9.26s CPU     10.89s WALL (       1 calls)

     Linear response

     Apply operators

     Induced current

     Other routines
     efg          :      9.33s CPU     11.88s WALL (       1 calls)

     General routines
     calbec       :      3.30s CPU      4.35s WALL (      16 calls)
     fft          :      1.44s CPU      2.08s WALL (      15 calls)
     ffts         :      0.04s CPU      0.04s WALL (       2 calls)
     fftw         :      3.26s CPU      4.18s WALL (     672 calls)
     davcio       :      0.02s CPU      0.31s WALL (      32 calls)

     Parallel routines
     fft_scatter  :      2.04s CPU      3.44s WALL (     689 calls)

     Plugins

     GIPAW        :     61.33s CPU     71.71s WALL (       1 calls)
