
     Program QE v.6.0 (svn rev. 13079) starts on  1Jan2017 at 21:26:16 

     This program is part of the open-source Quantum ESPRESSO suite
     for quantum simulation of materials; please cite
         "P. Giannozzi et al., J. Phys.:Condens. Matter 21 395502 (2009);
          URL http://www.quantum-espresso.org", 
     in publications or presentations arising from this work. More details at
     http://www.quantum-espresso.org/quote

     Parallel version (MPI), running on     8 processors
     R & G space division:  proc/nbgrp/npool/nimage =       8

     ***** This is GIPAW svn revision unknown      *****

     Parallelizing q-star over 1 images

     Reading data from directory:
     /users/majewski/paradichlorobenzene/pbe/9_constraint/scratch/pbe.ecut100.np8.dt60.pcl2phi-129368.save
     Message from routine read_xml_file:
     file /users/majewski/paradichlorobenzene/pbe/9_constraint/scratch/pbe.ecut100.np8.dt60.pcl2phi-129368.save not guaranteed to be safe for post-processing

   Info: using nr1, nr2, nr3 values from input

   Info: using nr1, nr2, nr3 values from input

     IMPORTANT: XC functional enforced from input :
     Exchange-correlation      =  SLA  PW   PBX  PBC ( 1  4  3  4 0 0)
     Any further DFT definition will be discarded
     Please, verify this is what you really want

               file C.pbe-n-kjpaw_psl.1.0.0.UPF: wavefunction(s)  2S 2P renormalized
               file Cl.pbe-n-kjpaw_psl.1.0.0.UPF: wavefunction(s)  3S 3P renormalized
               file H.pbe-kjpaw_psl.1.0.0.UPF: wavefunction(s)  1S renormalized

     Parallelization info
     --------------------
     sticks:   dense  smooth     PW     G-vecs:    dense   smooth      PW
     Min        3057    1223    332               144436    36536    5170
     Max        3059    1225    333               144437    36537    5171
     Sum       24467    9791   2657              1155489   292295   41363


     Subspace diagonalization in iterative solution of the eigenvalue problem:
     a serial algorithm will be used

     GIPAW projectors -----------------------------------------------
     atom=  C    l=0  rc=    1.2000  rs=    0.8000
     atom=  C    l=0  rc=    1.2000  rs=    0.8000
     atom=  C    l=1  rc=    1.4000  rs=    0.9333
     atom=  C    l=1  rc=    1.4000  rs=    0.9333
     projs nearly linearly dependent: l=1  n1,n2= 1, 2  s=  0.99951561

     atom=  Cl   l=0  rc=    1.6000  rs=    1.0667
     atom=  Cl   l=0  rc=    1.6000  rs=    1.0667
     atom=  Cl   l=1  rc=    1.6000  rs=    1.0667
     atom=  Cl   l=1  rc=    1.6000  rs=    1.0667
     atom=  Cl   l=2  rc=    1.6000  rs=    1.0667
     atom=  Cl   l=2  rc=    1.6000  rs=    1.0667
     projs nearly linearly dependent: l=2  n1,n2= 1, 2  s=  0.99993509

     atom=  H    l=0  rc=    1.0000  rs=    0.6667
     atom=  H    l=0  rc=    1.0000  rs=    0.6667
     projs nearly linearly dependent: l=0  n1,n2= 1, 2  s=  0.99968852
     -----------------------------------------------------------------

     GIPAW integrals: -------------------------------------------
     Atom  i/j   nmr_para   nmr_dia   epr_rmc  epr_para   epr_dia
       C   1 1   0.83E+03  0.17E-01  0.93E+01  0.24E+08  0.24E+03
       C   2 1   0.86E+03 -0.61E-01  0.94E+01  0.25E+08  0.25E+03
       C   2 2   0.90E+03 -0.15E+00  0.97E+01  0.26E+08  0.26E+03
       C   3 3   0.33E+01  0.34E+00  0.18E+01  0.55E+03  0.21E+02
       C   4 3   0.35E+01  0.37E+00  0.20E+01  0.59E+03  0.22E+02
       C   4 4   0.38E+01  0.39E+00  0.22E+01  0.63E+03  0.24E+02
       Cl  1 1   0.14E+04 -0.47E+00  0.84E+01  0.32E+09  0.42E+03
       Cl  2 1   0.21E+04 -0.37E+00  0.12E+02  0.49E+09  0.65E+03
       Cl  2 2   0.33E+04 -0.16E+00  0.21E+02  0.76E+09  0.10E+04
       Cl  3 3   0.21E+02  0.79E-01  0.89E+01  0.23E+05  0.13E+03
       Cl  4 3   0.24E+02  0.67E-01  0.99E+01  0.27E+05  0.15E+03
       Cl  4 4   0.28E+02  0.44E-01  0.11E+02  0.32E+05  0.18E+03
       Cl  5 5   0.77E+00  0.19E+00  0.18E+01  0.12E+03  0.22E+02
       Cl  6 5   0.80E+00  0.19E+00  0.19E+01  0.12E+03  0.23E+02
       Cl  6 6   0.83E+00  0.20E+00  0.19E+01  0.12E+03  0.23E+02
       H   1 1   0.39E+02  0.19E+00  0.29E+00  0.78E+05  0.13E+02
       H   2 1   0.41E+02  0.21E+00  0.32E+00  0.82E+05  0.14E+02
       H   2 2   0.43E+02  0.22E+00  0.36E+00  0.86E+05  0.15E+02
     ------------------------------------------------------------

     alpha_pv=     34.6565 eV

     Number of occupied bands for each k-point:
     k-point:     1    nbnd_occ=  42
     k-point:     2    nbnd_occ=  42
     k-point:     3    nbnd_occ=  42
     k-point:     4    nbnd_occ=  42
     k-point:     5    nbnd_occ=  42
     k-point:     6    nbnd_occ=  42
     k-point:     7    nbnd_occ=  42
     k-point:     8    nbnd_occ=  42
     k-point:     9    nbnd_occ=  42
     k-point:    10    nbnd_occ=  42
     k-point:    11    nbnd_occ=  42
     k-point:    12    nbnd_occ=  42
     k-point:    13    nbnd_occ=  42
     k-point:    14    nbnd_occ=  42
     k-point:    15    nbnd_occ=  42
     k-point:    16    nbnd_occ=  42


     q-space interpolation up to   110.00 Rydberg

     GIPAW job: efg                                                                             


     ELECTRIC FIELD GRADIENTS TENSORS IN Hartree/bohrradius^2:

     ----- bare term -----
     Cl   1        0.011315        0.010628        0.037009
     Cl   1        0.010628       -0.011951        0.043651
     Cl   1        0.037009        0.043651        0.000636

     C    2        0.059716        0.437698       -0.076801
     C    2        0.437698       -0.286066       -0.501551
     C    2       -0.076801       -0.501551        0.226351

     C    3       -0.434417        0.229665       -0.269620
     C    3        0.229665       -0.043639       -0.305153
     C    3       -0.269620       -0.305153        0.478057

     H    4       -0.166503       -0.346601       -0.492595
     H    4       -0.346601        0.124190       -0.398273
     H    4       -0.492595       -0.398273        0.042312

     C    5       -0.177525        0.309564       -0.044779
     C    5        0.309564       -0.403575       -0.354551
     C    5       -0.044779       -0.354551        0.581100

     H    6        0.490427       -0.053097       -0.128679
     H    6       -0.053097        0.039222       -0.441876
     H    6       -0.128679       -0.441876       -0.529649

     H    7        0.100856        0.330823       -0.343604
     H    7        0.330823       -0.158116        0.486027
     H    7       -0.343604        0.486027        0.057260

     C    8        0.040203       -0.537433        0.131272
     C    8       -0.537433       -0.511888        0.357020
     C    8        0.131272        0.357020        0.471684

     H    9       -0.447036       -0.113114       -0.579422
     H    9       -0.113114        0.336884       -0.004866
     H    9       -0.579422       -0.004866        0.110152

     C   10       -0.312032       -0.008280       -0.167225
     C   10       -0.008280       -0.116720        0.387023
     C   10       -0.167225        0.387023        0.428752

     C   11       -0.036512       -0.336962        0.003884
     C   11       -0.336962       -0.547813        0.385087
     C   11        0.003884        0.385087        0.584325

     Cl  12       -0.098857       -0.049435       -0.096473
     Cl  12       -0.049435       -0.072776        0.080384
     Cl  12       -0.096473        0.080384        0.171632

     H   13        0.318628       -0.084778        0.265835
     H   13       -0.084778       -0.126895       -0.387968
     H   13        0.265835       -0.387968       -0.191734

     C   14       -0.554422        0.375068       -0.464424
     C   14        0.375068        0.312830       -0.203918
     C   14       -0.464424       -0.203918        0.241592

     H   15       -0.483793       -0.264548       -0.528658
     H   15       -0.264548        0.302710       -0.213179
     H   15       -0.528658       -0.213179        0.181084

     C   16        0.034034        0.530909        0.095846
     C   16        0.530909       -0.542337       -0.506645
     C   16        0.095846       -0.506645        0.508304

     C   17       -0.443463       -0.141230       -0.229234
     C   17       -0.141230       -0.050560       -0.443486
     C   17       -0.229234       -0.443486        0.494024

     Cl  18        0.163956        0.113728        0.068593
     Cl  18        0.113728        0.178054        0.249290
     Cl  18        0.068593        0.249290       -0.342010

     H   19        0.514638        0.102992       -0.044434
     H   19        0.102992       -0.611322        0.043491
     H   19       -0.044434        0.043491        0.096684

     C   20       -0.706062       -0.122334       -0.331846
     C   20       -0.122334        0.042007        0.130227
     C   20       -0.331846        0.130227        0.664055

     H   21       -0.514566        0.229423       -0.052271
     H   21        0.229423        0.435187        0.214530
     H   21       -0.052271        0.214530        0.079379

     C   22        0.038064       -0.375556        0.064511
     C   22       -0.375556       -0.643989        0.396716
     C   22        0.064511        0.396716        0.605925

     C   23       -0.529966       -0.098352       -0.261860
     C   23       -0.098352        0.132882        0.152220
     C   23       -0.261860        0.152220        0.397084

     Cl  24       -0.130409       -0.068822        0.076387
     Cl  24       -0.068822       -0.108569       -0.021902
     Cl  24        0.076387       -0.021902        0.238978

     ----- ionic term -----
     Cl   1        0.108021       -0.234139        0.013528
     Cl   1       -0.234139        0.032459       -0.009567
     Cl   1        0.013528       -0.009567       -0.140480

     C    2        0.189988       -0.247590        0.258494
     C    2       -0.247590        0.053381        0.406592
     C    2        0.258494        0.406592       -0.243369

     C    3        0.144140       -0.219250        0.109477
     C    3       -0.219250        0.106548        0.479911
     C    3        0.109477        0.479911       -0.250689

     H    4        0.507438        0.433764        0.647364
     H    4        0.433764       -0.347423        0.336416
     H    4        0.647364        0.336416       -0.160014

     C    5        0.315798       -0.132189        0.189724
     C    5       -0.132189       -0.030199        0.373811
     C    5        0.189724        0.373811       -0.285599

     H    6       -0.511877        0.076832        0.049809
     H    6        0.076832        0.500674        0.788477
     H    6        0.049809        0.788477        0.011203

     H    7       -0.510511       -0.207041        0.105429
     H    7       -0.207041        0.702340       -0.647445
     H    7        0.105429       -0.647445       -0.191829

     C    8        0.211342        0.160322        0.257046
     C    8        0.160322        0.135571       -0.283597
     C    8        0.257046       -0.283597       -0.346913

     H    9        0.704132       -0.171994        0.636131
     H    9       -0.171994       -0.471775       -0.179409
     H    9        0.636131       -0.179409       -0.232357

     C   10        0.091217        0.247442        0.184131
     C   10        0.247442        0.263745       -0.408673
     C   10        0.184131       -0.408673       -0.354962

     C   11        0.151046        0.195526        0.210508
     C   11        0.195526        0.239602       -0.433418
     C   11        0.210508       -0.433418       -0.390648

     Cl  12        0.096608        0.242214       -0.012133
     Cl  12        0.242214        0.063875       -0.015465
     Cl  12       -0.012133       -0.015465       -0.160484

     H   13       -0.525354       -0.013994        0.013816
     H   13       -0.013994        0.411567        0.806282
     H   13        0.013816        0.806282        0.113787

     C   14        0.385994       -0.262611        0.205818
     C   14       -0.262611       -0.126387        0.348274
     C   14        0.205818        0.348274       -0.259606

     H   15        0.622230        0.339831        0.645271
     H   15        0.339831       -0.453419        0.263940
     H   15        0.645271        0.263940       -0.168811

     C   16        0.252276       -0.282973        0.091102
     C   16       -0.282973       -0.019618        0.449975
     C   16        0.091102        0.449975       -0.232658

     C   17        0.244443       -0.139767        0.142307
     C   17       -0.139767       -0.054100        0.489165
     C   17        0.142307        0.489165       -0.190344

     Cl  18        0.171927       -0.192357       -0.033932
     Cl  18       -0.192357       -0.049709        0.023113
     Cl  18       -0.033932        0.023113       -0.122218

     H   19       -0.494159       -0.091558        0.058498
     H   19       -0.091558        0.735812       -0.641613
     H   19        0.058498       -0.641613       -0.241653

     C   20        0.290358        0.213275        0.219486
     C   20        0.213275        0.138298       -0.269513
     C   20        0.219486       -0.269513       -0.428655

     H   21        0.752470       -0.313801        0.597390
     H   21       -0.313801       -0.397717       -0.212366
     H   21        0.597390       -0.212366       -0.354753

     C   22        0.177892        0.230721        0.186152
     C   22        0.230721        0.263982       -0.337993
     C   22        0.186152       -0.337993       -0.441873

     C   23        0.238715        0.135103        0.275390
     C   23        0.135103        0.135369       -0.338109
     C   23        0.275390       -0.338109       -0.374084

     Cl  24        0.173397        0.205582        0.017327
     Cl  24        0.205582       -0.018228       -0.002018
     Cl  24        0.017327       -0.002018       -0.155169

     ----- GIPAW term -----
     Cl   1        1.487309       -2.072164        0.337796
     Cl   1       -2.072164       -0.033897        0.318803
     Cl   1        0.337796        0.318803       -1.453413

     C    2        0.169670        0.109534        0.045238
     C    2        0.109534       -0.036597       -0.029101
     C    2        0.045238       -0.029101       -0.133074

     C    3       -0.133487        0.049854        0.014669
     C    3        0.049854       -0.022916        0.017940
     C    3        0.014669        0.017940        0.156403

     H    4       -0.000000        0.000000        0.000000
     H    4        0.000000        0.000000        0.000000
     H    4        0.000000        0.000000        0.000000

     C    5       -0.096904        0.048765        0.073343
     C    5        0.048765       -0.213982       -0.032888
     C    5        0.073343       -0.032888        0.310886

     H    6       -0.000000        0.000000        0.000000
     H    6        0.000000        0.000000        0.000000
     H    6        0.000000        0.000000        0.000000

     H    7       -0.000000        0.000000        0.000000
     H    7        0.000000        0.000000        0.000000
     H    7        0.000000        0.000000        0.000000

     C    8        0.053838       -0.146010        0.190928
     C    8       -0.146010       -0.176606       -0.030810
     C    8        0.190928       -0.030810        0.122768

     H    9       -0.000000        0.000000        0.000000
     H    9        0.000000        0.000000        0.000000
     H    9        0.000000        0.000000        0.000000

     C   10       -0.061875        0.044705        0.144661
     C   10        0.044705       -0.118980        0.062827
     C   10        0.144661        0.062827        0.180855

     C   11       -0.003819        0.014726        0.154521
     C   11        0.014726       -0.197707       -0.010231
     C   11        0.154521       -0.010231        0.201526

     Cl  12        0.555620        1.848100       -0.752270
     Cl  12        1.848100       -0.479400        0.737937
     Cl  12       -0.752270        0.737937       -0.076220

     H   13       -0.000000        0.000000        0.000000
     H   13        0.000000        0.000000        0.000000
     H   13        0.000000        0.000000        0.000000

     C   14       -0.029816        0.216182       -0.042730
     C   14        0.216182        0.120729        0.011688
     C   14       -0.042730        0.011688       -0.090913

     H   15       -0.000000        0.000000        0.000000
     H   15        0.000000        0.000000        0.000000
     H   15        0.000000        0.000000        0.000000

     C   16        0.071440        0.110224        0.159982
     C   16        0.110224       -0.169398       -0.038019
     C   16        0.159982       -0.038019        0.097959

     C   17       -0.125274       -0.117035        0.038028
     C   17       -0.117035       -0.115591       -0.111006
     C   17        0.038028       -0.111006        0.240865

     Cl  18       -0.305522       -0.456086       -0.428027
     Cl  18       -0.456086       -0.579171       -0.545286
     Cl  18       -0.428027       -0.545286        0.884693

     H   19       -0.000000        0.000000        0.000000
     H   19        0.000000        0.000000        0.000000
     H   19        0.000000        0.000000        0.000000

     C   20       -0.204938       -0.007412       -0.009159
     C   20       -0.007412       -0.103586       -0.010194
     C   20       -0.009159       -0.010194        0.308524

     H   21       -0.000000        0.000000        0.000000
     H   21        0.000000        0.000000        0.000000
     H   21        0.000000        0.000000        0.000000

     C   22       -0.083719       -0.056901        0.089896
     C   22       -0.056901       -0.180538       -0.059415
     C   22        0.089896       -0.059415        0.264257

     C   23       -0.030572       -0.031656        0.146946
     C   23       -0.031656       -0.029539       -0.139908
     C   23        0.146946       -0.139908        0.060111

     Cl  24        0.318487        1.765119        0.658747
     Cl  24        1.765119       -0.919122       -0.205501
     Cl  24        0.658747       -0.205501        0.600635

     ----- total EFG -----
     Cl   1        1.606646       -2.295675        0.388333
     Cl   1       -2.295675       -0.013388        0.352887
     Cl   1        0.388333        0.352887       -1.593257

     C    2        0.419374        0.299642        0.226931
     C    2        0.299642       -0.269282       -0.124060
     C    2        0.226931       -0.124060       -0.150092

     C    3       -0.423764        0.060269       -0.145474
     C    3        0.060269        0.039993        0.192698
     C    3       -0.145474        0.192698        0.383771

     H    4        0.340935        0.087163        0.154769
     H    4        0.087163       -0.223233       -0.061857
     H    4        0.154769       -0.061857       -0.117702

     C    5        0.041369        0.226140        0.218288
     C    5        0.226140       -0.647756       -0.013628
     C    5        0.218288       -0.013628        0.606387

     H    6       -0.021450        0.023735       -0.078870
     H    6        0.023735        0.539896        0.346601
     H    6       -0.078870        0.346601       -0.518446

     H    7       -0.409655        0.123782       -0.238175
     H    7        0.123782        0.544224       -0.161418
     H    7       -0.238175       -0.161418       -0.134569

     C    8        0.305383       -0.523122        0.579246
     C    8       -0.523122       -0.552923        0.042613
     C    8        0.579246        0.042613        0.247540

     H    9        0.257097       -0.285109        0.056709
     H    9       -0.285109       -0.134891       -0.184275
     H    9        0.056709       -0.184275       -0.122206

     C   10       -0.282690        0.283867        0.161566
     C   10        0.283867        0.028045        0.041178
     C   10        0.161566        0.041178        0.254645

     C   11        0.110715       -0.126710        0.368912
     C   11       -0.126710       -0.505919       -0.058562
     C   11        0.368912       -0.058562        0.395204

     Cl  12        0.553372        2.040878       -0.860876
     Cl  12        2.040878       -0.488300        0.802856
     Cl  12       -0.860876        0.802856       -0.065072

     H   13       -0.206726       -0.098771        0.279651
     H   13       -0.098771        0.284673        0.418315
     H   13        0.279651        0.418315       -0.077946

     C   14       -0.198245        0.328638       -0.301336
     C   14        0.328638        0.307172        0.156044
     C   14       -0.301336        0.156044       -0.108927

     H   15        0.138437        0.075283        0.116613
     H   15        0.075283       -0.150710        0.050761
     H   15        0.116613        0.050761        0.012272

     C   16        0.357749        0.358160        0.346930
     C   16        0.358160       -0.731353       -0.094689
     C   16        0.346930       -0.094689        0.373604

     C   17       -0.324294       -0.398032       -0.048899
     C   17       -0.398032       -0.220252       -0.065328
     C   17       -0.048899       -0.065328        0.544546

     Cl  18        0.030361       -0.534715       -0.393366
     Cl  18       -0.534715       -0.450826       -0.272882
     Cl  18       -0.393366       -0.272882        0.420465

     H   19        0.020478        0.011434        0.014064
     H   19        0.011434        0.124490       -0.598122
     H   19        0.014064       -0.598122       -0.144969

     C   20       -0.620643        0.083529       -0.121519
     C   20        0.083529        0.076719       -0.149479
     C   20       -0.121519       -0.149479        0.543924

     H   21        0.237904       -0.084378        0.545119
     H   21       -0.084378        0.037469        0.002164
     H   21        0.545119        0.002164       -0.275374

     C   22        0.132236       -0.201737        0.340558
     C   22       -0.201737       -0.560545       -0.000692
     C   22        0.340558       -0.000692        0.428309

     C   23       -0.321823        0.005095        0.160476
     C   23        0.005095        0.238712       -0.325798
     C   23        0.160476       -0.325798        0.083111

     Cl  24        0.361475        1.901879        0.752461
     Cl  24        1.901879       -1.045919       -0.229421
     Cl  24        0.752461       -0.229421        0.684444

     ----- total EFG (symmetrized) -----
     Cl   1        1.606646       -2.295675        0.388333
     Cl   1       -2.295675       -0.013388        0.352887
     Cl   1        0.388333        0.352887       -1.593257

     C    2        0.419374        0.299642        0.226931
     C    2        0.299642       -0.269282       -0.124060
     C    2        0.226931       -0.124060       -0.150092

     C    3       -0.423764        0.060269       -0.145474
     C    3        0.060269        0.039993        0.192698
     C    3       -0.145474        0.192698        0.383771

     H    4        0.340935        0.087163        0.154769
     H    4        0.087163       -0.223233       -0.061857
     H    4        0.154769       -0.061857       -0.117702

     C    5        0.041369        0.226140        0.218288
     C    5        0.226140       -0.647756       -0.013628
     C    5        0.218288       -0.013628        0.606387

     H    6       -0.021450        0.023735       -0.078870
     H    6        0.023735        0.539896        0.346601
     H    6       -0.078870        0.346601       -0.518446

     H    7       -0.409655        0.123782       -0.238175
     H    7        0.123782        0.544224       -0.161418
     H    7       -0.238175       -0.161418       -0.134569

     C    8        0.305383       -0.523122        0.579246
     C    8       -0.523122       -0.552923        0.042613
     C    8        0.579246        0.042613        0.247540

     H    9        0.257097       -0.285109        0.056709
     H    9       -0.285109       -0.134891       -0.184275
     H    9        0.056709       -0.184275       -0.122206

     C   10       -0.282690        0.283867        0.161566
     C   10        0.283867        0.028045        0.041178
     C   10        0.161566        0.041178        0.254645

     C   11        0.110715       -0.126710        0.368912
     C   11       -0.126710       -0.505919       -0.058562
     C   11        0.368912       -0.058562        0.395204

     Cl  12        0.553372        2.040878       -0.860876
     Cl  12        2.040878       -0.488300        0.802856
     Cl  12       -0.860876        0.802856       -0.065072

     H   13       -0.206726       -0.098771        0.279651
     H   13       -0.098771        0.284673        0.418315
     H   13        0.279651        0.418315       -0.077946

     C   14       -0.198245        0.328638       -0.301336
     C   14        0.328638        0.307172        0.156044
     C   14       -0.301336        0.156044       -0.108927

     H   15        0.138437        0.075283        0.116613
     H   15        0.075283       -0.150710        0.050761
     H   15        0.116613        0.050761        0.012272

     C   16        0.357749        0.358160        0.346930
     C   16        0.358160       -0.731353       -0.094689
     C   16        0.346930       -0.094689        0.373604

     C   17       -0.324294       -0.398032       -0.048899
     C   17       -0.398032       -0.220252       -0.065328
     C   17       -0.048899       -0.065328        0.544546

     Cl  18        0.030361       -0.534715       -0.393366
     Cl  18       -0.534715       -0.450826       -0.272882
     Cl  18       -0.393366       -0.272882        0.420465

     H   19        0.020478        0.011434        0.014064
     H   19        0.011434        0.124490       -0.598122
     H   19        0.014064       -0.598122       -0.144969

     C   20       -0.620643        0.083529       -0.121519
     C   20        0.083529        0.076719       -0.149479
     C   20       -0.121519       -0.149479        0.543924

     H   21        0.237904       -0.084378        0.545119
     H   21       -0.084378        0.037469        0.002164
     H   21        0.545119        0.002164       -0.275374

     C   22        0.132236       -0.201737        0.340558
     C   22       -0.201737       -0.560545       -0.000692
     C   22        0.340558       -0.000692        0.428309

     C   23       -0.321823        0.005095        0.160476
     C   23        0.005095        0.238712       -0.325798
     C   23        0.160476       -0.325798        0.083111

     Cl  24        0.361475        1.901879        0.752461
     Cl  24        1.901879       -1.045919       -0.229421
     Cl  24        0.752461       -0.229421        0.684444


     NQR/NMR SPECTROSCOPIC PARAMETERS:
     Cl   1    Vxx=   -1.1042    axis=( -0.384632 -0.576182 -0.721160)
     Cl   1    Vyy=   -2.1295    axis=(  0.428619  0.580448 -0.692363)
     Cl   1    Vzz=    3.2337    axis=( -0.817523  0.575408 -0.023704)
     Cl   1  Q=        -8.1650 1e-30 m^2  Cq=       -62.0369 MHz  eta= 0.31707

     C    2    Vxx=   -0.0731    axis=(  0.032372  0.569067 -0.821654)
     C    2    Vyy=   -0.5002    axis=( -0.377855  0.768041  0.517048)
     C    2    Vzz=    0.5733    axis=(  0.925299  0.293728  0.239888)
     C    2  Q=         1.0000 1e-30 m^2  Cq=         1.3471 MHz  eta= 0.74496

     C    3    Vxx=   -0.0160    axis=( -0.255842 -0.903960  0.342638)
     C    3    Vyy=   -0.4674    axis=( -0.959043  0.192758 -0.207558)
     C    3    Vzz=    0.4834    axis=( -0.121578  0.381707  0.916253)
     C    3  Q=         1.0000 1e-30 m^2  Cq=         1.1357 MHz  eta= 0.93384

     H    4    Vxx=   -0.1074    axis=( -0.170528 -0.561070  0.810013)
     H    4    Vyy=   -0.2879    axis=( -0.241219  0.820811  0.517767)
     H    4    Vzz=    0.3953    axis=(  0.955371  0.107097  0.275312)
     H    4  Q=         1.0000 1e-30 m^2  Cq=         0.9288 MHz  eta= 0.45643

     C    5    Vxx=    0.0361    axis=( -0.892740 -0.301898  0.334474)
     C    5    Vyy=    0.6838    axis=(  0.336325  0.047494  0.940548)
     C    5    Vzz=   -0.7198    axis=(  0.299834 -0.952157 -0.059136)
     C    5  Q=         1.0000 1e-30 m^2  Cq=        -1.6913 MHz  eta= 0.89981

     H    6    Vxx=   -0.0104    axis=(  0.991051  0.037878 -0.128000)
     H    6    Vyy=   -0.6329    axis=( -0.133486  0.283353 -0.949680)
     H    6    Vzz=    0.6433    axis=(  0.000297  0.958267  0.285874)
     H    6  Q=         1.0000 1e-30 m^2  Cq=         1.5115 MHz  eta= 0.96780

     H    7    Vxx=   -0.0638    axis=(  0.459660 -0.314104 -0.830693)
     H    7    Vyy=   -0.5478    axis=(  0.870481 -0.026016  0.491514)
     H    7    Vzz=    0.6117    axis=( -0.175997 -0.949032  0.261463)
     H    7  Q=         1.0000 1e-30 m^2  Cq=         1.4371 MHz  eta= 0.79134

     C    8    Vxx=   -0.0592    axis=( -0.429558  0.518941  0.739040)
     C    8    Vyy=   -0.8861    axis=(  0.498205  0.818761 -0.285344)
     C    8    Vzz=    0.9453    axis=( -0.753174  0.245622 -0.610244)
     C    8  Q=         1.0000 1e-30 m^2  Cq=         2.2211 MHz  eta= 0.87471

     H    9    Vxx=   -0.0727    axis=(  0.450390  0.358319 -0.817775)
     H    9    Vyy=   -0.3688    axis=(  0.314349  0.793646  0.520874)
     H    9    Vzz=    0.4415    axis=(  0.835663 -0.491664  0.244813)
     H    9  Q=         1.0000 1e-30 m^2  Cq=         1.0372 MHz  eta= 0.67065

     C   10    Vxx=    0.1129    axis=( -0.309890 -0.758299  0.573542)
     C   10    Vyy=    0.3578    axis=(  0.399094  0.443775  0.802364)
     C   10    Vzz=   -0.4707    axis=( -0.862956  0.477541  0.165111)
     C   10  Q=         1.0000 1e-30 m^2  Cq=        -1.1059 MHz  eta= 0.52025

     C   11    Vxx=   -0.1295    axis=( -0.795598  0.177726  0.579170)
     C   11    Vyy=   -0.5312    axis=( -0.204408 -0.978691  0.019531)
     C   11    Vzz=    0.6608    axis=(  0.570300 -0.102848  0.814973)
     C   11  Q=         1.0000 1e-30 m^2  Cq=         1.5525 MHz  eta= 0.60791

     Cl  12    Vxx=    0.4494    axis=( -0.176233  0.390177  0.903717)
     Cl  12    Vyy=    2.1573    axis=( -0.802125 -0.589075  0.097910)
     Cl  12    Vzz=   -2.6067    axis=(  0.570559 -0.707639  0.416785)
     Cl  12  Q=        -8.1650 1e-30 m^2  Cq=        50.0082 MHz  eta= 0.65517

     H   13    Vxx=    0.0117    axis=(  0.780472 -0.423062  0.460307)
     H   13    Vyy=    0.5666    axis=( -0.103173 -0.813328 -0.572585)
     H   13    Vzz=   -0.5784    axis=(  0.616619  0.399395 -0.678428)
     H   13  Q=         1.0000 1e-30 m^2  Cq=        -1.3590 MHz  eta= 0.95938

     C   14    Vxx=    0.1272    axis=( -0.519805  0.237686  0.820553)
     C   14    Vyy=    0.4691    axis=( -0.436045 -0.899790 -0.015588)
     C   14    Vzz=   -0.5963    axis=(  0.734620 -0.365901  0.571357)
     C   14  Q=         1.0000 1e-30 m^2  Cq=        -1.4011 MHz  eta= 0.57349

     H   15    Vxx=   -0.0570    axis=( -0.523407  0.040555  0.851117)
     H   15    Vyy=   -0.1725    axis=(  0.177081 -0.971881  0.155209)
     H   15    Vzz=    0.2296    axis=(  0.833479  0.231954  0.501508)
     H   15  Q=         1.0000 1e-30 m^2  Cq=         0.5394 MHz  eta= 0.50320

     C   16    Vxx=    0.1315    axis=( -0.599106 -0.328780  0.730052)
     C   16    Vyy=    0.7379    axis=(  0.734828  0.136312  0.664414)
     C   16    Vzz=   -0.8694    axis=(  0.317961 -0.934517 -0.159932)
     C   16  Q=         1.0000 1e-30 m^2  Cq=        -2.0428 MHz  eta= 0.69740

     C   17    Vxx=    0.1285    axis=(  0.662143 -0.748327 -0.039677)
     C   17    Vyy=    0.5504    axis=(  0.022588  0.072854 -0.997087)
     C   17    Vzz=   -0.6789    axis=(  0.749037  0.659317  0.065143)
     C   17  Q=         1.0000 1e-30 m^2  Cq=        -1.5951 MHz  eta= 0.62152

     Cl  18    Vxx=    0.2751    axis=(  0.613272 -0.630580  0.475675)
     Cl  18    Vyy=    0.6680    axis=( -0.565545  0.069863  0.821753)
     Cl  18    Vzz=   -0.9430    axis=( -0.551413 -0.772973 -0.313777)
     Cl  18  Q=        -8.1650 1e-30 m^2  Cq=        18.0919 MHz  eta= 0.41666

     H   19    Vxx=    0.0210    axis=(  0.999605  0.017368  0.022115)
     H   19    Vyy=    0.6029    axis=( -0.000249 -0.780947  0.624598)
     H   19    Vzz=   -0.6239    axis=(  0.028119 -0.624356 -0.780634)
     H   19  Q=         1.0000 1e-30 m^2  Cq=        -1.4658 MHz  eta= 0.93271

     C   20    Vxx=    0.0360    axis=(  0.066360  0.952785  0.296305)
     C   20    Vyy=    0.6037    axis=( -0.114008 -0.287775  0.950888)
     C   20    Vzz=   -0.6398    axis=(  0.991261 -0.096882  0.089528)
     C   20  Q=         1.0000 1e-30 m^2  Cq=        -1.5032 MHz  eta= 0.88731

     H   21    Vxx=    0.0320    axis=( -0.067950 -0.989509 -0.127493)
     H   21    Vyy=    0.5927    axis=( -0.840284  0.125653 -0.527384)
     H   21    Vzz=   -0.6246    axis=(  0.537871  0.071295 -0.840007)
     H   21  Q=         1.0000 1e-30 m^2  Cq=        -1.4676 MHz  eta= 0.89768

     C   22    Vxx=   -0.0386    axis=( -0.771171  0.297311  0.562939)
     C   22    Vyy=   -0.6235    axis=( -0.296668 -0.950200  0.095434)
     C   22    Vzz=    0.6620    axis=(  0.563279 -0.093410  0.820970)
     C   22  Q=         1.0000 1e-30 m^2  Cq=         1.5556 MHz  eta= 0.88343

     C   23    Vxx=   -0.1029    axis=(  0.481420  0.601190  0.637813)
     C   23    Vyy=   -0.4043    axis=(  0.868544 -0.229451 -0.439299)
     C   23    Vzz=    0.5072    axis=(  0.117755 -0.765456  0.632622)
     C   23  Q=         1.0000 1e-30 m^2  Cq=         1.1917 MHz  eta= 0.59442

     Cl  24    Vxx=    0.5961    axis=(  0.221838  0.382271 -0.897027)
     Cl  24    Vyy=    1.8965    axis=(  0.784625  0.476207  0.396977)
     Cl  24    Vzz=   -2.4926    axis=( -0.578923  0.791894  0.194298)
     Cl  24  Q=        -8.1650 1e-30 m^2  Cq=        47.8193 MHz  eta= 0.52168

     Initialization:
     gipaw_setup  :      9.11s CPU     11.02s WALL (       1 calls)

     Linear response

     Apply operators

     Induced current

     Other routines
     efg          :      9.28s CPU     11.88s WALL (       1 calls)

     General routines
     calbec       :      3.25s CPU      4.38s WALL (      16 calls)
     fft          :      1.67s CPU      2.28s WALL (      15 calls)
     ffts         :      0.03s CPU      0.04s WALL (       2 calls)
     fftw         :      3.24s CPU      4.01s WALL (     672 calls)
     davcio       :      0.02s CPU      0.32s WALL (      32 calls)

     Parallel routines
     fft_scatter  :      2.21s CPU      3.45s WALL (     689 calls)

     Plugins

     GIPAW        :     61.13s CPU     73.72s WALL (       1 calls)
