
     Program QE v.6.0 (svn rev. 13079) starts on 20Dec2016 at 11:10:52 

     This program is part of the open-source Quantum ESPRESSO suite
     for quantum simulation of materials; please cite
         "P. Giannozzi et al., J. Phys.:Condens. Matter 21 395502 (2009);
          URL http://www.quantum-espresso.org", 
     in publications or presentations arising from this work. More details at
     http://www.quantum-espresso.org/quote

     Parallel version (MPI), running on     8 processors
     R & G space division:  proc/nbgrp/npool/nimage =       8

     ***** This is GIPAW svn revision unknown      *****

     Parallelizing q-star over 1 images

     Reading data from directory:
     /users/majewski/paradichlorobenzene/pbe/9_constraint/scratch/pbe.ecut100.np8.dt60.pcl2phi-129368.save
     Message from routine read_xml_file:
     file /users/majewski/paradichlorobenzene/pbe/9_constraint/scratch/pbe.ecut100.np8.dt60.pcl2phi-129368.save not guaranteed to be safe for post-processing

   Info: using nr1, nr2, nr3 values from input

   Info: using nr1, nr2, nr3 values from input

     IMPORTANT: XC functional enforced from input :
     Exchange-correlation      =  SLA  PW   PBX  PBC ( 1  4  3  4 0 0)
     Any further DFT definition will be discarded
     Please, verify this is what you really want

               file C.pbe-n-kjpaw_psl.1.0.0.UPF: wavefunction(s)  2S 2P renormalized
               file Cl.pbe-n-kjpaw_psl.1.0.0.UPF: wavefunction(s)  3S 3P renormalized
               file H.pbe-kjpaw_psl.1.0.0.UPF: wavefunction(s)  1S renormalized

     Parallelization info
     --------------------
     sticks:   dense  smooth     PW     G-vecs:    dense   smooth      PW
     Min        3057    1223    332               144436    36536    5170
     Max        3059    1225    333               144437    36537    5171
     Sum       24467    9791   2657              1155489   292295   41363


     Subspace diagonalization in iterative solution of the eigenvalue problem:
     a serial algorithm will be used

     GIPAW projectors -----------------------------------------------
     atom=  C    l=0  rc=    1.2000  rs=    0.8000
     atom=  C    l=0  rc=    1.2000  rs=    0.8000
     atom=  C    l=1  rc=    1.4000  rs=    0.9333
     atom=  C    l=1  rc=    1.4000  rs=    0.9333
     projs nearly linearly dependent: l=1  n1,n2= 1, 2  s=  0.99951561

     atom=  Cl   l=0  rc=    1.6000  rs=    1.0667
     atom=  Cl   l=0  rc=    1.6000  rs=    1.0667
     atom=  Cl   l=1  rc=    1.6000  rs=    1.0667
     atom=  Cl   l=1  rc=    1.6000  rs=    1.0667
     atom=  Cl   l=2  rc=    1.6000  rs=    1.0667
     atom=  Cl   l=2  rc=    1.6000  rs=    1.0667
     projs nearly linearly dependent: l=2  n1,n2= 1, 2  s=  0.99993509

     atom=  H    l=0  rc=    1.0000  rs=    0.6667
     atom=  H    l=0  rc=    1.0000  rs=    0.6667
     projs nearly linearly dependent: l=0  n1,n2= 1, 2  s=  0.99968852
     -----------------------------------------------------------------

     GIPAW integrals: -------------------------------------------
     Atom  i/j   nmr_para   nmr_dia   epr_rmc  epr_para   epr_dia
       C   1 1   0.83E+03  0.17E-01  0.93E+01  0.24E+08  0.24E+03
       C   2 1   0.86E+03 -0.61E-01  0.94E+01  0.25E+08  0.25E+03
       C   2 2   0.90E+03 -0.15E+00  0.97E+01  0.26E+08  0.26E+03
       C   3 3   0.33E+01  0.34E+00  0.18E+01  0.55E+03  0.21E+02
       C   4 3   0.35E+01  0.37E+00  0.20E+01  0.59E+03  0.22E+02
       C   4 4   0.38E+01  0.39E+00  0.22E+01  0.63E+03  0.24E+02
       Cl  1 1   0.14E+04 -0.47E+00  0.84E+01  0.32E+09  0.42E+03
       Cl  2 1   0.21E+04 -0.37E+00  0.12E+02  0.49E+09  0.65E+03
       Cl  2 2   0.33E+04 -0.16E+00  0.21E+02  0.76E+09  0.10E+04
       Cl  3 3   0.21E+02  0.79E-01  0.89E+01  0.23E+05  0.13E+03
       Cl  4 3   0.24E+02  0.67E-01  0.99E+01  0.27E+05  0.15E+03
       Cl  4 4   0.28E+02  0.44E-01  0.11E+02  0.32E+05  0.18E+03
       Cl  5 5   0.77E+00  0.19E+00  0.18E+01  0.12E+03  0.22E+02
       Cl  6 5   0.80E+00  0.19E+00  0.19E+01  0.12E+03  0.23E+02
       Cl  6 6   0.83E+00  0.20E+00  0.19E+01  0.12E+03  0.23E+02
       H   1 1   0.39E+02  0.19E+00  0.29E+00  0.78E+05  0.13E+02
       H   2 1   0.41E+02  0.21E+00  0.32E+00  0.82E+05  0.14E+02
       H   2 2   0.43E+02  0.22E+00  0.36E+00  0.86E+05  0.15E+02
     ------------------------------------------------------------

     alpha_pv=     34.4176 eV

     Number of occupied bands for each k-point:
     k-point:     1    nbnd_occ=  42
     k-point:     2    nbnd_occ=  42
     k-point:     3    nbnd_occ=  42
     k-point:     4    nbnd_occ=  42
     k-point:     5    nbnd_occ=  42
     k-point:     6    nbnd_occ=  42
     k-point:     7    nbnd_occ=  42
     k-point:     8    nbnd_occ=  42
     k-point:     9    nbnd_occ=  42
     k-point:    10    nbnd_occ=  42
     k-point:    11    nbnd_occ=  42
     k-point:    12    nbnd_occ=  42
     k-point:    13    nbnd_occ=  42
     k-point:    14    nbnd_occ=  42
     k-point:    15    nbnd_occ=  42
     k-point:    16    nbnd_occ=  42


     q-space interpolation up to   110.00 Rydberg

     GIPAW job: efg                                                                             


     ELECTRIC FIELD GRADIENTS TENSORS IN Hartree/bohrradius^2:

     ----- bare term -----
     Cl   1       -0.208315        0.325880        0.032887
     Cl   1        0.325880       -0.020322        0.020726
     Cl   1        0.032887        0.020726        0.228638

     C    2        0.144068       -0.258390       -0.601783
     C    2       -0.258390       -0.179814       -0.568015
     C    2       -0.601783       -0.568015        0.035746

     C    3        0.036969        0.469220       -0.193370
     C    3        0.469220       -0.301787       -0.278803
     C    3       -0.193370       -0.278803        0.264818

     H    4        0.136799       -0.092240       -0.297763
     H    4       -0.092240        0.360224        0.202676
     H    4       -0.297763        0.202676       -0.497023

     C    5       -0.158187        0.000763       -0.498640
     C    5        0.000763       -0.203044       -0.390343
     C    5       -0.498640       -0.390343        0.361230

     H    6        0.428914       -0.000093        0.233985
     H    6       -0.000093        0.068270       -0.396087
     H    6        0.233985       -0.396087       -0.497183

     H    7        0.497071        0.023574       -0.047720
     H    7        0.023574       -0.209068        0.390363
     H    7       -0.047720        0.390363       -0.288003

     C    8       -0.609183       -0.349729       -0.259546
     C    8       -0.349729        0.232643        0.397698
     C    8       -0.259546        0.397698        0.376540

     H    9       -0.497734       -0.199857       -0.158100
     H    9       -0.199857        0.144727        0.361874
     H    9       -0.158100        0.361874        0.353007

     C   10       -0.040907       -0.252094       -0.179185
     C   10       -0.252094       -0.226621        0.555697
     C   10       -0.179185        0.555697        0.267528

     C   11       -0.328240       -0.240061       -0.459498
     C   11       -0.240061        0.168093        0.304278
     C   11       -0.459498        0.304278        0.160147

     Cl  12       -0.092038       -0.129982       -0.009670
     Cl  12       -0.129982        0.001868       -0.009129
     Cl  12       -0.009670       -0.009129        0.090171

     H   13        0.497523        0.027399       -0.214936
     H   13        0.027399       -0.032062       -0.258452
     H   13       -0.214936       -0.258452       -0.465461

     C   14       -0.399143        0.335893        0.022367
     C   14        0.335893        0.011768       -0.408275
     C   14        0.022367       -0.408275        0.387375

     H   15        0.071323        0.133511       -0.406222
     H   15        0.133511        0.042114        0.198639
     H   15       -0.406222        0.198639       -0.113436

     C   16        0.109733       -0.019393       -0.202739
     C   16       -0.019393       -0.079855       -0.460397
     C   16       -0.202739       -0.460397       -0.029878

     C   17       -0.593038        0.378539       -0.311989
     C   17        0.378539        0.267012       -0.292983
     C   17       -0.311989       -0.292983        0.326026

     Cl  18        0.222170       -0.074706       -0.015908
     Cl  18       -0.074706       -0.434898        0.050716
     Cl  18       -0.015908        0.050716        0.212728

     H   19        0.276733        0.340627       -0.072444
     H   19        0.340627       -0.569529        0.381417
     H   19       -0.072444        0.381417        0.292797

     C   20       -0.068602       -0.435920       -0.198116
     C   20       -0.435920       -0.224098        0.404519
     C   20       -0.198116        0.404519        0.292699

     H   21       -0.452468        0.536515       -0.017789
     H   21        0.536515        0.121525       -0.057681
     H   21       -0.017789       -0.057681        0.330943

     C   22       -0.249185       -0.261831       -0.313692
     C   22       -0.261831       -0.033417        0.376085
     C   22       -0.313692        0.376085        0.282603

     C   23       -0.160933       -0.120379       -0.235099
     C   23       -0.120379       -0.023925        0.608599
     C   23       -0.235099        0.608599        0.184857

     Cl  24        0.016011       -0.074391        0.058484
     Cl  24       -0.074391        0.055494       -0.114562
     Cl  24        0.058484       -0.114562       -0.071505

     ----- ionic term -----
     Cl   1        0.106707       -0.225471        0.052825
     Cl   1       -0.225471        0.043356       -0.022964
     Cl   1        0.052825       -0.022964       -0.150063

     C    2        0.022597       -0.263999        0.392700
     C    2       -0.263999        0.059848        0.392494
     C    2        0.392700        0.392494       -0.082445

     C    3       -0.022160       -0.342861        0.250318
     C    3       -0.342861        0.172151        0.391727
     C    3        0.250318        0.391727       -0.149991

     H    4        0.424469        0.045895        0.802962
     H    4        0.045895       -0.506432        0.134265
     H    4        0.802962        0.134265        0.081963

     C    5        0.087886       -0.329700        0.333241
     C    5       -0.329700        0.035171        0.242763
     C    5        0.333241        0.242763       -0.123058

     H    6       -0.540743        0.025828        0.046902
     H    6        0.025828        0.367595        0.780521
     H    6        0.046902        0.780521        0.173148

     H    7       -0.530292       -0.085668        0.050021
     H    7       -0.085668        0.617185       -0.760379
     H    7        0.050021       -0.760379       -0.086893

     C    8        0.315180        0.188033        0.131762
     C    8        0.188033        0.048561       -0.343963
     C    8        0.131762       -0.343963       -0.363740

     H    9        0.902924       -0.170775        0.485161
     H    9       -0.170775       -0.486992       -0.146272
     H    9        0.485161       -0.146272       -0.415932

     C   10        0.238677        0.227885        0.084493
     C   10        0.227885        0.154901       -0.402486
     C   10        0.084493       -0.402486       -0.393578

     C   11        0.228436        0.112101        0.149095
     C   11        0.112101        0.128883       -0.469262
     C   11        0.149095       -0.469262       -0.357319

     Cl  12        0.115824        0.214708       -0.059458
     Cl  12        0.214708        0.008743       -0.055733
     Cl  12       -0.059458       -0.055733       -0.124567

     H   13       -0.563861        0.023845        0.016289
     H   13        0.023845        0.413850        0.800607
     H   13        0.016289        0.800607        0.150012

     C   14        0.072005       -0.244630        0.342730
     C   14       -0.244630        0.035276        0.265226
     C   14        0.342730        0.265226       -0.107282

     H   15        0.486986        0.000407        0.759378
     H   15        0.000407       -0.489391        0.062619
     H   15        0.759378        0.062619        0.002405

     C   16        0.017837       -0.308946        0.251940
     C   16       -0.308946        0.140826        0.303412
     C   16        0.251940        0.303412       -0.158663

     C   17       -0.009732       -0.273730        0.329026
     C   17       -0.273730        0.090872        0.349594
     C   17        0.329026        0.349594       -0.081140

     Cl  18        0.062839       -0.203221        0.005359
     Cl  18       -0.203221        0.073804        0.001544
     Cl  18        0.005359        0.001544       -0.136643

     H   19       -0.503087       -0.030795        0.028013
     H   19       -0.030795        0.526942       -0.784229
     H   19        0.028013       -0.784229       -0.023854

     C   20        0.356219        0.196103        0.176665
     C   20        0.196103        0.023223       -0.330640
     C   20        0.176665       -0.330640       -0.379442

     H   21        0.666041       -0.346547        0.610236
     H   21       -0.346547       -0.418560       -0.249434
     H   21        0.610236       -0.249434       -0.247481

     C   22        0.187401        0.215657        0.147106
     C   22        0.215657        0.145822       -0.410273
     C   22        0.147106       -0.410273       -0.333224

     C   23        0.230903        0.140830        0.155590
     C   23        0.140830        0.092897       -0.428969
     C   23        0.155590       -0.428969       -0.323800

     Cl  24        0.126435        0.184722       -0.034826
     Cl  24        0.184722        0.009831       -0.035794
     Cl  24       -0.034826       -0.035794       -0.136266

     ----- GIPAW term -----
     Cl   1        1.037379        0.237876       -2.037211
     Cl   1        0.237876       -1.283463       -0.460338
     Cl   1       -2.037211       -0.460338        0.246085

     C    2        0.267623       -0.136521       -0.172155
     C    2       -0.136521       -0.121769       -0.064527
     C    2       -0.172155       -0.064527       -0.145854

     C    3        0.073545        0.110899       -0.158440
     C    3        0.110899       -0.111365       -0.067789
     C    3       -0.158440       -0.067789        0.037820

     H    4       -0.000000        0.000000        0.000000
     H    4        0.000000        0.000000        0.000000
     H    4        0.000000        0.000000        0.000000

     C    5        0.020778       -0.042945       -0.223025
     C    5       -0.042945       -0.161626       -0.043121
     C    5       -0.223025       -0.043121        0.140849

     H    6       -0.000000        0.000000        0.000000
     H    6        0.000000        0.000000        0.000000
     H    6        0.000000        0.000000        0.000000

     H    7       -0.000000        0.000000        0.000000
     H    7        0.000000        0.000000        0.000000
     H    7        0.000000        0.000000        0.000000

     C    8       -0.190501       -0.055029       -0.028396
     C    8       -0.055029        0.157366        0.190752
     C    8       -0.028396        0.190752        0.033135

     H    9       -0.000000        0.000000        0.000000
     H    9        0.000000        0.000000        0.000000
     H    9        0.000000        0.000000        0.000000

     C   10       -0.076079       -0.042431       -0.023968
     C   10       -0.042431        0.108185        0.025816
     C   10       -0.023968        0.025816       -0.032106

     C   11        0.028750       -0.080874       -0.056013
     C   11       -0.080874        0.132459        0.006851
     C   11       -0.056013        0.006851       -0.161209

     Cl  12       -0.009157        0.249371        1.577431
     Cl  12        0.249371       -0.872118       -1.365497
     Cl  12        1.577431       -1.365497        0.881276

     H   13       -0.000000        0.000000        0.000000
     H   13        0.000000        0.000000        0.000000
     H   13        0.000000        0.000000        0.000000

     C   14       -0.050055       -0.099380        0.133037
     C   14       -0.099380        0.044657       -0.173400
     C   14        0.133037       -0.173400        0.005398

     H   15       -0.000000        0.000000        0.000000
     H   15        0.000000        0.000000        0.000000
     H   15        0.000000        0.000000        0.000000

     C   16       -0.062710       -0.046625       -0.009267
     C   16       -0.046625        0.095010       -0.127780
     C   16       -0.009267       -0.127780       -0.032299

     C   17       -0.159001       -0.044057       -0.032313
     C   17       -0.044057        0.277054       -0.101596
     C   17       -0.032313       -0.101596       -0.118053

     Cl  18        0.227201       -0.056319       -0.134377
     Cl  18       -0.056319        1.388459       -0.140766
     Cl  18       -0.134377       -0.140766       -1.615660

     H   19       -0.000000        0.000000        0.000000
     H   19        0.000000        0.000000        0.000000
     H   19        0.000000        0.000000        0.000000

     C   20        0.055594       -0.219279       -0.095004
     C   20       -0.219279       -0.003996        0.155977
     C   20       -0.095004        0.155977       -0.051598

     H   21       -0.000000        0.000000        0.000000
     H   21        0.000000        0.000000        0.000000
     H   21        0.000000        0.000000        0.000000

     C   22       -0.044401       -0.143089       -0.167892
     C   22       -0.143089        0.034903        0.152525
     C   22       -0.167892        0.152525        0.009499

     C   23       -0.043404       -0.031599       -0.117251
     C   23       -0.031599        0.034289        0.221608
     C   23       -0.117251        0.221608        0.009115

     Cl  24       -0.453819        0.499404       -0.969305
     Cl  24        0.499404       -0.629193        1.367208
     Cl  24       -0.969305        1.367208        1.083011

     ----- total EFG -----
     Cl   1        0.935770        0.338285       -1.951498
     Cl   1        0.338285       -1.260430       -0.462576
     Cl   1       -1.951498       -0.462576        0.324659

     C    2        0.434288       -0.658910       -0.381238
     C    2       -0.658910       -0.241735       -0.240048
     C    2       -0.381238       -0.240048       -0.192553

     C    3        0.088354        0.237258       -0.101491
     C    3        0.237258       -0.241001        0.045135
     C    3       -0.101491        0.045135        0.152647

     H    4        0.561268       -0.046344        0.505199
     H    4       -0.046344       -0.146208        0.336940
     H    4        0.505199        0.336940       -0.415060

     C    5       -0.049522       -0.371882       -0.388425
     C    5       -0.371882       -0.329499       -0.190701
     C    5       -0.388425       -0.190701        0.379021

     H    6       -0.111829        0.025735        0.280887
     H    6        0.025735        0.435864        0.384434
     H    6        0.280887        0.384434       -0.324035

     H    7       -0.033221       -0.062095        0.002301
     H    7       -0.062095        0.408117       -0.370016
     H    7        0.002301       -0.370016       -0.374896

     C    8       -0.484504       -0.216725       -0.156180
     C    8       -0.216725        0.438569        0.244487
     C    8       -0.156180        0.244487        0.045935

     H    9        0.405190       -0.370632        0.327061
     H    9       -0.370632       -0.342266        0.215602
     H    9        0.327061        0.215602       -0.062925

     C   10        0.121691       -0.066640       -0.118660
     C   10       -0.066640        0.036465        0.179026
     C   10       -0.118660        0.179026       -0.158156

     C   11       -0.071053       -0.208833       -0.366417
     C   11       -0.208833        0.429434       -0.158133
     C   11       -0.366417       -0.158133       -0.358381

     Cl  12        0.014629        0.334096        1.508302
     Cl  12        0.334096       -0.861508       -1.430359
     Cl  12        1.508302       -1.430359        0.846879

     H   13       -0.066339        0.051244       -0.198647
     H   13        0.051244        0.381787        0.542155
     H   13       -0.198647        0.542155       -0.315449

     C   14       -0.377193       -0.008117        0.498134
     C   14       -0.008117        0.091702       -0.316449
     C   14        0.498134       -0.316449        0.285491

     H   15        0.558309        0.133918        0.353156
     H   15        0.133918       -0.447278        0.261258
     H   15        0.353156        0.261258       -0.111031

     C   16        0.064859       -0.374963        0.039934
     C   16       -0.374963        0.155981       -0.284765
     C   16        0.039934       -0.284765       -0.220840

     C   17       -0.761771        0.060752       -0.015276
     C   17        0.060752        0.634938       -0.044985
     C   17       -0.015276       -0.044985        0.126833

     Cl  18        0.512211       -0.334247       -0.144926
     Cl  18       -0.334247        1.027364       -0.088506
     Cl  18       -0.144926       -0.088506       -1.539575

     H   19       -0.226355        0.309832       -0.044431
     H   19        0.309832       -0.042588       -0.402812
     H   19       -0.044431       -0.402812        0.268942

     C   20        0.343211       -0.459096       -0.116455
     C   20       -0.459096       -0.204871        0.229856
     C   20       -0.116455        0.229856       -0.138340

     H   21        0.213573        0.189967        0.592447
     H   21        0.189967       -0.297035       -0.307115
     H   21        0.592447       -0.307115        0.083462

     C   22       -0.106185       -0.189263       -0.334478
     C   22       -0.189263        0.147308        0.118337
     C   22       -0.334478        0.118337       -0.041122

     C   23        0.026567       -0.011148       -0.196760
     C   23       -0.011148        0.103260        0.401239
     C   23       -0.196760        0.401239       -0.129827

     Cl  24       -0.311373        0.609735       -0.945647
     Cl  24        0.609735       -0.563868        1.216852
     Cl  24       -0.945647        1.216852        0.875240

     ----- total EFG (symmetrized) -----
     Cl   1        0.935770        0.338285       -1.951498
     Cl   1        0.338285       -1.260430       -0.462576
     Cl   1       -1.951498       -0.462576        0.324659

     C    2        0.434288       -0.658910       -0.381238
     C    2       -0.658910       -0.241735       -0.240048
     C    2       -0.381238       -0.240048       -0.192553

     C    3        0.088354        0.237258       -0.101491
     C    3        0.237258       -0.241001        0.045135
     C    3       -0.101491        0.045135        0.152647

     H    4        0.561268       -0.046344        0.505199
     H    4       -0.046344       -0.146208        0.336940
     H    4        0.505199        0.336940       -0.415060

     C    5       -0.049522       -0.371882       -0.388425
     C    5       -0.371882       -0.329499       -0.190701
     C    5       -0.388425       -0.190701        0.379021

     H    6       -0.111829        0.025735        0.280887
     H    6        0.025735        0.435864        0.384434
     H    6        0.280887        0.384434       -0.324035

     H    7       -0.033221       -0.062095        0.002301
     H    7       -0.062095        0.408117       -0.370016
     H    7        0.002301       -0.370016       -0.374896

     C    8       -0.484504       -0.216725       -0.156180
     C    8       -0.216725        0.438569        0.244487
     C    8       -0.156180        0.244487        0.045935

     H    9        0.405190       -0.370632        0.327061
     H    9       -0.370632       -0.342266        0.215602
     H    9        0.327061        0.215602       -0.062925

     C   10        0.121691       -0.066640       -0.118660
     C   10       -0.066640        0.036465        0.179026
     C   10       -0.118660        0.179026       -0.158156

     C   11       -0.071053       -0.208833       -0.366417
     C   11       -0.208833        0.429434       -0.158133
     C   11       -0.366417       -0.158133       -0.358381

     Cl  12        0.014629        0.334096        1.508302
     Cl  12        0.334096       -0.861508       -1.430359
     Cl  12        1.508302       -1.430359        0.846879

     H   13       -0.066339        0.051244       -0.198647
     H   13        0.051244        0.381787        0.542155
     H   13       -0.198647        0.542155       -0.315449

     C   14       -0.377193       -0.008117        0.498134
     C   14       -0.008117        0.091702       -0.316449
     C   14        0.498134       -0.316449        0.285491

     H   15        0.558309        0.133918        0.353156
     H   15        0.133918       -0.447278        0.261258
     H   15        0.353156        0.261258       -0.111031

     C   16        0.064859       -0.374963        0.039934
     C   16       -0.374963        0.155981       -0.284765
     C   16        0.039934       -0.284765       -0.220840

     C   17       -0.761771        0.060752       -0.015276
     C   17        0.060752        0.634938       -0.044985
     C   17       -0.015276       -0.044985        0.126833

     Cl  18        0.512211       -0.334247       -0.144926
     Cl  18       -0.334247        1.027364       -0.088506
     Cl  18       -0.144926       -0.088506       -1.539575

     H   19       -0.226355        0.309832       -0.044431
     H   19        0.309832       -0.042588       -0.402812
     H   19       -0.044431       -0.402812        0.268942

     C   20        0.343211       -0.459096       -0.116455
     C   20       -0.459096       -0.204871        0.229856
     C   20       -0.116455        0.229856       -0.138340

     H   21        0.213573        0.189967        0.592447
     H   21        0.189967       -0.297035       -0.307115
     H   21        0.592447       -0.307115        0.083462

     C   22       -0.106185       -0.189263       -0.334478
     C   22       -0.189263        0.147308        0.118337
     C   22       -0.334478        0.118337       -0.041122

     C   23        0.026567       -0.011148       -0.196760
     C   23       -0.011148        0.103260        0.401239
     C   23       -0.196760        0.401239       -0.129827

     Cl  24       -0.311373        0.609735       -0.945647
     Cl  24        0.609735       -0.563868        1.216852
     Cl  24       -0.945647        1.216852        0.875240


     NQR/NMR SPECTROSCOPIC PARAMETERS:
     Cl   1    Vxx=   -1.2119    axis=(  0.533056 -0.707494  0.464008)
     Cl   1    Vyy=   -1.4725    axis=( -0.392842 -0.692684 -0.604867)
     Cl   1    Vzz=    2.6844    axis=( -0.749351 -0.140147  0.647173)
     Cl   1  Q=        -8.1650 1e-30 m^2  Cq=       -51.4996 MHz  eta= 0.09707

     C    2    Vxx=    0.0086    axis=( -0.096677 -0.544519  0.833158)
     C    2    Vyy=    0.8784    axis=( -0.862375  0.463774  0.203037)
     C    2    Vzz=   -0.8870    axis=( -0.496954 -0.698866 -0.514416)
     C    2  Q=         1.0000 1e-30 m^2  Cq=        -2.0840 MHz  eta= 0.98067

     C    3    Vxx=    0.1180    axis=(  0.450218  0.398078  0.799273)
     C    3    Vyy=    0.2616    axis=( -0.756632 -0.305234  0.578221)
     C    3    Vzz=   -0.3796    axis=( -0.474143  0.865081 -0.163777)
     C    3  Q=         1.0000 1e-30 m^2  Cq=        -0.8919 MHz  eta= 0.37849

     H    4    Vxx=    0.0116    axis=(  0.271973 -0.885320 -0.377146)
     H    4    Vyy=    0.7849    axis=(  0.905979  0.103452  0.410487)
     H    4    Vzz=   -0.7964    axis=( -0.324396 -0.453327  0.830218)
     H    4  Q=         1.0000 1e-30 m^2  Cq=        -1.8713 MHz  eta= 0.97096

     C    5    Vxx=    0.1132    axis=(  0.609672 -0.684406  0.399861)
     C    5    Vyy=    0.6092    axis=( -0.521600  0.033445  0.852534)
     C    5    Vzz=   -0.7224    axis=( -0.596853 -0.728334 -0.336596)
     C    5  Q=         1.0000 1e-30 m^2  Cq=        -1.6973 MHz  eta= 0.68661

     H    6    Vxx=   -0.0097    axis=(  0.869412 -0.350586  0.348157)
     H    6    Vyy=   -0.6124    axis=(  0.455690  0.296600 -0.839271)
     H    6    Vzz=    0.6221    axis=(  0.190973  0.888323  0.417626)
     H    6  Q=         1.0000 1e-30 m^2  Cq=         1.4618 MHz  eta= 0.96874

     H    7    Vxx=   -0.0381    axis=(  0.994258  0.075348 -0.075987)
     H    7    Vyy=   -0.5230    axis=(  0.042735  0.371431  0.927477)
     H    7    Vzz=    0.5611    axis=(  0.098107 -0.925398  0.366078)
     H    7  Q=         1.0000 1e-30 m^2  Cq=         1.3183 MHz  eta= 0.86418

     C    8    Vxx=   -0.0671    axis=( -0.088761 -0.464146  0.881300)
     C    8    Vyy=   -0.5516    axis=( -0.968544 -0.166287 -0.185125)
     C    8    Vzz=    0.6187    axis=(  0.232474 -0.870010 -0.434786)
     C    8  Q=         1.0000 1e-30 m^2  Cq=         1.4536 MHz  eta= 0.78309

     H    9    Vxx=    0.0396    axis=( -0.130583  0.580467  0.803745)
     H    9    Vyy=    0.6377    axis=( -0.902173  0.266611 -0.339121)
     H    9    Vzz=   -0.6773    axis=( -0.411136 -0.769400  0.488866)
     H    9  Q=         1.0000 1e-30 m^2  Cq=        -1.5914 MHz  eta= 0.88293

     C   10    Vxx=    0.0224    axis=(  0.704766  0.677942  0.209043)
     C   10    Vyy=    0.2548    axis=( -0.685607  0.575120  0.446296)
     C   10    Vzz=   -0.2772    axis=(  0.182338 -0.457856  0.870127)
     C   10  Q=         1.0000 1e-30 m^2  Cq=        -0.6514 MHz  eta= 0.83846

     C   11    Vxx=    0.1590    axis=(  0.759409  0.230730 -0.608326)
     C   11    Vyy=    0.5060    axis=( -0.318445  0.947168 -0.038285)
     C   11    Vzz=   -0.6651    axis=(  0.567353  0.222793  0.792763)
     C   11  Q=         1.0000 1e-30 m^2  Cq=        -1.5626 MHz  eta= 0.52179

     Cl  12    Vxx=   -0.0743    axis=(  0.733838  0.652828 -0.187877)
     Cl  12    Vyy=   -2.2340    axis=( -0.471684  0.688688  0.550657)
     Cl  12    Vzz=    2.3083    axis=(  0.488873 -0.315475  0.813314)
     Cl  12  Q=        -8.1650 1e-30 m^2  Cq=       -44.2840 MHz  eta= 0.93561

     H   13    Vxx=   -0.0048    axis=(  0.947903  0.210126 -0.239429)
     H   13    Vyy=   -0.6764    axis=( -0.310808  0.445260 -0.839728)
     H   13    Vzz=    0.6813    axis=( -0.069841  0.870397  0.487372)
     H   13  Q=         1.0000 1e-30 m^2  Cq=         1.6007 MHz  eta= 0.98590

     C   14    Vxx=   -0.0166    axis=(  0.381408  0.877597  0.290433)
     C   14    Vyy=   -0.6731    axis=( -0.841122  0.199143  0.502848)
     C   14    Vzz=    0.6896    axis=(  0.383460 -0.436079  0.814121)
     C   14  Q=         1.0000 1e-30 m^2  Cq=         1.6203 MHz  eta= 0.95200

     H   15    Vxx=   -0.1613    axis=(  0.457479 -0.473464 -0.752692)
     H   15    Vyy=   -0.5927    axis=(  0.055561  0.860029 -0.507212)
     H   15    Vzz=    0.7540    axis=( -0.887483 -0.190218 -0.419751)
     H   15  Q=         1.0000 1e-30 m^2  Cq=         1.7717 MHz  eta= 0.57207

     C   16    Vxx=   -0.1299    axis=(  0.711886  0.302260 -0.633922)
     C   16    Vyy=   -0.4343    axis=(  0.384460  0.587649  0.711940)
     C   16    Vzz=    0.5642    axis=(  0.587715 -0.750538  0.302133)
     C   16  Q=         1.0000 1e-30 m^2  Cq=         1.3257 MHz  eta= 0.53953

     C   17    Vxx=    0.1230    axis=( -0.011097  0.088834  0.995985)
     C   17    Vyy=    0.6416    axis=(  0.044039  0.995123 -0.088266)
     C   17    Vzz=   -0.7646    axis=( -0.998968  0.042883 -0.014955)
     C   17  Q=         1.0000 1e-30 m^2  Cq=        -1.7965 MHz  eta= 0.67829

     Cl  18    Vxx=    0.3628    axis=(  0.894534  0.438146 -0.088529)
     Cl  18    Vyy=    1.1919    axis=(  0.440323 -0.897821  0.005729)
     Cl  18    Vzz=   -1.5547    axis=(  0.076973  0.044106  0.996057)
     Cl  18  Q=        -8.1650 1e-30 m^2  Cq=        29.8260 MHz  eta= 0.53324

     H   19    Vxx=   -0.0779    axis=(  0.701647  0.418885  0.576391)
     H   19    Vyy=   -0.5253    axis=( -0.661794  0.682898  0.309321)
     H   19    Vzz=    0.6032    axis=( -0.264046 -0.598486  0.756369)
     H   19  Q=         1.0000 1e-30 m^2  Cq=         1.4172 MHz  eta= 0.74176

     C   20    Vxx=   -0.1385    axis=(  0.413467  0.209004  0.886207)
     C   20    Vyy=   -0.5243    axis=(  0.392163  0.837518 -0.380488)
     C   20    Vzz=    0.6627    axis=( -0.821738  0.504856  0.264322)
     C   20  Q=         1.0000 1e-30 m^2  Cq=         1.5571 MHz  eta= 0.58214

     H   21    Vxx=   -0.0121    axis=(  0.469523  0.772964 -0.426702)
     H   21    Vyy=   -0.7367    axis=( -0.497378  0.630862  0.595507)
     H   21    Vzz=    0.7488    axis=(  0.729496 -0.067372  0.680659)
     H   21  Q=         1.0000 1e-30 m^2  Cq=         1.7594 MHz  eta= 0.96767

     C   22    Vxx=   -0.0118    axis=(  0.323330  0.781555 -0.533507)
     C   22    Vyy=   -0.4171    axis=( -0.760275 -0.121129 -0.638208)
     C   22    Vzz=    0.4289    axis=( -0.563418  0.611964  0.555032)
     C   22  Q=         1.0000 1e-30 m^2  Cq=         1.0077 MHz  eta= 0.94511

     C   23    Vxx=    0.0322    axis=(  0.904551  0.423439 -0.049865)
     C   23    Vyy=    0.4456    axis=(  0.307093 -0.728170 -0.612750)
     C   23    Vzz=   -0.4778    axis=( -0.295772  0.538950 -0.788702)
     C   23  Q=         1.0000 1e-30 m^2  Cq=        -1.1226 MHz  eta= 0.86524

     Cl  24    Vxx=    0.1846    axis=(  0.785817  0.618313 -0.013450)
     Cl  24    Vyy=    1.7275    axis=(  0.289961 -0.387548 -0.875060)
     Cl  24    Vzz=   -1.9121    axis=( -0.546273  0.683737 -0.483828)
     Cl  24  Q=        -8.1650 1e-30 m^2  Cq=        36.6825 MHz  eta= 0.80694

     Initialization:
     gipaw_setup  :      9.00s CPU     11.02s WALL (       1 calls)

     Linear response

     Apply operators

     Induced current

     Other routines
     efg          :      9.50s CPU     12.52s WALL (       1 calls)

     General routines
     calbec       :      3.54s CPU      5.24s WALL (      16 calls)
     fft          :      1.34s CPU      1.72s WALL (      15 calls)
     ffts         :      0.04s CPU      0.05s WALL (       2 calls)
     fftw         :      3.23s CPU      3.92s WALL (     672 calls)
     davcio       :      0.01s CPU      0.32s WALL (      32 calls)

     Parallel routines
     fft_scatter  :      1.97s CPU      2.88s WALL (     689 calls)

     Plugins

     GIPAW        :     61.19s CPU     74.06s WALL (       1 calls)
