
     Program QE v.6.0 (svn rev. 13079) starts on 16Dec2016 at 13:21:15 

     This program is part of the open-source Quantum ESPRESSO suite
     for quantum simulation of materials; please cite
         "P. Giannozzi et al., J. Phys.:Condens. Matter 21 395502 (2009);
          URL http://www.quantum-espresso.org", 
     in publications or presentations arising from this work. More details at
     http://www.quantum-espresso.org/quote

     Parallel version (MPI), running on     8 processors
     R & G space division:  proc/nbgrp/npool/nimage =       8

     ***** This is GIPAW svn revision unknown      *****

     Parallelizing q-star over 1 images

     Reading data from directory:
     /users/majewski/paradichlorobenzene/pbe/9_constraint/scratch/pbe.ecut100.np8.dt60.pcl2phi-129368.save
     Message from routine read_xml_file:
     file /users/majewski/paradichlorobenzene/pbe/9_constraint/scratch/pbe.ecut100.np8.dt60.pcl2phi-129368.save not guaranteed to be safe for post-processing

   Info: using nr1, nr2, nr3 values from input

   Info: using nr1, nr2, nr3 values from input

     IMPORTANT: XC functional enforced from input :
     Exchange-correlation      =  SLA  PW   PBX  PBC ( 1  4  3  4 0 0)
     Any further DFT definition will be discarded
     Please, verify this is what you really want

               file C.pbe-n-kjpaw_psl.1.0.0.UPF: wavefunction(s)  2S 2P renormalized
               file Cl.pbe-n-kjpaw_psl.1.0.0.UPF: wavefunction(s)  3S 3P renormalized
               file H.pbe-kjpaw_psl.1.0.0.UPF: wavefunction(s)  1S renormalized

     Parallelization info
     --------------------
     sticks:   dense  smooth     PW     G-vecs:    dense   smooth      PW
     Min        3057    1223    332               144436    36536    5170
     Max        3059    1225    333               144437    36537    5171
     Sum       24467    9791   2657              1155489   292295   41363


     Subspace diagonalization in iterative solution of the eigenvalue problem:
     a serial algorithm will be used

     GIPAW projectors -----------------------------------------------
     atom=  C    l=0  rc=    1.2000  rs=    0.8000
     atom=  C    l=0  rc=    1.2000  rs=    0.8000
     atom=  C    l=1  rc=    1.4000  rs=    0.9333
     atom=  C    l=1  rc=    1.4000  rs=    0.9333
     projs nearly linearly dependent: l=1  n1,n2= 1, 2  s=  0.99951561

     atom=  Cl   l=0  rc=    1.6000  rs=    1.0667
     atom=  Cl   l=0  rc=    1.6000  rs=    1.0667
     atom=  Cl   l=1  rc=    1.6000  rs=    1.0667
     atom=  Cl   l=1  rc=    1.6000  rs=    1.0667
     atom=  Cl   l=2  rc=    1.6000  rs=    1.0667
     atom=  Cl   l=2  rc=    1.6000  rs=    1.0667
     projs nearly linearly dependent: l=2  n1,n2= 1, 2  s=  0.99993509

     atom=  H    l=0  rc=    1.0000  rs=    0.6667
     atom=  H    l=0  rc=    1.0000  rs=    0.6667
     projs nearly linearly dependent: l=0  n1,n2= 1, 2  s=  0.99968852
     -----------------------------------------------------------------

     GIPAW integrals: -------------------------------------------
     Atom  i/j   nmr_para   nmr_dia   epr_rmc  epr_para   epr_dia
       C   1 1   0.83E+03  0.17E-01  0.93E+01  0.24E+08  0.24E+03
       C   2 1   0.86E+03 -0.61E-01  0.94E+01  0.25E+08  0.25E+03
       C   2 2   0.90E+03 -0.15E+00  0.97E+01  0.26E+08  0.26E+03
       C   3 3   0.33E+01  0.34E+00  0.18E+01  0.55E+03  0.21E+02
       C   4 3   0.35E+01  0.37E+00  0.20E+01  0.59E+03  0.22E+02
       C   4 4   0.38E+01  0.39E+00  0.22E+01  0.63E+03  0.24E+02
       Cl  1 1   0.14E+04 -0.47E+00  0.84E+01  0.32E+09  0.42E+03
       Cl  2 1   0.21E+04 -0.37E+00  0.12E+02  0.49E+09  0.65E+03
       Cl  2 2   0.33E+04 -0.16E+00  0.21E+02  0.76E+09  0.10E+04
       Cl  3 3   0.21E+02  0.79E-01  0.89E+01  0.23E+05  0.13E+03
       Cl  4 3   0.24E+02  0.67E-01  0.99E+01  0.27E+05  0.15E+03
       Cl  4 4   0.28E+02  0.44E-01  0.11E+02  0.32E+05  0.18E+03
       Cl  5 5   0.77E+00  0.19E+00  0.18E+01  0.12E+03  0.22E+02
       Cl  6 5   0.80E+00  0.19E+00  0.19E+01  0.12E+03  0.23E+02
       Cl  6 6   0.83E+00  0.20E+00  0.19E+01  0.12E+03  0.23E+02
       H   1 1   0.39E+02  0.19E+00  0.29E+00  0.78E+05  0.13E+02
       H   2 1   0.41E+02  0.21E+00  0.32E+00  0.82E+05  0.14E+02
       H   2 2   0.43E+02  0.22E+00  0.36E+00  0.86E+05  0.15E+02
     ------------------------------------------------------------

     alpha_pv=     33.6270 eV

     Number of occupied bands for each k-point:
     k-point:     1    nbnd_occ=  42
     k-point:     2    nbnd_occ=  42
     k-point:     3    nbnd_occ=  42
     k-point:     4    nbnd_occ=  42
     k-point:     5    nbnd_occ=  42
     k-point:     6    nbnd_occ=  42
     k-point:     7    nbnd_occ=  42
     k-point:     8    nbnd_occ=  42
     k-point:     9    nbnd_occ=  42
     k-point:    10    nbnd_occ=  42
     k-point:    11    nbnd_occ=  42
     k-point:    12    nbnd_occ=  42
     k-point:    13    nbnd_occ=  42
     k-point:    14    nbnd_occ=  42
     k-point:    15    nbnd_occ=  42
     k-point:    16    nbnd_occ=  42


     q-space interpolation up to   110.00 Rydberg

     GIPAW job: efg                                                                             


     ELECTRIC FIELD GRADIENTS TENSORS IN Hartree/bohrradius^2:

     ----- bare term -----
     Cl   1        0.155557        0.039338        0.082033
     Cl   1        0.039338        0.059134       -0.209646
     Cl   1        0.082033       -0.209646       -0.214691

     C    2       -0.761437        0.340833       -0.233229
     C    2        0.340833        0.260342       -0.091550
     C    2       -0.233229       -0.091550        0.501095

     C    3        0.312364       -0.031451        0.185298
     C    3       -0.031451       -0.298279       -0.174568
     C    3        0.185298       -0.174568       -0.014085

     H    4       -0.334458       -0.243977        0.270811
     H    4       -0.243977        0.202633        0.009357
     H    4        0.270811        0.009357        0.131825

     C    5       -0.447941        0.266785       -0.256492
     C    5        0.266785        0.129152        0.041142
     C    5       -0.256492        0.041142        0.318789

     H    6        0.318458       -0.351692        0.195448
     H    6       -0.351692       -0.523562        0.135512
     H    6        0.195448        0.135512        0.205104

     H    7        0.210875        0.349909       -0.120854
     H    7        0.349909       -0.475129        0.430136
     H    7       -0.120854        0.430136        0.264255

     C    8       -0.193990       -0.312118       -0.267127
     C    8       -0.312118       -0.101931        0.488672
     C    8       -0.267127        0.488672        0.295921

     H    9       -0.157260        0.170700       -0.441585
     H    9        0.170700        0.396499        0.276639
     H    9       -0.441585        0.276639       -0.239239

     C   10       -0.226487       -0.304686       -0.255944
     C   10       -0.304686       -0.210158        0.486582
     C   10       -0.255944        0.486582        0.436645

     C   11       -0.188861        0.091749       -0.342901
     C   11        0.091749       -0.061365        0.657608
     C   11       -0.342901        0.657608        0.250227

     Cl  12        0.018037       -0.202211        0.017158
     Cl  12       -0.202211        0.014546       -0.023525
     Cl  12        0.017158       -0.023525       -0.032584

     H   13        0.283223       -0.351216        0.095191
     H   13       -0.351216       -0.587680        0.131612
     H   13        0.095191        0.131612        0.304457

     C   14       -0.018672        0.181836       -0.077990
     C   14        0.181836       -0.109852       -0.360136
     C   14       -0.077990       -0.360136        0.128524

     H   15       -0.207196       -0.418612        0.082324
     H   15       -0.418612       -0.078363        0.174021
     H   15        0.082324        0.174021        0.285559

     C   16       -0.239004        0.160282       -0.005333
     C   16        0.160282       -0.042349       -0.152631
     C   16       -0.005333       -0.152631        0.281353

     C   17       -0.040832       -0.166637       -0.364931
     C   17       -0.166637       -0.072922       -0.616566
     C   17       -0.364931       -0.616566        0.113755

     Cl  18       -0.145428        0.093563        0.052364
     Cl  18        0.093563       -0.057652       -0.089454
     Cl  18        0.052364       -0.089454        0.203080

     H   19        0.452928       -0.027860       -0.245484
     H   19       -0.027860       -0.147529        0.339320
     H   19       -0.245484        0.339320       -0.305399

     C   20       -0.542177       -0.328075       -0.148684
     C   20       -0.328075        0.219685        0.354921
     C   20       -0.148684        0.354921        0.322493

     H   21        0.152560        0.023207       -0.364258
     H   21        0.023207        0.253321       -0.253872
     H   21       -0.364258       -0.253872       -0.405881

     C   22        0.182387       -0.129512       -0.041747
     C   22       -0.129512       -0.110472        0.273713
     C   22       -0.041747        0.273713       -0.071916

     C   23       -0.177783       -0.181481       -0.300554
     C   23       -0.181481        0.024837        0.024521
     C   23       -0.300554        0.024521        0.152946

     Cl  24        0.092423        0.020424       -0.010893
     Cl  24        0.020424       -0.113261       -0.150727
     Cl  24       -0.010893       -0.150727        0.020838

     ----- ionic term -----
     Cl   1        0.141431       -0.195609       -0.023681
     Cl   1       -0.195609        0.012569        0.018849
     Cl   1       -0.023681        0.018849       -0.154000

     C    2        0.301572       -0.058078        0.028090
     C    2       -0.058078        0.247062        0.261269
     C    2        0.028090        0.261269       -0.548634

     C    3        0.232257       -0.132998       -0.016615
     C    3       -0.132998        0.310285        0.293911
     C    3       -0.016615        0.293911       -0.542542

     H    4        0.904335        0.481768        0.198650
     H    4        0.481768       -0.291365        0.109777
     H    4        0.198650        0.109777       -0.612970

     C    5        0.365622       -0.100302        0.020379
     C    5       -0.100302        0.183161        0.252267
     C    5        0.020379        0.252267       -0.548783

     H    6       -0.504603        0.167808        0.047030
     H    6        0.167808        0.880977        0.494825
     H    6        0.047030        0.494825       -0.376375

     H    7       -0.527909       -0.130141        0.102993
     H    7       -0.130141        0.457983       -0.765797
     H    7        0.102993       -0.765797        0.069926

     C    8        0.148003        0.218890        0.385017
     C    8        0.218890        0.047148       -0.256432
     C    8        0.385017       -0.256432       -0.195151

     H    9        0.340698       -0.230749        0.764103
     H    9       -0.230749       -0.442911       -0.273500
     H    9        0.764103       -0.273500        0.102212

     C   10       -0.047435        0.240780        0.264812
     C   10        0.240780        0.231671       -0.408792
     C   10        0.264812       -0.408792       -0.184236

     C   11        0.051649        0.214812        0.334347
     C   11        0.214812        0.150002       -0.400839
     C   11        0.334347       -0.400839       -0.201651

     Cl  12        0.084812        0.187109        0.017760
     Cl  12        0.187109        0.071491        0.005488
     Cl  12        0.017760        0.005488       -0.156303

     H   13       -0.481606        0.257877        0.042571
     H   13        0.257877        0.955924        0.361686
     H   13        0.042571        0.361686       -0.474318

     C   14        0.346987       -0.060651       -0.004086
     C   14       -0.060651        0.207612        0.216977
     C   14       -0.004086        0.216977       -0.554599

     H   15        0.705917        0.542132        0.344514
     H   15        0.542132       -0.195982        0.189162
     H   15        0.344514        0.189162       -0.509935

     C   16        0.166365       -0.065653        0.020780
     C   16       -0.065653        0.363571        0.296909
     C   16        0.020780        0.296909       -0.529936

     C   17        0.282054       -0.010091        0.061247
     C   17       -0.010091        0.278648        0.255875
     C   17        0.061247        0.255875       -0.560701

     Cl  18        0.103977       -0.166952       -0.030465
     Cl  18       -0.166952        0.035639        0.017106
     Cl  18       -0.030465        0.017106       -0.139616

     H   19       -0.494568       -0.195840        0.134160
     H   19       -0.195840        0.664287       -0.668505
     H   19        0.134160       -0.668505       -0.169719

     C   20        0.179986        0.233027        0.362208
     C   20        0.233027        0.105103       -0.241443
     C   20        0.362208       -0.241443       -0.285089

     H   21        0.426816       -0.207031        0.781889
     H   21       -0.207031       -0.442726       -0.236169
     H   21        0.781889       -0.236169        0.015910

     C   22        0.037251        0.267164        0.269612
     C   22        0.267164        0.222711       -0.346329
     C   22        0.269612       -0.346329       -0.259962

     C   23        0.152547        0.203530        0.371686
     C   23        0.203530        0.058587       -0.344865
     C   23        0.371686       -0.344865       -0.211135

     Cl  24        0.138233        0.200151        0.014446
     Cl  24        0.200151        0.001778        0.002112
     Cl  24        0.014446        0.002112       -0.140011

     ----- GIPAW term -----
     Cl   1       -0.355948       -1.059136        0.101464
     Cl   1       -1.059136       -0.539973        1.055202
     Cl   1        0.101464        1.055202        0.895921

     C    2       -0.127033        0.001803        0.001552
     C    2        0.001803        0.013602        0.107835
     C    2        0.001552        0.107835        0.113431

     C    3        0.024079       -0.015453        0.029790
     C    3       -0.015453        0.006943        0.039809
     C    3        0.029790        0.039809       -0.031022

     H    4       -0.000000        0.000000        0.000000
     H    4        0.000000        0.000000        0.000000
     H    4        0.000000        0.000000        0.000000

     C    5       -0.044166        0.003834       -0.075091
     C    5        0.003834       -0.022211        0.048642
     C    5       -0.075091        0.048642        0.066377

     H    6       -0.000000        0.000000        0.000000
     H    6        0.000000        0.000000        0.000000
     H    6        0.000000        0.000000        0.000000

     H    7       -0.000000        0.000000        0.000000
     H    7        0.000000        0.000000        0.000000
     H    7        0.000000        0.000000        0.000000

     C    8       -0.044939       -0.162625       -0.092534
     C    8       -0.162625        0.066006        0.210749
     C    8       -0.092534        0.210749       -0.021067

     H    9       -0.000000        0.000000        0.000000
     H    9        0.000000        0.000000        0.000000
     H    9        0.000000        0.000000        0.000000

     C   10       -0.060094       -0.041160       -0.062613
     C   10       -0.041160       -0.016193        0.080876
     C   10       -0.062613        0.080876        0.076287

     C   11       -0.009446        0.150444       -0.056011
     C   11        0.150444        0.029825        0.187963
     C   11       -0.056011        0.187963       -0.020379

     Cl  12        1.703972        0.682174        0.163019
     Cl  12        0.682174        0.296678       -0.196998
     Cl  12        0.163019       -0.196998       -2.000650

     H   13       -0.000000        0.000000        0.000000
     H   13        0.000000        0.000000        0.000000
     H   13        0.000000        0.000000        0.000000

     C   14       -0.035353        0.115507       -0.009353
     C   14        0.115507        0.140510       -0.103467
     C   14       -0.009353       -0.103467       -0.105157

     H   15       -0.000000        0.000000        0.000000
     H   15        0.000000        0.000000        0.000000
     H   15        0.000000        0.000000        0.000000

     C   16       -0.070864        0.033637       -0.027888
     C   16        0.033637        0.039532       -0.082225
     C   16       -0.027888       -0.082225        0.031332

     C   17        0.020350       -0.192867       -0.064283
     C   17       -0.192867        0.117004       -0.071364
     C   17       -0.064283       -0.071364       -0.137354

     Cl  18        0.466591       -1.918940        0.394082
     Cl  18       -1.918940       -0.389841       -0.743452
     Cl  18        0.394082       -0.743452       -0.076750

     H   19       -0.000000        0.000000        0.000000
     H   19        0.000000        0.000000        0.000000
     H   19        0.000000        0.000000        0.000000

     C   20       -0.177640       -0.035822       -0.004214
     C   20       -0.035822        0.121045        0.206754
     C   20       -0.004214        0.206754        0.056595

     H   21       -0.000000        0.000000        0.000000
     H   21        0.000000        0.000000        0.000000
     H   21        0.000000        0.000000        0.000000

     C   22       -0.020126       -0.023538       -0.014085
     C   22       -0.023538        0.048396        0.063383
     C   22       -0.014085        0.063383       -0.028270

     C   23       -0.004036       -0.031851       -0.047651
     C   23       -0.031851        0.036437        0.032021
     C   23       -0.047651        0.032021       -0.032401

     Cl  24       -0.136050        0.321301       -0.815524
     Cl  24        0.321301        0.813111        1.677880
     Cl  24       -0.815524        1.677880       -0.677060

     ----- total EFG -----
     Cl   1       -0.058960       -1.215406        0.159816
     Cl   1       -1.215406       -0.468269        0.864406
     Cl   1        0.159816        0.864406        0.527229

     C    2       -0.586898        0.284558       -0.203587
     C    2        0.284558        0.521006        0.277554
     C    2       -0.203587        0.277554        0.065892

     C    3        0.568700       -0.179903        0.198473
     C    3       -0.179903        0.018949        0.159152
     C    3        0.198473        0.159152       -0.587649

     H    4        0.569877        0.237791        0.469462
     H    4        0.237791       -0.088732        0.119134
     H    4        0.469462        0.119134       -0.481145

     C    5       -0.126485        0.170316       -0.311204
     C    5        0.170316        0.290102        0.342051
     C    5       -0.311204        0.342051       -0.163617

     H    6       -0.186145       -0.183884        0.242478
     H    6       -0.183884        0.357415        0.630338
     H    6        0.242478        0.630338       -0.171270

     H    7       -0.317034        0.219768       -0.017862
     H    7        0.219768       -0.017147       -0.335661
     H    7       -0.017862       -0.335661        0.334181

     C    8       -0.090926       -0.255853        0.025356
     C    8       -0.255853        0.011223        0.442989
     C    8        0.025356        0.442989        0.079704

     H    9        0.183438       -0.060049        0.322519
     H    9       -0.060049       -0.046412        0.003139
     H    9        0.322519        0.003139       -0.137027

     C   10       -0.334016       -0.105066       -0.053745
     C   10       -0.105066        0.005320        0.158666
     C   10       -0.053745        0.158666        0.328697

     C   11       -0.146659        0.457004       -0.064565
     C   11        0.457004        0.118461        0.444733
     C   11       -0.064565        0.444733        0.028197

     Cl  12        1.806821        0.667073        0.197936
     Cl  12        0.667073        0.382715       -0.215035
     Cl  12        0.197936       -0.215035       -2.189536

     H   13       -0.198383       -0.093339        0.137762
     H   13       -0.093339        0.368244        0.493298
     H   13        0.137762        0.493298       -0.169861

     C   14        0.292963        0.236692       -0.091429
     C   14        0.236692        0.238269       -0.246627
     C   14       -0.091429       -0.246627       -0.531232

     H   15        0.498721        0.123520        0.426838
     H   15        0.123520       -0.274345        0.363182
     H   15        0.426838        0.363182       -0.224377

     C   16       -0.143502        0.128265       -0.012441
     C   16        0.128265        0.360754        0.062053
     C   16       -0.012441        0.062053       -0.217251

     C   17        0.261571       -0.369595       -0.367967
     C   17       -0.369595        0.322730       -0.432055
     C   17       -0.367967       -0.432055       -0.584301

     Cl  18        0.425141       -1.992329        0.415982
     Cl  18       -1.992329       -0.411854       -0.815800
     Cl  18        0.415982       -0.815800       -0.013286

     H   19       -0.041640       -0.223700       -0.111323
     H   19       -0.223700        0.516758       -0.329185
     H   19       -0.111323       -0.329185       -0.475119

     C   20       -0.539831       -0.130870        0.209309
     C   20       -0.130870        0.445833        0.320232
     C   20        0.209309        0.320232        0.093998

     H   21        0.579375       -0.183825        0.417631
     H   21       -0.183825       -0.189405       -0.490041
     H   21        0.417631       -0.490041       -0.389970

     C   22        0.199512        0.114114        0.213780
     C   22        0.114114        0.160636       -0.009233
     C   22        0.213780       -0.009233       -0.360148

     C   23       -0.029272       -0.009803        0.023481
     C   23       -0.009803        0.119862       -0.288323
     C   23        0.023481       -0.288323       -0.090590

     Cl  24        0.094606        0.541876       -0.811970
     Cl  24        0.541876        0.701628        1.529266
     Cl  24       -0.811970        1.529266       -0.796233

     ----- total EFG (symmetrized) -----
     Cl   1       -0.058960       -1.215406        0.159816
     Cl   1       -1.215406       -0.468269        0.864406
     Cl   1        0.159816        0.864406        0.527229

     C    2       -0.586898        0.284558       -0.203587
     C    2        0.284558        0.521006        0.277554
     C    2       -0.203587        0.277554        0.065892

     C    3        0.568700       -0.179903        0.198473
     C    3       -0.179903        0.018949        0.159152
     C    3        0.198473        0.159152       -0.587649

     H    4        0.569877        0.237791        0.469462
     H    4        0.237791       -0.088732        0.119134
     H    4        0.469462        0.119134       -0.481145

     C    5       -0.126485        0.170316       -0.311204
     C    5        0.170316        0.290102        0.342051
     C    5       -0.311204        0.342051       -0.163617

     H    6       -0.186145       -0.183884        0.242478
     H    6       -0.183884        0.357415        0.630338
     H    6        0.242478        0.630338       -0.171270

     H    7       -0.317034        0.219768       -0.017862
     H    7        0.219768       -0.017147       -0.335661
     H    7       -0.017862       -0.335661        0.334181

     C    8       -0.090926       -0.255853        0.025356
     C    8       -0.255853        0.011223        0.442989
     C    8        0.025356        0.442989        0.079704

     H    9        0.183438       -0.060049        0.322519
     H    9       -0.060049       -0.046412        0.003139
     H    9        0.322519        0.003139       -0.137027

     C   10       -0.334016       -0.105066       -0.053745
     C   10       -0.105066        0.005320        0.158666
     C   10       -0.053745        0.158666        0.328697

     C   11       -0.146659        0.457004       -0.064565
     C   11        0.457004        0.118461        0.444733
     C   11       -0.064565        0.444733        0.028197

     Cl  12        1.806821        0.667073        0.197936
     Cl  12        0.667073        0.382715       -0.215035
     Cl  12        0.197936       -0.215035       -2.189536

     H   13       -0.198383       -0.093339        0.137762
     H   13       -0.093339        0.368244        0.493298
     H   13        0.137762        0.493298       -0.169861

     C   14        0.292963        0.236692       -0.091429
     C   14        0.236692        0.238269       -0.246627
     C   14       -0.091429       -0.246627       -0.531232

     H   15        0.498721        0.123520        0.426838
     H   15        0.123520       -0.274345        0.363182
     H   15        0.426838        0.363182       -0.224377

     C   16       -0.143502        0.128265       -0.012441
     C   16        0.128265        0.360754        0.062053
     C   16       -0.012441        0.062053       -0.217251

     C   17        0.261571       -0.369595       -0.367967
     C   17       -0.369595        0.322730       -0.432055
     C   17       -0.367967       -0.432055       -0.584301

     Cl  18        0.425141       -1.992329        0.415982
     Cl  18       -1.992329       -0.411854       -0.815800
     Cl  18        0.415982       -0.815800       -0.013286

     H   19       -0.041640       -0.223700       -0.111323
     H   19       -0.223700        0.516758       -0.329185
     H   19       -0.111323       -0.329185       -0.475119

     C   20       -0.539831       -0.130870        0.209309
     C   20       -0.130870        0.445833        0.320232
     C   20        0.209309        0.320232        0.093998

     H   21        0.579375       -0.183825        0.417631
     H   21       -0.183825       -0.189405       -0.490041
     H   21        0.417631       -0.490041       -0.389970

     C   22        0.199512        0.114114        0.213780
     C   22        0.114114        0.160636       -0.009233
     C   22        0.213780       -0.009233       -0.360148

     C   23       -0.029272       -0.009803        0.023481
     C   23       -0.009803        0.119862       -0.288323
     C   23        0.023481       -0.288323       -0.090590

     Cl  24        0.094606        0.541876       -0.811970
     Cl  24        0.541876        0.701628        1.529266
     Cl  24       -0.811970        1.529266       -0.796233


     NQR/NMR SPECTROSCOPIC PARAMETERS:
     Cl   1    Vxx=    0.4553    axis=(  0.658142 -0.182439  0.730455)
     Cl   1    Vyy=    1.3036    axis=( -0.491845  0.630375  0.600596)
     Cl   1    Vzz=   -1.7589    axis=(  0.570032  0.754549 -0.325144)
     Cl   1  Q=        -8.1650 1e-30 m^2  Cq=        33.7445 MHz  eta= 0.48227

     C    2    Vxx=    0.0674    axis=( -0.395828 -0.285693  0.872754)
     C    2    Vyy=    0.6778    axis=( -0.147460 -0.918270 -0.367471)
     C    2    Vzz=   -0.7451    axis=(  0.906408 -0.274152  0.321348)
     C    2  Q=         1.0000 1e-30 m^2  Cq=        -1.7508 MHz  eta= 0.81917

     C    3    Vxx=    0.0321    axis=(  0.200153  0.931627  0.303333)
     C    3    Vyy=    0.6403    axis=(  0.961210 -0.246682  0.123384)
     C    3    Vzz=   -0.6725    axis=( -0.189774 -0.266871  0.944863)
     C    3  Q=         1.0000 1e-30 m^2  Cq=        -1.5800 MHz  eta= 0.90448

     H    4    Vxx=   -0.1640    axis=(  0.278023 -0.959207  0.051231)
     H    4    Vyy=   -0.6616    axis=(  0.347196  0.050619 -0.936426)
     H    4    Vzz=    0.8257    axis=(  0.895633  0.278135  0.347106)
     H    4  Q=         1.0000 1e-30 m^2  Cq=         1.9400 MHz  eta= 0.60270

     C    5    Vxx=    0.1347    axis=(  0.805281  0.274301 -0.525625)
     C    5    Vyy=    0.4737    axis=( -0.006483 -0.882415 -0.470427)
     C    5    Vzz=   -0.6084    axis=( -0.592858  0.382234 -0.708814)
     C    5  Q=         1.0000 1e-30 m^2  Cq=        -1.4294 MHz  eta= 0.55731

     H    6    Vxx=   -0.0238    axis=(  0.881184 -0.244265  0.404783)
     H    6    Vyy=   -0.7532    axis=(  0.472305  0.492924 -0.730722)
     H    6    Vzz=    0.7770    axis=( -0.021037  0.835081  0.549724)
     H    6  Q=         1.0000 1e-30 m^2  Cq=         1.8256 MHz  eta= 0.93877

     H    7    Vxx=   -0.0928    axis=(  0.576596  0.630448  0.519684)
     H    7    Vyy=   -0.4645    axis=( -0.802578  0.556154  0.215780)
     H    7    Vzz=    0.5574    axis=( -0.152987 -0.541505  0.826660)
     H    7  Q=         1.0000 1e-30 m^2  Cq=         1.3096 MHz  eta= 0.66686

     C    8    Vxx=   -0.0252    axis=(  0.847633 -0.167755  0.503365)
     C    8    Vyy=   -0.5063    axis=(  0.462957  0.697313 -0.547197)
     C    8    Vzz=    0.5315    axis=( -0.259208  0.696859  0.668729)
     C    8  Q=         1.0000 1e-30 m^2  Cq=         1.2488 MHz  eta= 0.90505

     H    9    Vxx=   -0.0480    axis=( -0.034312 -0.986669 -0.159082)
     H    9    Vyy=   -0.3410    axis=(  0.529961  0.116991 -0.839913)
     H    9    Vzz=    0.3890    axis=(  0.847328 -0.113127  0.518882)
     H    9  Q=         1.0000 1e-30 m^2  Cq=         0.9139 MHz  eta= 0.75322

     C   10    Vxx=   -0.0406    axis=( -0.239154  0.878999 -0.412511)
     C   10    Vyy=   -0.3640    axis=( -0.963242 -0.268306 -0.013279)
     C   10    Vzz=    0.4046    axis=( -0.122351  0.394172  0.910856)
     C   10  Q=         1.0000 1e-30 m^2  Cq=         0.9506 MHz  eta= 0.79952

     C   11    Vxx=    0.0096    axis=( -0.675749 -0.128482  0.725848)
     C   11    Vyy=    0.6501    axis=( -0.397945 -0.765287 -0.505940)
     C   11    Vzz=   -0.6597    axis=( -0.620486  0.630736 -0.466013)
     C   11  Q=         1.0000 1e-30 m^2  Cq=        -1.5500 MHz  eta= 0.97094

     Cl  12    Vxx=    0.1508    axis=( -0.359230  0.926077 -0.115474)
     Cl  12    Vyy=    2.0731    axis=(  0.930977  0.364230  0.024856)
     Cl  12    Vzz=   -2.2239    axis=( -0.065078  0.098574  0.992999)
     Cl  12  Q=        -8.1650 1e-30 m^2  Cq=        42.6635 MHz  eta= 0.86441

     H   13    Vxx=   -0.1184    axis=(  0.900616 -0.211911  0.379452)
     H   13    Vyy=   -0.5428    axis=(  0.434452  0.462864 -0.772663)
     H   13    Vzz=    0.6612    axis=( -0.011899  0.860727  0.508928)
     H   13  Q=         1.0000 1e-30 m^2  Cq=         1.5536 MHz  eta= 0.64193

     C   14    Vxx=    0.0491    axis=(  0.718607 -0.673547  0.173027)
     C   14    Vyy=    0.5549    axis=(  0.694945  0.686373 -0.214346)
     C   14    Vzz=   -0.6040    axis=(  0.025611  0.274275  0.961310)
     C   14  Q=         1.0000 1e-30 m^2  Cq=        -1.4192 MHz  eta= 0.83743

     H   15    Vxx=   -0.1124    axis=(  0.487515 -0.723637 -0.488547)
     H   15    Vyy=   -0.6559    axis=(  0.205660  0.638975 -0.741226)
     H   15    Vzz=    0.7683    axis=(  0.848548  0.260884  0.460333)
     H   15  Q=         1.0000 1e-30 m^2  Cq=         1.8051 MHz  eta= 0.70748

     C   16    Vxx=   -0.1626    axis=(  0.899549 -0.172899 -0.401146)
     C   16    Vyy=   -0.2343    axis=( -0.372659  0.175360 -0.911249)
     C   16    Vzz=    0.3969    axis=(  0.227899  0.969203  0.093313)
     C   16  Q=         1.0000 1e-30 m^2  Cq=         0.9325 MHz  eta= 0.18059

     C   17    Vxx=    0.2823    axis=(  0.682057  0.496361 -0.537051)
     C   17    Vyy=    0.6687    axis=( -0.628022  0.773821 -0.082397)
     C   17    Vzz=   -0.9510    axis=(  0.374683  0.393479  0.839516)
     C   17  Q=         1.0000 1e-30 m^2  Cq=        -2.2345 MHz  eta= 0.40625

     Cl  18    Vxx=   -0.2428    axis=( -0.382807  0.064085  0.921603)
     Cl  18    Vyy=   -2.1010    axis=(  0.588545  0.785865  0.189819)
     Cl  18    Vzz=    2.3438    axis=( -0.712091  0.615069 -0.338551)
     Cl  18  Q=        -8.1650 1e-30 m^2  Cq=       -44.9644 MHz  eta= 0.79281

     H   19    Vxx=   -0.0377    axis=(  0.920871  0.160617 -0.355246)
     H   19    Vyy=   -0.6269    axis=(  0.292741  0.316931  0.902140)
     H   19    Vzz=    0.6646    axis=(  0.257487 -0.934750  0.244833)
     H   19  Q=         1.0000 1e-30 m^2  Cq=         1.5615 MHz  eta= 0.88651

     C   20    Vxx=    0.0144    axis=( -0.406718  0.461740 -0.788275)
     C   20    Vyy=    0.6353    axis=( -0.005550  0.861601  0.507555)
     C   20    Vzz=   -0.6497    axis=( -0.913537 -0.210806  0.347866)
     C   20  Q=         1.0000 1e-30 m^2  Cq=        -1.5266 MHz  eta= 0.95563

     H   21    Vxx=   -0.0354    axis=(  0.512516  0.745306 -0.426435)
     H   21    Vyy=   -0.8244    axis=( -0.164037  0.572453  0.803361)
     H   21    Vzz=    0.8599    axis=(  0.842864 -0.341784  0.415650)
     H   21  Q=         1.0000 1e-30 m^2  Cq=         2.0203 MHz  eta= 0.91759

     C   22    Vxx=    0.1001    axis=( -0.470162  0.850597 -0.235440)
     C   22    Vyy=    0.3359    axis=( -0.818410 -0.520038 -0.244470)
     C   22    Vzz=   -0.4360    axis=( -0.330383  0.077746  0.940639)
     C   22  Q=         1.0000 1e-30 m^2  Cq=        -1.0244 MHz  eta= 0.54075

     C   23    Vxx=   -0.0299    axis=(  0.996798  0.079610  0.007456)
     C   23    Vyy=   -0.2930    axis=( -0.051729  0.570969  0.819341)
     C   23    Vzz=    0.3229    axis=(  0.060970 -0.817103  0.573259)
     C   23  Q=         1.0000 1e-30 m^2  Cq=         0.7586 MHz  eta= 0.81491

     Cl  24    Vxx=    0.5143    axis=(  0.918100  0.188863 -0.348458)
     Cl  24    Vyy=    1.6562    axis=(  0.023427  0.851775  0.523384)
     Cl  24    Vzz=   -2.1705    axis=(  0.395655 -0.488682  0.777590)
     Cl  24  Q=        -8.1650 1e-30 m^2  Cq=        41.6392 MHz  eta= 0.52614

     Initialization:
     gipaw_setup  :      9.09s CPU     10.68s WALL (       1 calls)

     Linear response

     Apply operators

     Induced current

     Other routines
     efg          :      9.17s CPU     11.61s WALL (       1 calls)

     General routines
     calbec       :      3.24s CPU      4.48s WALL (      16 calls)
     fft          :      1.72s CPU      2.88s WALL (      15 calls)
     ffts         :      0.05s CPU      0.07s WALL (       2 calls)
     fftw         :      3.12s CPU      3.72s WALL (     672 calls)
     davcio       :      0.03s CPU      0.31s WALL (      32 calls)

     Parallel routines
     fft_scatter  :      2.35s CPU      3.90s WALL (     689 calls)

     Plugins

     GIPAW        :     60.10s CPU     78.00s WALL (       1 calls)
