
     Program QE v.6.0 (svn rev. 13079) starts on 11Jan2017 at 12:29:43 

     This program is part of the open-source Quantum ESPRESSO suite
     for quantum simulation of materials; please cite
         "P. Giannozzi et al., J. Phys.:Condens. Matter 21 395502 (2009);
          URL http://www.quantum-espresso.org", 
     in publications or presentations arising from this work. More details at
     http://www.quantum-espresso.org/quote

     Parallel version (MPI), running on     8 processors
     R & G space division:  proc/nbgrp/npool/nimage =       8

     ***** This is GIPAW svn revision unknown      *****

     Parallelizing q-star over 1 images

     Reading data from directory:
     /users/majewski/paradichlorobenzene/pbe/9_constraint/scratch/pbe.ecut100.np8.dt60.pcl2phi-129368.save
     Message from routine read_xml_file:
     file /users/majewski/paradichlorobenzene/pbe/9_constraint/scratch/pbe.ecut100.np8.dt60.pcl2phi-129368.save not guaranteed to be safe for post-processing

   Info: using nr1, nr2, nr3 values from input

   Info: using nr1, nr2, nr3 values from input

     IMPORTANT: XC functional enforced from input :
     Exchange-correlation      =  SLA  PW   PBX  PBC ( 1  4  3  4 0 0)
     Any further DFT definition will be discarded
     Please, verify this is what you really want

               file C.pbe-n-kjpaw_psl.1.0.0.UPF: wavefunction(s)  2S 2P renormalized
               file Cl.pbe-n-kjpaw_psl.1.0.0.UPF: wavefunction(s)  3S 3P renormalized
               file H.pbe-kjpaw_psl.1.0.0.UPF: wavefunction(s)  1S renormalized

     Parallelization info
     --------------------
     sticks:   dense  smooth     PW     G-vecs:    dense   smooth      PW
     Min        3057    1223    332               144436    36536    5170
     Max        3059    1225    333               144437    36537    5171
     Sum       24467    9791   2657              1155489   292295   41363


     Subspace diagonalization in iterative solution of the eigenvalue problem:
     a serial algorithm will be used

     GIPAW projectors -----------------------------------------------
     atom=  C    l=0  rc=    1.2000  rs=    0.8000
     atom=  C    l=0  rc=    1.2000  rs=    0.8000
     atom=  C    l=1  rc=    1.4000  rs=    0.9333
     atom=  C    l=1  rc=    1.4000  rs=    0.9333
     projs nearly linearly dependent: l=1  n1,n2= 1, 2  s=  0.99951561

     atom=  Cl   l=0  rc=    1.6000  rs=    1.0667
     atom=  Cl   l=0  rc=    1.6000  rs=    1.0667
     atom=  Cl   l=1  rc=    1.6000  rs=    1.0667
     atom=  Cl   l=1  rc=    1.6000  rs=    1.0667
     atom=  Cl   l=2  rc=    1.6000  rs=    1.0667
     atom=  Cl   l=2  rc=    1.6000  rs=    1.0667
     projs nearly linearly dependent: l=2  n1,n2= 1, 2  s=  0.99993509

     atom=  H    l=0  rc=    1.0000  rs=    0.6667
     atom=  H    l=0  rc=    1.0000  rs=    0.6667
     projs nearly linearly dependent: l=0  n1,n2= 1, 2  s=  0.99968852
     -----------------------------------------------------------------

     GIPAW integrals: -------------------------------------------
     Atom  i/j   nmr_para   nmr_dia   epr_rmc  epr_para   epr_dia
       C   1 1   0.83E+03  0.17E-01  0.93E+01  0.24E+08  0.24E+03
       C   2 1   0.86E+03 -0.61E-01  0.94E+01  0.25E+08  0.25E+03
       C   2 2   0.90E+03 -0.15E+00  0.97E+01  0.26E+08  0.26E+03
       C   3 3   0.33E+01  0.34E+00  0.18E+01  0.55E+03  0.21E+02
       C   4 3   0.35E+01  0.37E+00  0.20E+01  0.59E+03  0.22E+02
       C   4 4   0.38E+01  0.39E+00  0.22E+01  0.63E+03  0.24E+02
       Cl  1 1   0.14E+04 -0.47E+00  0.84E+01  0.32E+09  0.42E+03
       Cl  2 1   0.21E+04 -0.37E+00  0.12E+02  0.49E+09  0.65E+03
       Cl  2 2   0.33E+04 -0.16E+00  0.21E+02  0.76E+09  0.10E+04
       Cl  3 3   0.21E+02  0.79E-01  0.89E+01  0.23E+05  0.13E+03
       Cl  4 3   0.24E+02  0.67E-01  0.99E+01  0.27E+05  0.15E+03
       Cl  4 4   0.28E+02  0.44E-01  0.11E+02  0.32E+05  0.18E+03
       Cl  5 5   0.77E+00  0.19E+00  0.18E+01  0.12E+03  0.22E+02
       Cl  6 5   0.80E+00  0.19E+00  0.19E+01  0.12E+03  0.23E+02
       Cl  6 6   0.83E+00  0.20E+00  0.19E+01  0.12E+03  0.23E+02
       H   1 1   0.39E+02  0.19E+00  0.29E+00  0.78E+05  0.13E+02
       H   2 1   0.41E+02  0.21E+00  0.32E+00  0.82E+05  0.14E+02
       H   2 2   0.43E+02  0.22E+00  0.36E+00  0.86E+05  0.15E+02
     ------------------------------------------------------------

     alpha_pv=     34.3985 eV

     Number of occupied bands for each k-point:
     k-point:     1    nbnd_occ=  42
     k-point:     2    nbnd_occ=  42
     k-point:     3    nbnd_occ=  42
     k-point:     4    nbnd_occ=  42
     k-point:     5    nbnd_occ=  42
     k-point:     6    nbnd_occ=  42
     k-point:     7    nbnd_occ=  42
     k-point:     8    nbnd_occ=  42
     k-point:     9    nbnd_occ=  42
     k-point:    10    nbnd_occ=  42
     k-point:    11    nbnd_occ=  42
     k-point:    12    nbnd_occ=  42
     k-point:    13    nbnd_occ=  42
     k-point:    14    nbnd_occ=  42
     k-point:    15    nbnd_occ=  42
     k-point:    16    nbnd_occ=  42


     q-space interpolation up to   110.00 Rydberg

     GIPAW job: efg                                                                             


     ELECTRIC FIELD GRADIENTS TENSORS IN Hartree/bohrradius^2:

     ----- bare term -----
     Cl   1        0.016349       -0.047277        0.114288
     Cl   1       -0.047277       -0.036884        0.197591
     Cl   1        0.114288        0.197591        0.020535

     C    2       -0.407181        0.251044       -0.391687
     C    2        0.251044        0.115065       -0.402818
     C    2       -0.391687       -0.402818        0.292117

     C    3       -0.029290        0.359967       -0.157802
     C    3        0.359967       -0.219516       -0.588080
     C    3       -0.157802       -0.588080        0.248806

     H    4       -0.056922       -0.164093       -0.393790
     H    4       -0.164093        0.416489        0.059325
     H    4       -0.393790        0.059325       -0.359568

     C    5       -0.809101        0.261775       -0.408731
     C    5        0.261775        0.162928       -0.050437
     C    5       -0.408731       -0.050437        0.646173

     H    6        0.235003        0.039933       -0.145670
     H    6        0.039933       -0.460371       -0.533573
     H    6       -0.145670       -0.533573        0.225368

     H    7        0.256771        0.371724        0.137474
     H    7        0.371724       -0.541317       -0.183824
     H    7        0.137474       -0.183824        0.284546

     C    8       -0.144419       -0.041706       -0.180722
     C    8       -0.041706       -0.092892        0.275097
     C    8       -0.180722        0.275097        0.237311

     H    9       -0.213245        0.270872        0.200816
     H    9        0.270872        0.074189       -0.121571
     H    9        0.200816       -0.121571        0.139056

     C   10        0.118527       -0.033630        0.229306
     C   10       -0.033630       -0.092427       -0.113846
     C   10        0.229306       -0.113846       -0.026101

     C   11       -0.299528        0.200763       -0.240448
     C   11        0.200763       -0.037866        0.519315
     C   11       -0.240448        0.519315        0.337394

     Cl  12        0.005340       -0.251186       -0.051485
     Cl  12       -0.251186        0.100783       -0.153005
     Cl  12       -0.051485       -0.153005       -0.106123

     H   13        0.248338        0.158661        0.211044
     H   13        0.158661       -0.239172       -0.566232
     H   13        0.211044       -0.566232       -0.009167

     C   14       -0.179167        0.001327       -0.465781
     C   14        0.001327       -0.188259       -0.401423
     C   14       -0.465781       -0.401423        0.367425

     H   15        0.147304       -0.082954       -0.296976
     H   15       -0.082954        0.453945       -0.057479
     H   15       -0.296976       -0.057479       -0.601249

     C   16       -0.335629        0.247880       -0.239249
     C   16        0.247880        0.035936       -0.098787
     C   16       -0.239249       -0.098787        0.299693

     C   17        0.005928        0.014143       -0.257241
     C   17        0.014143       -0.519414       -0.342407
     C   17       -0.257241       -0.342407        0.513487

     Cl  18       -0.156266        0.091794        0.048889
     Cl  18        0.091794       -0.077271        0.120347
     Cl  18        0.048889        0.120347        0.233536

     H   19        0.094338        0.345708        0.161990
     H   19        0.345708       -0.427448        0.264135
     H   19        0.161990        0.264135        0.333110

     C   20       -0.487866       -0.330970       -0.476685
     C   20       -0.330970       -0.056373        0.065595
     C   20       -0.476685        0.065595        0.544239

     H   21       -0.444675        0.303810        0.253458
     H   21        0.303810        0.291411       -0.014662
     H   21        0.253458       -0.014662        0.153265

     C   22        0.099183        0.011222       -0.033119
     C   22        0.011222       -0.417628        0.295358
     C   22       -0.033119        0.295358        0.318445

     C   23       -0.609907       -0.214176       -0.380739
     C   23       -0.214176        0.081013        0.154167
     C   23       -0.380739        0.154167        0.528894

     Cl  24       -0.056083        0.003362        0.015556
     Cl  24        0.003362       -0.028528        0.014150
     Cl  24        0.015556        0.014150        0.084612

     ----- ionic term -----
     Cl   1        0.097336       -0.224334        0.075274
     Cl   1       -0.224334        0.071737       -0.052957
     Cl   1        0.075274       -0.052957       -0.169073

     C    2        0.012839       -0.261052        0.418074
     C    2       -0.261052        0.221404        0.321595
     C    2        0.418074        0.321595       -0.234243

     C    3       -0.005099       -0.265710        0.293467
     C    3       -0.265710        0.259195        0.345491
     C    3        0.293467        0.345491       -0.254096

     H    4        0.261413        0.232776        0.781199
     H    4        0.232776       -0.410144        0.282123
     H    4        0.781199        0.282123        0.148731

     C    5        0.200996       -0.241740        0.358020
     C    5       -0.241740        0.058304        0.250492
     C    5        0.358020        0.250492       -0.259300

     H    6       -0.495989       -0.070211       -0.050734
     H    6       -0.070211        0.591110        0.717512
     H    6       -0.050734        0.717512       -0.095121

     H    7       -0.462968       -0.351278        0.077215
     H    7       -0.351278        0.881884       -0.432763
     H    7        0.077215       -0.432763       -0.418915

     C    8        0.332247       -0.025199       -0.014112
     C    8       -0.025199        0.166479       -0.258682
     C    8       -0.014112       -0.258682       -0.498726

     H    9        0.902194       -0.476180        0.046528
     H    9       -0.476180       -0.294276       -0.063392
     H    9        0.046528       -0.063392       -0.607918

     C   10        0.216652        0.047993       -0.072261
     C   10        0.047993        0.290803       -0.305865
     C   10       -0.072261       -0.305865       -0.507455

     C   11        0.383248        0.007249        0.030521
     C   11        0.007249        0.212565       -0.295111
     C   11        0.030521       -0.295111       -0.595812

     Cl  12        0.137089        0.201324       -0.047018
     Cl  12        0.201324        0.020447       -0.034246
     Cl  12       -0.047018       -0.034246       -0.157537

     H   13       -0.534383       -0.035207        0.028585
     H   13       -0.035207        0.642296        0.701156
     H   13        0.028585        0.701156       -0.107913

     C   14        0.154381       -0.238630        0.425332
     C   14       -0.238630        0.031158        0.226162
     C   14        0.425332        0.226162       -0.185539

     H   15        0.327805        0.189670        0.788856
     H   15        0.189670       -0.492852        0.227075
     H   15        0.788856        0.227075        0.165047

     C   16        0.026980       -0.257586        0.297311
     C   16       -0.257586        0.123840        0.330650
     C   16        0.297311        0.330650       -0.150821

     C   17        0.159175       -0.186289        0.303274
     C   17       -0.186289        0.031258        0.424195
     C   17        0.303274        0.424195       -0.190433

     Cl  18        0.163674       -0.193632       -0.001204
     Cl  18       -0.193632       -0.025888        0.005732
     Cl  18       -0.001204        0.005732       -0.137786

     H   19       -0.485987       -0.224396        0.087500
     H   19       -0.224396        0.782622       -0.597979
     H   19        0.087500       -0.597979       -0.296634

     C   20        0.453282        0.038246       -0.004091
     C   20        0.038246        0.088319       -0.291272
     C   20       -0.004091       -0.291272       -0.541601

     H   21        0.817496       -0.504163        0.324663
     H   21       -0.504163       -0.306587       -0.189603
     H   21        0.324663       -0.189603       -0.510909

     C   22        0.201351        0.100194       -0.017612
     C   22        0.100194        0.314857       -0.368093
     C   22       -0.017612       -0.368093       -0.516208

     C   23        0.264164        0.018183        0.007892
     C   23        0.018183        0.276833       -0.330015
     C   23        0.007892       -0.330015       -0.540997

     Cl  24        0.129923        0.206978       -0.046326
     Cl  24        0.206978        0.004366       -0.026831
     Cl  24       -0.046326       -0.026831       -0.134289

     ----- GIPAW term -----
     Cl   1       -0.015811       -0.014136       -0.930552
     Cl   1       -0.014136        0.290379       -1.376282
     Cl   1       -0.930552       -1.376282       -0.274568

     C    2       -0.073357       -0.038466       -0.073735
     C    2       -0.038466        0.166084       -0.108783
     C    2       -0.073735       -0.108783       -0.092727

     C    3       -0.051208        0.115088       -0.022993
     C    3        0.115088        0.098181       -0.085096
     C    3       -0.022993       -0.085096       -0.046973

     H    4       -0.000000        0.000000        0.000000
     H    4        0.000000        0.000000        0.000000
     H    4        0.000000        0.000000        0.000000

     C    5       -0.228029        0.046624       -0.026016
     C    5        0.046624       -0.000149        0.145926
     C    5       -0.026016        0.145926        0.228178

     H    6       -0.000000        0.000000        0.000000
     H    6        0.000000        0.000000        0.000000
     H    6        0.000000        0.000000        0.000000

     H    7       -0.000000        0.000000        0.000000
     H    7        0.000000        0.000000        0.000000
     H    7        0.000000        0.000000        0.000000

     C    8       -0.063298       -0.041393       -0.043123
     C    8       -0.041393        0.043323        0.151572
     C    8       -0.043123        0.151572        0.019975

     H    9       -0.000000        0.000000        0.000000
     H    9        0.000000        0.000000        0.000000
     H    9        0.000000        0.000000        0.000000

     C   10        0.020789        0.009418        0.024943
     C   10        0.009418        0.007387       -0.031652
     C   10        0.024943       -0.031652       -0.028175

     C   11       -0.097648        0.114552        0.013723
     C   11        0.114552       -0.055325        0.175975
     C   11        0.013723        0.175975        0.152973

     Cl  12       -0.740181        0.513413        0.203079
     Cl  12        0.513413       -0.795589        0.918118
     Cl  12        0.203079        0.918118        1.535771

     H   13       -0.000000        0.000000        0.000000
     H   13        0.000000        0.000000        0.000000
     H   13        0.000000        0.000000        0.000000

     C   14        0.010960       -0.065496       -0.178082
     C   14       -0.065496       -0.116481       -0.027820
     C   14       -0.178082       -0.027820        0.105521

     H   15       -0.000000        0.000000        0.000000
     H   15        0.000000        0.000000        0.000000
     H   15        0.000000        0.000000        0.000000

     C   16       -0.123671        0.008324       -0.082995
     C   16        0.008324       -0.065134        0.008926
     C   16       -0.082995        0.008926        0.188805

     C   17       -0.074039       -0.081547       -0.061947
     C   17       -0.081547       -0.180101        0.032558
     C   17       -0.061947        0.032558        0.254140

     Cl  18       -0.172599       -1.414550        0.680721
     Cl  18       -1.414550       -0.745687        1.278934
     Cl  18        0.680721        1.278934        0.918286

     H   19       -0.000000        0.000000        0.000000
     H   19        0.000000        0.000000        0.000000
     H   19        0.000000        0.000000        0.000000

     C   20       -0.029930        0.028961       -0.212165
     C   20        0.028961       -0.077140       -0.095472
     C   20       -0.212165       -0.095472        0.107070

     H   21       -0.000000        0.000000        0.000000
     H   21        0.000000        0.000000        0.000000
     H   21        0.000000        0.000000        0.000000

     C   22       -0.031754        0.030110       -0.054689
     C   22        0.030110       -0.088773       -0.036249
     C   22       -0.054689       -0.036249        0.120527

     C   23       -0.127323        0.101977       -0.109419
     C   23        0.101977        0.023220       -0.130536
     C   23       -0.109419       -0.130536        0.104103

     Cl  24       -0.461008        1.652338       -0.853062
     Cl  24        1.652338       -1.429901       -0.327331
     Cl  24       -0.853062       -0.327331        1.890909

     ----- total EFG -----
     Cl   1        0.097874       -0.285747       -0.740990
     Cl   1       -0.285747        0.325232       -1.231649
     Cl   1       -0.740990       -1.231649       -0.423106

     C    2       -0.467699       -0.048474       -0.047347
     C    2       -0.048474        0.502553       -0.190006
     C    2       -0.047347       -0.190006       -0.034854

     C    3       -0.085598        0.209344        0.112672
     C    3        0.209344        0.137860       -0.327685
     C    3        0.112672       -0.327685       -0.052263

     H    4        0.204492        0.068683        0.387410
     H    4        0.068683        0.006345        0.341448
     H    4        0.387410        0.341448       -0.210837

     C    5       -0.836133        0.066658       -0.076727
     C    5        0.066658        0.221083        0.345981
     C    5       -0.076727        0.345981        0.615051

     H    6       -0.260986       -0.030278       -0.196405
     H    6       -0.030278        0.130739        0.183938
     H    6       -0.196405        0.183938        0.130247

     H    7       -0.206198        0.020446        0.214689
     H    7        0.020446        0.340567       -0.616587
     H    7        0.214689       -0.616587       -0.134369

     C    8        0.124530       -0.108298       -0.237956
     C    8       -0.108298        0.116910        0.167987
     C    8       -0.237956        0.167987       -0.241440

     H    9        0.688949       -0.205308        0.247344
     H    9       -0.205308       -0.220087       -0.184963
     H    9        0.247344       -0.184963       -0.468862

     C   10        0.355968        0.023782        0.181988
     C   10        0.023782        0.205762       -0.451364
     C   10        0.181988       -0.451364       -0.561731

     C   11       -0.013929        0.322564       -0.196203
     C   11        0.322564        0.119374        0.400179
     C   11       -0.196203        0.400179       -0.105445

     Cl  12       -0.597752        0.463551        0.104577
     Cl  12        0.463551       -0.674359        0.730866
     Cl  12        0.104577        0.730866        1.272110

     H   13       -0.286044        0.123453        0.239629
     H   13        0.123453        0.403124        0.134924
     H   13        0.239629        0.134924       -0.117080

     C   14       -0.013825       -0.302799       -0.218531
     C   14       -0.302799       -0.273582       -0.203081
     C   14       -0.218531       -0.203081        0.287407

     H   15        0.475109        0.106716        0.491880
     H   15        0.106716       -0.038907        0.169595
     H   15        0.491880        0.169595       -0.436202

     C   16       -0.432320       -0.001382       -0.024932
     C   16       -0.001382        0.094643        0.240789
     C   16       -0.024932        0.240789        0.337677

     C   17        0.091063       -0.253694       -0.015914
     C   17       -0.253694       -0.668257        0.114346
     C   17       -0.015914        0.114346        0.577194

     Cl  18       -0.165191       -1.516387        0.728406
     Cl  18       -1.516387       -0.848845        1.405013
     Cl  18        0.728406        1.405013        1.014036

     H   19       -0.391650        0.121311        0.249490
     H   19        0.121311        0.355174       -0.333843
     H   19        0.249490       -0.333843        0.036476

     C   20       -0.064514       -0.263763       -0.692941
     C   20       -0.263763       -0.045195       -0.321148
     C   20       -0.692941       -0.321148        0.109709

     H   21        0.372821       -0.200353        0.578121
     H   21       -0.200353       -0.015176       -0.204265
     H   21        0.578121       -0.204265       -0.357645

     C   22        0.268780        0.141526       -0.105420
     C   22        0.141526       -0.191544       -0.108984
     C   22       -0.105420       -0.108984       -0.077236

     C   23       -0.473065       -0.094016       -0.482266
     C   23       -0.094016        0.381066       -0.306384
     C   23       -0.482266       -0.306384        0.091999

     Cl  24       -0.387168        1.862678       -0.883832
     Cl  24        1.862678       -1.454063       -0.340011
     Cl  24       -0.883832       -0.340011        1.841232

     ----- total EFG (symmetrized) -----
     Cl   1        0.097874       -0.285747       -0.740990
     Cl   1       -0.285747        0.325232       -1.231649
     Cl   1       -0.740990       -1.231649       -0.423106

     C    2       -0.467699       -0.048474       -0.047347
     C    2       -0.048474        0.502553       -0.190006
     C    2       -0.047347       -0.190006       -0.034854

     C    3       -0.085598        0.209344        0.112672
     C    3        0.209344        0.137860       -0.327685
     C    3        0.112672       -0.327685       -0.052263

     H    4        0.204492        0.068683        0.387410
     H    4        0.068683        0.006345        0.341448
     H    4        0.387410        0.341448       -0.210837

     C    5       -0.836133        0.066658       -0.076727
     C    5        0.066658        0.221083        0.345981
     C    5       -0.076727        0.345981        0.615051

     H    6       -0.260986       -0.030278       -0.196405
     H    6       -0.030278        0.130739        0.183938
     H    6       -0.196405        0.183938        0.130247

     H    7       -0.206198        0.020446        0.214689
     H    7        0.020446        0.340567       -0.616587
     H    7        0.214689       -0.616587       -0.134369

     C    8        0.124530       -0.108298       -0.237956
     C    8       -0.108298        0.116910        0.167987
     C    8       -0.237956        0.167987       -0.241440

     H    9        0.688949       -0.205308        0.247344
     H    9       -0.205308       -0.220087       -0.184963
     H    9        0.247344       -0.184963       -0.468862

     C   10        0.355968        0.023782        0.181988
     C   10        0.023782        0.205762       -0.451364
     C   10        0.181988       -0.451364       -0.561731

     C   11       -0.013929        0.322564       -0.196203
     C   11        0.322564        0.119374        0.400179
     C   11       -0.196203        0.400179       -0.105445

     Cl  12       -0.597752        0.463551        0.104577
     Cl  12        0.463551       -0.674359        0.730866
     Cl  12        0.104577        0.730866        1.272110

     H   13       -0.286044        0.123453        0.239629
     H   13        0.123453        0.403124        0.134924
     H   13        0.239629        0.134924       -0.117080

     C   14       -0.013825       -0.302799       -0.218531
     C   14       -0.302799       -0.273582       -0.203081
     C   14       -0.218531       -0.203081        0.287407

     H   15        0.475109        0.106716        0.491880
     H   15        0.106716       -0.038907        0.169595
     H   15        0.491880        0.169595       -0.436202

     C   16       -0.432320       -0.001382       -0.024932
     C   16       -0.001382        0.094643        0.240789
     C   16       -0.024932        0.240789        0.337677

     C   17        0.091063       -0.253694       -0.015914
     C   17       -0.253694       -0.668257        0.114346
     C   17       -0.015914        0.114346        0.577194

     Cl  18       -0.165191       -1.516387        0.728406
     Cl  18       -1.516387       -0.848845        1.405013
     Cl  18        0.728406        1.405013        1.014036

     H   19       -0.391650        0.121311        0.249490
     H   19        0.121311        0.355174       -0.333843
     H   19        0.249490       -0.333843        0.036476

     C   20       -0.064514       -0.263763       -0.692941
     C   20       -0.263763       -0.045195       -0.321148
     C   20       -0.692941       -0.321148        0.109709

     H   21        0.372821       -0.200353        0.578121
     H   21       -0.200353       -0.015176       -0.204265
     H   21        0.578121       -0.204265       -0.357645

     C   22        0.268780        0.141526       -0.105420
     C   22        0.141526       -0.191544       -0.108984
     C   22       -0.105420       -0.108984       -0.077236

     C   23       -0.473065       -0.094016       -0.482266
     C   23       -0.094016        0.381066       -0.306384
     C   23       -0.482266       -0.306384        0.091999

     Cl  24       -0.387168        1.862678       -0.883832
     Cl  24        1.862678       -1.454063       -0.340011
     Cl  24       -0.883832       -0.340011        1.841232


     NQR/NMR SPECTROSCOPIC PARAMETERS:
     Cl   1    Vxx=    0.3856    axis=(  0.891119 -0.413684 -0.186472)
     Cl   1    Vyy=    1.2848    axis=( -0.214233 -0.745808  0.630773)
     Cl   1    Vzz=   -1.6704    axis=( -0.400013 -0.522146 -0.753229)
     Cl   1  Q=        -8.1650 1e-30 m^2  Cq=        32.0460 MHz  eta= 0.53834

     C    2    Vxx=   -0.0859    axis=( -0.154142  0.292069  0.943894)
     C    2    Vyy=   -0.4780    axis=( -0.987562 -0.075541 -0.137898)
     C    2    Vzz=    0.5639    axis=(  0.031026 -0.953409  0.300080)
     C    2  Q=         1.0000 1e-30 m^2  Cq=         1.3250 MHz  eta= 0.69530

     C    3    Vxx=    0.0288    axis=(  0.812730  0.139561  0.565679)
     C    3    Vyy=    0.4073    axis=( -0.226919 -0.818408  0.527936)
     C    3    Vzz=   -0.4361    axis=(  0.536636 -0.557432 -0.633476)
     C    3  Q=         1.0000 1e-30 m^2  Cq=        -1.0246 MHz  eta= 0.86803

     H    4    Vxx=    0.0188    axis=(  0.602323 -0.784086 -0.149720)
     H    4    Vyy=    0.5512    axis=(  0.707281  0.437254  0.555483)
     H    4    Vzz=   -0.5700    axis=( -0.370081 -0.440475  0.817938)
     H    4  Q=         1.0000 1e-30 m^2  Cq=        -1.3393 MHz  eta= 0.93409

     C    5    Vxx=    0.0306    axis=(  0.110130  0.861561 -0.495564)
     C    5    Vyy=    0.8169    axis=( -0.019997  0.500416  0.865554)
     C    5    Vzz=   -0.8474    axis=( -0.993716  0.085414 -0.072339)
     C    5  Q=         1.0000 1e-30 m^2  Cq=        -1.9912 MHz  eta= 0.92779

     H    6    Vxx=   -0.0114    axis=( -0.332522 -0.772034  0.541657)
     H    6    Vyy=   -0.3469    axis=( -0.905650  0.101166 -0.411781)
     H    6    Vzz=    0.3583    axis=( -0.263112  0.627478  0.732833)
     H    6  Q=         1.0000 1e-30 m^2  Cq=         0.8418 MHz  eta= 0.93663

     H    7    Vxx=   -0.1344    axis=( -0.908318 -0.316270 -0.273737)
     H    7    Vyy=   -0.6409    axis=( -0.403847  0.492664  0.770837)
     H    7    Vzz=    0.7753    axis=(  0.108932 -0.810713  0.575220)
     H    7  Q=         1.0000 1e-30 m^2  Cq=         1.8217 MHz  eta= 0.65335

     C    8    Vxx=    0.0154    axis=(  0.623627  0.778720 -0.068447)
     C    8    Vyy=    0.3666    axis=(  0.685684 -0.586959 -0.430485)
     C    8    Vzz=   -0.3820    axis=( -0.375403  0.221529 -0.899999)
     C    8  Q=         1.0000 1e-30 m^2  Cq=        -0.8977 MHz  eta= 0.91930

     H    9    Vxx=   -0.2151    axis=(  0.298332  0.885985 -0.355004)
     H    9    Vyy=   -0.5811    axis=( -0.112025  0.401874  0.908817)
     H    9    Vzz=    0.7962    axis=(  0.947865 -0.231359  0.219144)
     H    9  Q=         1.0000 1e-30 m^2  Cq=         1.8709 MHz  eta= 0.45970

     C   10    Vxx=    0.3421    axis=(  0.791128  0.595820 -0.138256)
     C   10    Vyy=    0.4550    axis=( -0.592845  0.691340 -0.413018)
     C   10    Vzz=   -0.7971    axis=( -0.150503  0.408714  0.900168)
     C   10  Q=         1.0000 1e-30 m^2  Cq=        -1.8729 MHz  eta= 0.14170

     C   11    Vxx=    0.1418    axis=(  0.778383 -0.006154 -0.627760)
     C   11    Vyy=    0.4772    axis=( -0.362608 -0.820692 -0.441566)
     C   11    Vzz=   -0.6190    axis=(  0.512480 -0.571338  0.641044)
     C   11  Q=         1.0000 1e-30 m^2  Cq=        -1.4543 MHz  eta= 0.54195

     Cl  12    Vxx=   -0.3429    axis=( -0.811906 -0.510321  0.283516)
     Cl  12    Vyy=   -1.2022    axis=( -0.571815  0.793029 -0.210077)
     Cl  12    Vzz=    1.5451    axis=(  0.117630  0.332682  0.935674)
     Cl  12  Q=        -8.1650 1e-30 m^2  Cq=       -29.6423 MHz  eta= 0.55614

     H   13    Vxx=   -0.0243    axis=(  0.515061 -0.389759  0.763413)
     H   13    Vyy=   -0.4563    axis=( -0.821774  0.028701  0.569090)
     H   13    Vzz=    0.4806    axis=(  0.243719  0.920470  0.305511)
     H   13  Q=         1.0000 1e-30 m^2  Cq=         1.1292 MHz  eta= 0.89891

     C   14    Vxx=    0.1660    axis=(  0.731453 -0.627321  0.267290)
     C   14    Vyy=    0.4057    axis=(  0.408606  0.089414 -0.908321)
     C   14    Vzz=   -0.5717    axis=(  0.545909  0.773611  0.321729)
     C   14  Q=         1.0000 1e-30 m^2  Cq=        -1.3433 MHz  eta= 0.41926

     H   15    Vxx=   -0.0545    axis=(  0.268365 -0.959933 -0.080680)
     H   15    Vyy=   -0.6718    axis=( -0.373399 -0.180862  0.909869)
     H   15    Vzz=    0.7263    axis=( -0.888005 -0.214051 -0.406975)
     H   15  Q=         1.0000 1e-30 m^2  Cq=         1.7064 MHz  eta= 0.84995

     C   16    Vxx=   -0.0532    axis=(  0.031274  0.851878 -0.522806)
     C   16    Vyy=   -0.4332    axis=( -0.999225  0.014140 -0.036733)
     C   16    Vzz=    0.4864    axis=( -0.023900  0.523549  0.851660)
     C   16  Q=         1.0000 1e-30 m^2  Cq=         1.1428 MHz  eta= 0.78132

     C   17    Vxx=    0.1625    axis=(  0.954534 -0.275966  0.112732)
     C   17    Vyy=    0.5910    axis=(  0.085968 -0.107266 -0.990507)
     C   17    Vzz=   -0.7535    axis=(  0.285438  0.955163 -0.078664)
     C   17  Q=         1.0000 1e-30 m^2  Cq=        -1.7704 MHz  eta= 0.56859

     Cl  18    Vxx=    0.9390    axis=(  0.831795 -0.448692  0.326793)
     Cl  18    Vyy=    1.7735    axis=(  0.068274 -0.501558 -0.862426)
     Cl  18    Vzz=   -2.7124    axis=(  0.550869  0.739672 -0.386559)
     Cl  18  Q=        -8.1650 1e-30 m^2  Cq=        52.0368 MHz  eta= 0.30766

     H   19    Vxx=    0.0130    axis=(  0.561238  0.467433  0.683021)
     H   19    Vyy=    0.5668    axis=( -0.035607  0.838122 -0.544320)
     H   19    Vzz=   -0.5798    axis=(  0.826888 -0.281173 -0.487030)
     H   19  Q=         1.0000 1e-30 m^2  Cq=        -1.3624 MHz  eta= 0.95512

     C   20    Vxx=    0.1507    axis=(  0.400181 -0.890904  0.214815)
     C   20    Vyy=    0.7277    axis=( -0.635719 -0.101031  0.765281)
     C   20    Vzz=   -0.8785    axis=(  0.660088  0.442813  0.606795)
     C   20  Q=         1.0000 1e-30 m^2  Cq=        -2.0640 MHz  eta= 0.65685

     H   21    Vxx=   -0.0986    axis=(  0.348802  0.936338  0.040096)
     H   21    Vyy=   -0.6872    axis=( -0.455299  0.131901  0.880514)
     H   21    Vzz=    0.7857    axis=(  0.819171 -0.325381  0.472321)
     H   21  Q=         1.0000 1e-30 m^2  Cq=         1.8462 MHz  eta= 0.74913

     C   22    Vxx=   -0.0823    axis=(  0.393839 -0.341255  0.853485)
     C   22    Vyy=   -0.2677    axis=( -0.151450  0.891747  0.426440)
     C   22    Vzz=    0.3500    axis=( -0.906617 -0.297209  0.299521)
     C   22  Q=         1.0000 1e-30 m^2  Cq=         0.8224 MHz  eta= 0.52969

     C   23    Vxx=    0.1821    axis=(  0.513200 -0.639348 -0.572591)
     C   23    Vyy=    0.6154    axis=( -0.216899 -0.742103  0.634222)
     C   23    Vzz=   -0.7976    axis=(  0.830410  0.201288  0.519521)
     C   23  Q=         1.0000 1e-30 m^2  Cq=        -1.8740 MHz  eta= 0.54327

     Cl  24    Vxx=    0.4357    axis=(  0.646868  0.540864  0.537612)
     Cl  24    Vyy=    2.4375    axis=( -0.455417 -0.291478  0.841211)
     Cl  24    Vzz=   -2.8733    axis=( -0.611683  0.788991 -0.057771)
     Cl  24  Q=        -8.1650 1e-30 m^2  Cq=        55.1219 MHz  eta= 0.69671

     Initialization:
     gipaw_setup  :      9.10s CPU     11.32s WALL (       1 calls)

     Linear response

     Apply operators

     Induced current

     Other routines
     efg          :      9.47s CPU     12.02s WALL (       1 calls)

     General routines
     calbec       :      3.40s CPU      4.62s WALL (      16 calls)
     fft          :      1.57s CPU      2.39s WALL (      15 calls)
     ffts         :      0.04s CPU      0.04s WALL (       2 calls)
     fftw         :      3.29s CPU      3.97s WALL (     672 calls)
     davcio       :      0.02s CPU      0.32s WALL (      32 calls)

     Parallel routines
     fft_scatter  :      2.07s CPU      3.60s WALL (     689 calls)

     Plugins

     GIPAW        :     60.59s CPU     72.67s WALL (       1 calls)
