
     Program QE v.6.0 (svn rev. 13079) starts on 22Dec2016 at 21:45:16 

     This program is part of the open-source Quantum ESPRESSO suite
     for quantum simulation of materials; please cite
         "P. Giannozzi et al., J. Phys.:Condens. Matter 21 395502 (2009);
          URL http://www.quantum-espresso.org", 
     in publications or presentations arising from this work. More details at
     http://www.quantum-espresso.org/quote

     Parallel version (MPI), running on     8 processors
     R & G space division:  proc/nbgrp/npool/nimage =       8

     ***** This is GIPAW svn revision unknown      *****

     Parallelizing q-star over 1 images

     Reading data from directory:
     /users/majewski/paradichlorobenzene/pbe/9_constraint/scratch/pbe.ecut100.np8.dt60.pcl2phi-129368.save
     Message from routine read_xml_file:
     file /users/majewski/paradichlorobenzene/pbe/9_constraint/scratch/pbe.ecut100.np8.dt60.pcl2phi-129368.save not guaranteed to be safe for post-processing

   Info: using nr1, nr2, nr3 values from input

   Info: using nr1, nr2, nr3 values from input

     IMPORTANT: XC functional enforced from input :
     Exchange-correlation      =  SLA  PW   PBX  PBC ( 1  4  3  4 0 0)
     Any further DFT definition will be discarded
     Please, verify this is what you really want

               file C.pbe-n-kjpaw_psl.1.0.0.UPF: wavefunction(s)  2S 2P renormalized
               file Cl.pbe-n-kjpaw_psl.1.0.0.UPF: wavefunction(s)  3S 3P renormalized
               file H.pbe-kjpaw_psl.1.0.0.UPF: wavefunction(s)  1S renormalized

     Parallelization info
     --------------------
     sticks:   dense  smooth     PW     G-vecs:    dense   smooth      PW
     Min        3057    1223    332               144436    36536    5170
     Max        3059    1225    333               144437    36537    5171
     Sum       24467    9791   2657              1155489   292295   41363


     Subspace diagonalization in iterative solution of the eigenvalue problem:
     a serial algorithm will be used

     GIPAW projectors -----------------------------------------------
     atom=  C    l=0  rc=    1.2000  rs=    0.8000
     atom=  C    l=0  rc=    1.2000  rs=    0.8000
     atom=  C    l=1  rc=    1.4000  rs=    0.9333
     atom=  C    l=1  rc=    1.4000  rs=    0.9333
     projs nearly linearly dependent: l=1  n1,n2= 1, 2  s=  0.99951561

     atom=  Cl   l=0  rc=    1.6000  rs=    1.0667
     atom=  Cl   l=0  rc=    1.6000  rs=    1.0667
     atom=  Cl   l=1  rc=    1.6000  rs=    1.0667
     atom=  Cl   l=1  rc=    1.6000  rs=    1.0667
     atom=  Cl   l=2  rc=    1.6000  rs=    1.0667
     atom=  Cl   l=2  rc=    1.6000  rs=    1.0667
     projs nearly linearly dependent: l=2  n1,n2= 1, 2  s=  0.99993509

     atom=  H    l=0  rc=    1.0000  rs=    0.6667
     atom=  H    l=0  rc=    1.0000  rs=    0.6667
     projs nearly linearly dependent: l=0  n1,n2= 1, 2  s=  0.99968852
     -----------------------------------------------------------------

     GIPAW integrals: -------------------------------------------
     Atom  i/j   nmr_para   nmr_dia   epr_rmc  epr_para   epr_dia
       C   1 1   0.83E+03  0.17E-01  0.93E+01  0.24E+08  0.24E+03
       C   2 1   0.86E+03 -0.61E-01  0.94E+01  0.25E+08  0.25E+03
       C   2 2   0.90E+03 -0.15E+00  0.97E+01  0.26E+08  0.26E+03
       C   3 3   0.33E+01  0.34E+00  0.18E+01  0.55E+03  0.21E+02
       C   4 3   0.35E+01  0.37E+00  0.20E+01  0.59E+03  0.22E+02
       C   4 4   0.38E+01  0.39E+00  0.22E+01  0.63E+03  0.24E+02
       Cl  1 1   0.14E+04 -0.47E+00  0.84E+01  0.32E+09  0.42E+03
       Cl  2 1   0.21E+04 -0.37E+00  0.12E+02  0.49E+09  0.65E+03
       Cl  2 2   0.33E+04 -0.16E+00  0.21E+02  0.76E+09  0.10E+04
       Cl  3 3   0.21E+02  0.79E-01  0.89E+01  0.23E+05  0.13E+03
       Cl  4 3   0.24E+02  0.67E-01  0.99E+01  0.27E+05  0.15E+03
       Cl  4 4   0.28E+02  0.44E-01  0.11E+02  0.32E+05  0.18E+03
       Cl  5 5   0.77E+00  0.19E+00  0.18E+01  0.12E+03  0.22E+02
       Cl  6 5   0.80E+00  0.19E+00  0.19E+01  0.12E+03  0.23E+02
       Cl  6 6   0.83E+00  0.20E+00  0.19E+01  0.12E+03  0.23E+02
       H   1 1   0.39E+02  0.19E+00  0.29E+00  0.78E+05  0.13E+02
       H   2 1   0.41E+02  0.21E+00  0.32E+00  0.82E+05  0.14E+02
       H   2 2   0.43E+02  0.22E+00  0.36E+00  0.86E+05  0.15E+02
     ------------------------------------------------------------

     alpha_pv=     34.0736 eV

     Number of occupied bands for each k-point:
     k-point:     1    nbnd_occ=  42
     k-point:     2    nbnd_occ=  42
     k-point:     3    nbnd_occ=  42
     k-point:     4    nbnd_occ=  42
     k-point:     5    nbnd_occ=  42
     k-point:     6    nbnd_occ=  42
     k-point:     7    nbnd_occ=  42
     k-point:     8    nbnd_occ=  42
     k-point:     9    nbnd_occ=  42
     k-point:    10    nbnd_occ=  42
     k-point:    11    nbnd_occ=  42
     k-point:    12    nbnd_occ=  42
     k-point:    13    nbnd_occ=  42
     k-point:    14    nbnd_occ=  42
     k-point:    15    nbnd_occ=  42
     k-point:    16    nbnd_occ=  42


     q-space interpolation up to   110.00 Rydberg

     GIPAW job: efg                                                                             


     ELECTRIC FIELD GRADIENTS TENSORS IN Hartree/bohrradius^2:

     ----- bare term -----
     Cl   1       -0.083767        0.150106       -0.062997
     Cl   1        0.150106        0.049128       -0.089392
     Cl   1       -0.062997       -0.089392        0.034639

     C    2       -0.012436        0.049339       -0.090163
     C    2        0.049339       -0.010493       -0.438901
     C    2       -0.090163       -0.438901        0.022929

     C    3        0.068260        0.014863        0.251951
     C    3        0.014863       -0.073480        0.258490
     C    3        0.251951        0.258490        0.005220

     H    4       -0.161460       -0.334832        0.123319
     H    4       -0.334832       -0.076113        0.175670
     H    4        0.123319        0.175670        0.237573

     C    5       -0.086039       -0.130354       -0.138609
     C    5       -0.130354       -0.073550        0.035526
     C    5       -0.138609        0.035526        0.159588

     H    6        0.377734       -0.004178       -0.095071
     H    6       -0.004178       -0.609525        0.226243
     H    6       -0.095071        0.226243        0.231791

     H    7        0.318020        0.074708       -0.067711
     H    7        0.074708       -0.510817        0.574844
     H    7       -0.067711        0.574844        0.192797

     C    8       -0.740401       -0.387034       -0.421925
     C    8       -0.387034        0.372363        0.161826
     C    8       -0.421925        0.161826        0.368038

     H    9       -0.095769        0.177849       -0.395122
     H    9        0.177849        0.407605       -0.053314
     H    9       -0.395122       -0.053314       -0.311836

     C   10        0.045631       -0.453402       -0.094339
     C   10       -0.453402       -0.181315        0.603971
     C   10       -0.094339        0.603971        0.135683

     C   11       -0.506299       -0.397532       -0.449239
     C   11       -0.397532        0.316950        0.174208
     C   11       -0.449239        0.174208        0.189350

     Cl  12        0.009477        0.129088       -0.022760
     Cl  12        0.129088        0.091161        0.042372
     Cl  12       -0.022760        0.042372       -0.100638

     H   13        0.475900       -0.071902       -0.068327
     H   13       -0.071902       -0.599577       -0.233465
     H   13       -0.068327       -0.233465        0.123677

     C   14       -0.661956        0.305987       -0.404250
     C   14        0.305987        0.197576       -0.187508
     C   14       -0.404250       -0.187508        0.464380

     H   15       -0.290405       -0.470317        0.090545
     H   15       -0.470317        0.067780        0.192913
     H   15        0.090545        0.192913        0.222625

     C   16       -0.145384        0.240026       -0.228171
     C   16        0.240026       -0.422564       -0.506829
     C   16       -0.228171       -0.506829        0.567948

     C   17       -0.192953        0.103097       -0.379198
     C   17        0.103097       -0.141773       -0.504022
     C   17       -0.379198       -0.504022        0.334726

     Cl  18       -0.003793        0.181799       -0.072639
     Cl  18        0.181799        0.092716       -0.073435
     Cl  18       -0.072639       -0.073435       -0.088923

     H   19        0.447127        0.016010        0.010686
     H   19        0.016010       -0.330667        0.636060
     H   19        0.010686        0.636060       -0.116460

     C   20       -0.175086       -0.173343       -0.225683
     C   20       -0.173343       -0.247605        0.329935
     C   20       -0.225683        0.329935        0.422691

     H   21        0.119183        0.101712       -0.335608
     H   21        0.101712        0.487659        0.177681
     H   21       -0.335608        0.177681       -0.606842

     C   22       -0.563841       -0.300121       -0.355253
     C   22       -0.300121       -0.011477        0.110546
     C   22       -0.355253        0.110546        0.575319

     C   23       -0.053193       -0.081647       -0.228858
     C   23       -0.081647       -0.447600        0.401837
     C   23       -0.228858        0.401837        0.500793

     Cl  24       -0.176228       -0.137830       -0.086482
     Cl  24       -0.137830       -0.112191        0.004529
     Cl  24       -0.086482        0.004529        0.288419

     ----- ionic term -----
     Cl   1        0.142829       -0.177377        0.021111
     Cl   1       -0.177377        0.021405       -0.008177
     Cl   1        0.021111       -0.008177       -0.164234

     C    2        0.261938       -0.066035        0.122734
     C    2       -0.066035        0.296134        0.265456
     C    2        0.122734        0.265456       -0.558072

     C    3        0.287954       -0.139662        0.032493
     C    3       -0.139662        0.271346        0.300479
     C    3        0.032493        0.300479       -0.559300

     H    4        0.762836        0.523732        0.373225
     H    4        0.523732       -0.236037        0.204097
     H    4        0.373225        0.204097       -0.526798

     C    5        0.433074       -0.043374        0.043612
     C    5       -0.043374        0.125966        0.287135
     C    5        0.043612        0.287135       -0.559040

     H    6       -0.514962       -0.069558       -0.065495
     H    6       -0.069558        0.848109        0.558786
     H    6       -0.065495        0.558786       -0.333148

     H    7       -0.477547       -0.232579        0.150047
     H    7       -0.232579        0.717566       -0.628174
     H    7        0.150047       -0.628174       -0.240019

     C    8        0.210055        0.217151        0.360972
     C    8        0.217151        0.063577       -0.245380
     C    8        0.360972       -0.245380       -0.273632

     H    9        0.326092       -0.282387        0.742816
     H    9       -0.282387       -0.395894       -0.313074
     H    9        0.742816       -0.313074        0.069802

     C   10        0.068207        0.265989        0.238187
     C   10        0.265989        0.187985       -0.357694
     C   10        0.238187       -0.357694       -0.256192

     C   11        0.198182        0.178562        0.371864
     C   11        0.178562       -0.004441       -0.341723
     C   11        0.371864       -0.341723       -0.193742

     Cl  12        0.183152        0.196509        0.017445
     Cl  12        0.196509       -0.034848        0.006799
     Cl  12        0.017445        0.006799       -0.148304

     H   13       -0.518416        0.109588        0.034805
     H   13        0.109588        0.949241        0.457925
     H   13        0.034805        0.457925       -0.430825

     C   14        0.399237       -0.064205        0.076948
     C   14       -0.064205        0.149461        0.244185
     C   14        0.076948        0.244185       -0.548697

     H   15        0.644438        0.649206        0.233064
     H   15        0.649206       -0.092459        0.183449
     H   15        0.233064        0.183449       -0.551979

     C   16        0.213633       -0.075749        0.025443
     C   16       -0.075749        0.332112        0.347531
     C   16        0.025443        0.347531       -0.545745

     C   17        0.336299        0.086013        0.094229
     C   17        0.086013        0.231085        0.363166
     C   17        0.094229        0.363166       -0.567384

     Cl  18        0.194758       -0.177213       -0.021512
     Cl  18       -0.177213       -0.064219        0.008824
     Cl  18       -0.021512        0.008824       -0.130539

     H   19       -0.529131       -0.032375        0.035040
     H   19       -0.032375        0.603199       -0.730255
     H   19        0.035040       -0.730255       -0.074069

     C   20        0.202585        0.251103        0.389080
     C   20        0.251103        0.018226       -0.260212
     C   20        0.389080       -0.260212       -0.220811

     H   21        0.320629       -0.194661        0.803226
     H   21       -0.194661       -0.483068       -0.246871
     H   21        0.803226       -0.246871        0.162439

     C   22        0.052631        0.304757        0.256857
     C   22        0.304757        0.163887       -0.339281
     C   22        0.256857       -0.339281       -0.216518

     C   23        0.124064        0.280980        0.333244
     C   23        0.280980        0.106678       -0.336271
     C   23        0.333244       -0.336271       -0.230742

     Cl  24        0.113044        0.238507        0.031134
     Cl  24        0.238507        0.049493        0.021296
     Cl  24        0.031134        0.021296       -0.162537

     ----- GIPAW term -----
     Cl   1        0.303726        0.201559       -1.361168
     Cl   1        0.201559        0.760780       -1.824652
     Cl   1       -1.361168       -1.824652       -1.064506

     C    2       -0.014654        0.019398       -0.048671
     C    2        0.019398        0.052429       -0.118554
     C    2       -0.048671       -0.118554       -0.037774

     C    3        0.021714       -0.012425        0.021914
     C    3       -0.012425        0.002493        0.039988
     C    3        0.021914        0.039988       -0.024207

     H    4       -0.000000        0.000000        0.000000
     H    4        0.000000        0.000000        0.000000
     H    4        0.000000        0.000000        0.000000

     C    5       -0.010652       -0.017420        0.004922
     C    5       -0.017420       -0.007002       -0.017612
     C    5        0.004922       -0.017612        0.017654

     H    6       -0.000000        0.000000        0.000000
     H    6        0.000000        0.000000        0.000000
     H    6        0.000000        0.000000        0.000000

     H    7       -0.000000        0.000000        0.000000
     H    7        0.000000        0.000000        0.000000
     H    7        0.000000        0.000000        0.000000

     C    8       -0.177199       -0.142659       -0.039513
     C    8       -0.142659        0.210783       -0.047224
     C    8       -0.039513       -0.047224       -0.033584

     H    9       -0.000000        0.000000        0.000000
     H    9        0.000000        0.000000        0.000000
     H    9        0.000000        0.000000        0.000000

     C   10       -0.044053       -0.188440       -0.012078
     C   10       -0.188440        0.161454        0.096582
     C   10       -0.012078        0.096582       -0.117402

     C   11       -0.077223       -0.134018       -0.052563
     C   11       -0.134018        0.244909       -0.007114
     C   11       -0.052563       -0.007114       -0.167686

     Cl  12        1.200137        2.953140       -0.091225
     Cl  12        2.953140        0.914222        0.412631
     Cl  12       -0.091225        0.412631       -2.114359

     H   13       -0.000000        0.000000        0.000000
     H   13        0.000000        0.000000        0.000000
     H   13        0.000000        0.000000        0.000000

     C   14       -0.145001        0.089373       -0.027605
     C   14        0.089373        0.080679        0.054985
     C   14       -0.027605        0.054985        0.064322

     H   15       -0.000000        0.000000        0.000000
     H   15        0.000000        0.000000        0.000000
     H   15        0.000000        0.000000        0.000000

     C   16       -0.093730        0.027804       -0.102487
     C   16        0.027804       -0.140396       -0.082021
     C   16       -0.102487       -0.082021        0.234126

     C   17        0.024719       -0.106283       -0.078431
     C   17       -0.106283       -0.010070       -0.112952
     C   17       -0.078431       -0.112952       -0.014649

     Cl  18        1.469798        0.134238       -0.875418
     Cl  18        0.134238        0.863888       -0.823908
     Cl  18       -0.875418       -0.823908       -2.333686

     H   19       -0.000000        0.000000        0.000000
     H   19        0.000000        0.000000        0.000000
     H   19        0.000000        0.000000        0.000000

     C   20       -0.088241       -0.023325       -0.022889
     C   20       -0.023325       -0.037978       -0.074014
     C   20       -0.022889       -0.074014        0.126219

     H   21       -0.000000        0.000000        0.000000
     H   21        0.000000        0.000000        0.000000
     H   21        0.000000        0.000000        0.000000

     C   22       -0.221472       -0.011036       -0.116217
     C   22       -0.011036       -0.067336       -0.091822
     C   22       -0.116217       -0.091822        0.288808

     C   23       -0.039989        0.089728       -0.003107
     C   23        0.089728       -0.142293       -0.049776
     C   23       -0.003107       -0.049776        0.182282

     Cl  24       -0.582123        1.264795       -1.115925
     Cl  24        1.264795       -1.446848        0.064243
     Cl  24       -1.115925        0.064243        2.028971

     ----- total EFG -----
     Cl   1        0.362788        0.174288       -1.403054
     Cl   1        0.174288        0.831313       -1.922220
     Cl   1       -1.403054       -1.922220       -1.194101

     C    2        0.234847        0.002702       -0.016101
     C    2        0.002702        0.338070       -0.291999
     C    2       -0.016101       -0.291999       -0.572918

     C    3        0.377928       -0.137225        0.306359
     C    3       -0.137225        0.200359        0.598957
     C    3        0.306359        0.598957       -0.578288

     H    4        0.601375        0.188900        0.496544
     H    4        0.188900       -0.312150        0.379767
     H    4        0.496544        0.379767       -0.289225

     C    5        0.336384       -0.191148       -0.090075
     C    5       -0.191148        0.045414        0.305049
     C    5       -0.090075        0.305049       -0.381797

     H    6       -0.137227       -0.073736       -0.160567
     H    6       -0.073736        0.238584        0.785029
     H    6       -0.160567        0.785029       -0.101356

     H    7       -0.159527       -0.157871        0.082336
     H    7       -0.157871        0.206749       -0.053330
     H    7        0.082336       -0.053330       -0.047222

     C    8       -0.707544       -0.312541       -0.100466
     C    8       -0.312541        0.646722       -0.130778
     C    8       -0.100466       -0.130778        0.060822

     H    9        0.230324       -0.104538        0.347693
     H    9       -0.104538        0.011711       -0.366388
     H    9        0.347693       -0.366388       -0.242034

     C   10        0.069786       -0.375854        0.131771
     C   10       -0.375854        0.168124        0.342858
     C   10        0.131771        0.342858       -0.237910

     C   11       -0.385340       -0.352988       -0.129937
     C   11       -0.352988        0.557418       -0.174629
     C   11       -0.129937       -0.174629       -0.172078

     Cl  12        1.392767        3.278738       -0.096541
     Cl  12        3.278738        0.970535        0.461803
     Cl  12       -0.096541        0.461803       -2.363302

     H   13       -0.042516        0.037686       -0.033522
     H   13        0.037686        0.349664        0.224460
     H   13       -0.033522        0.224460       -0.307148

     C   14       -0.407720        0.331155       -0.354907
     C   14        0.331155        0.427716        0.111662
     C   14       -0.354907        0.111662       -0.019996

     H   15        0.354033        0.178888        0.323609
     H   15        0.178888       -0.024679        0.376362
     H   15        0.323609        0.376362       -0.329354

     C   16       -0.025481        0.192081       -0.305215
     C   16        0.192081       -0.230848       -0.241319
     C   16       -0.305215       -0.241319        0.256329

     C   17        0.168065        0.082827       -0.363399
     C   17        0.082827        0.079242       -0.253809
     C   17       -0.363399       -0.253809       -0.247307

     Cl  18        1.660763        0.138824       -0.969569
     Cl  18        0.138824        0.892385       -0.888520
     Cl  18       -0.969569       -0.888520       -2.553147

     H   19       -0.082004       -0.016365        0.045726
     H   19       -0.016365        0.272532       -0.094196
     H   19        0.045726       -0.094196       -0.190528

     C   20       -0.060742        0.054435        0.140508
     C   20        0.054435       -0.267357       -0.004291
     C   20        0.140508       -0.004291        0.328099

     H   21        0.439812       -0.092949        0.467617
     H   21       -0.092949        0.004591       -0.069191
     H   21        0.467617       -0.069191       -0.444403

     C   22       -0.732683       -0.006399       -0.214613
     C   22       -0.006399        0.085073       -0.320558
     C   22       -0.214613       -0.320558        0.647610

     C   23        0.030882        0.289061        0.101279
     C   23        0.289061       -0.483215        0.015790
     C   23        0.101279        0.015790        0.452333

     Cl  24       -0.645307        1.365471       -1.171273
     Cl  24        1.365471       -1.509546        0.090068
     Cl  24       -1.171273        0.090068        2.154853

     ----- total EFG (symmetrized) -----
     Cl   1        0.362788        0.174288       -1.403054
     Cl   1        0.174288        0.831313       -1.922220
     Cl   1       -1.403054       -1.922220       -1.194101

     C    2        0.234847        0.002702       -0.016101
     C    2        0.002702        0.338070       -0.291999
     C    2       -0.016101       -0.291999       -0.572918

     C    3        0.377928       -0.137225        0.306359
     C    3       -0.137225        0.200359        0.598957
     C    3        0.306359        0.598957       -0.578288

     H    4        0.601375        0.188900        0.496544
     H    4        0.188900       -0.312150        0.379767
     H    4        0.496544        0.379767       -0.289225

     C    5        0.336384       -0.191148       -0.090075
     C    5       -0.191148        0.045414        0.305049
     C    5       -0.090075        0.305049       -0.381797

     H    6       -0.137227       -0.073736       -0.160567
     H    6       -0.073736        0.238584        0.785029
     H    6       -0.160567        0.785029       -0.101356

     H    7       -0.159527       -0.157871        0.082336
     H    7       -0.157871        0.206749       -0.053330
     H    7        0.082336       -0.053330       -0.047222

     C    8       -0.707544       -0.312541       -0.100466
     C    8       -0.312541        0.646722       -0.130778
     C    8       -0.100466       -0.130778        0.060822

     H    9        0.230324       -0.104538        0.347693
     H    9       -0.104538        0.011711       -0.366388
     H    9        0.347693       -0.366388       -0.242034

     C   10        0.069786       -0.375854        0.131771
     C   10       -0.375854        0.168124        0.342858
     C   10        0.131771        0.342858       -0.237910

     C   11       -0.385340       -0.352988       -0.129937
     C   11       -0.352988        0.557418       -0.174629
     C   11       -0.129937       -0.174629       -0.172078

     Cl  12        1.392767        3.278738       -0.096541
     Cl  12        3.278738        0.970535        0.461803
     Cl  12       -0.096541        0.461803       -2.363302

     H   13       -0.042516        0.037686       -0.033522
     H   13        0.037686        0.349664        0.224460
     H   13       -0.033522        0.224460       -0.307148

     C   14       -0.407720        0.331155       -0.354907
     C   14        0.331155        0.427716        0.111662
     C   14       -0.354907        0.111662       -0.019996

     H   15        0.354033        0.178888        0.323609
     H   15        0.178888       -0.024679        0.376362
     H   15        0.323609        0.376362       -0.329354

     C   16       -0.025481        0.192081       -0.305215
     C   16        0.192081       -0.230848       -0.241319
     C   16       -0.305215       -0.241319        0.256329

     C   17        0.168065        0.082827       -0.363399
     C   17        0.082827        0.079242       -0.253809
     C   17       -0.363399       -0.253809       -0.247307

     Cl  18        1.660763        0.138824       -0.969569
     Cl  18        0.138824        0.892385       -0.888520
     Cl  18       -0.969569       -0.888520       -2.553147

     H   19       -0.082004       -0.016365        0.045726
     H   19       -0.016365        0.272532       -0.094196
     H   19        0.045726       -0.094196       -0.190528

     C   20       -0.060742        0.054435        0.140508
     C   20        0.054435       -0.267357       -0.004291
     C   20        0.140508       -0.004291        0.328099

     H   21        0.439812       -0.092949        0.467617
     H   21       -0.092949        0.004591       -0.069191
     H   21        0.467617       -0.069191       -0.444403

     C   22       -0.732683       -0.006399       -0.214613
     C   22       -0.006399        0.085073       -0.320558
     C   22       -0.214613       -0.320558        0.647610

     C   23        0.030882        0.289061        0.101279
     C   23        0.289061       -0.483215        0.015790
     C   23        0.101279        0.015790        0.452333

     Cl  24       -0.645307        1.365471       -1.171273
     Cl  24        1.365471       -1.509546        0.090068
     Cl  24       -1.171273        0.090068        2.154853


     NQR/NMR SPECTROSCOPIC PARAMETERS:
     Cl   1    Vxx=    0.3527    axis=(  0.829561 -0.554857 -0.062945)
     Cl   1    Vyy=    2.4169    axis=( -0.435511 -0.713407  0.548981)
     Cl   1    Vzz=   -2.7696    axis=( -0.349511 -0.428000 -0.833461)
     Cl   1  Q=        -8.1650 1e-30 m^2  Cq=        53.1329 MHz  eta= 0.74532

     C    2    Vxx=    0.2348    axis=(  0.999155 -0.040782 -0.005174)
     C    2    Vyy=    0.4239    axis=(  0.037678  0.958827 -0.281480)
     C    2    Vzz=   -0.6587    axis=(  0.016440  0.281047  0.959553)
     C    2  Q=         1.0000 1e-30 m^2  Cq=        -1.5477 MHz  eta= 0.28704

     C    3    Vxx=    0.4518    axis=(  0.920156 -0.388637  0.047688)
     C    3    Vyy=    0.5338    axis=(  0.310547  0.798540  0.515650)
     C    3    Vzz=   -0.9855    axis=( -0.238482 -0.459669  0.855471)
     C    3  Q=         1.0000 1e-30 m^2  Cq=        -2.3156 MHz  eta= 0.08320

     H    4    Vxx=   -0.1906    axis=(  0.473889 -0.742533 -0.473365)
     H    4    Vyy=   -0.7236    axis=(  0.198779  0.613886 -0.763958)
     H    4    Vzz=    0.9142    axis=(  0.857856  0.267936  0.438514)
     H    4  Q=         1.0000 1e-30 m^2  Cq=         2.1480 MHz  eta= 0.58301

     C    5    Vxx=    0.0491    axis=( -0.592029 -0.710944 -0.379552)
     C    5    Vyy=    0.4916    axis=( -0.805852  0.528200  0.267597)
     C    5    Vzz=   -0.5407    axis=( -0.010233 -0.464287  0.885626)
     C    5  Q=         1.0000 1e-30 m^2  Cq=        -1.2704 MHz  eta= 0.81840

     H    6    Vxx=   -0.1511    axis=( -0.979592 -0.200849  0.007685)
     H    6    Vyy=   -0.7451    axis=(  0.131659 -0.612304  0.779583)
     H    6    Vzz=    0.8961    axis=(  0.151873 -0.764685 -0.626252)
     H    6  Q=         1.0000 1e-30 m^2  Cq=         2.1056 MHz  eta= 0.66281

     H    7    Vxx=   -0.0470    axis=(  0.214609  0.326984  0.920339)
     H    7    Vyy=   -0.2375    axis=(  0.906309  0.284576 -0.312443)
     H    7    Vzz=    0.2845    axis=(  0.364070 -0.901165  0.235276)
     H    7  Q=         1.0000 1e-30 m^2  Cq=         0.6683 MHz  eta= 0.66975

     C    8    Vxx=    0.0625    axis=( -0.177530  0.123584  0.976325)
     C    8    Vyy=    0.7324    axis=(  0.198846 -0.967116  0.158576)
     C    8    Vzz=   -0.7950    axis=(  0.963817  0.222290  0.147118)
     C    8  Q=         1.0000 1e-30 m^2  Cq=        -1.8678 MHz  eta= 0.84267

     H    9    Vxx=    0.0115    axis=(  0.646247  0.740613 -0.184006)
     H    9    Vyy=    0.5616    axis=( -0.702064  0.482483 -0.523751)
     H    9    Vzz=   -0.5731    axis=( -0.299117  0.467657  0.831761)
     H    9  Q=         1.0000 1e-30 m^2  Cq=        -1.3465 MHz  eta= 0.95979

     C   10    Vxx=    0.0447    axis=(  0.695577  0.278574  0.662246)
     C   10    Vyy=    0.5429    axis=( -0.557570  0.790618  0.253059)
     C   10    Vzz=   -0.5876    axis=( -0.453088 -0.545270  0.705260)
     C   10  Q=         1.0000 1e-30 m^2  Cq=        -1.3807 MHz  eta= 0.84781

     C   11    Vxx=   -0.1107    axis=(  0.434051 -0.006141 -0.900867)
     C   11    Vyy=   -0.5828    axis=( -0.852398 -0.326446 -0.408472)
     C   11    Vzz=    0.6935    axis=( -0.291576  0.945196 -0.146929)
     C   11  Q=         1.0000 1e-30 m^2  Cq=         1.6293 MHz  eta= 0.68084

     Cl  12    Vxx=   -1.8136    axis=(  0.571506 -0.576101 -0.584371)
     Cl  12    Vyy=   -2.6624    axis=( -0.379659  0.445695 -0.810688)
     Cl  12    Vzz=    4.4760    axis=( -0.727489 -0.685174 -0.035995)
     Cl  12  Q=        -8.1650 1e-30 m^2  Cq=       -85.8702 MHz  eta= 0.18963

     H   13    Vxx=   -0.0385    axis=(  0.990364 -0.016649 -0.137487)
     H   13    Vyy=   -0.3820    axis=( -0.126409  0.296872 -0.946514)
     H   13    Vzz=    0.4205    axis=(  0.056575  0.954772  0.291906)
     H   13  Q=         1.0000 1e-30 m^2  Cq=         0.9881 MHz  eta= 0.81691

     C   14    Vxx=    0.1772    axis=( -0.433829  0.179940  0.882844)
     C   14    Vyy=    0.5434    axis=( -0.337362 -0.941015  0.026017)
     C   14    Vzz=   -0.7205    axis=(  0.835451 -0.286551  0.468945)
     C   14  Q=         1.0000 1e-30 m^2  Cq=        -1.6929 MHz  eta= 0.50823

     H   15    Vxx=   -0.0239    axis=(  0.599166 -0.747647 -0.286398)
     H   15    Vyy=   -0.6167    axis=(  0.195374  0.483441 -0.853296)
     H   15    Vzz=    0.6405    axis=(  0.776421  0.455311  0.435733)
     H   15  Q=         1.0000 1e-30 m^2  Cq=         1.5050 MHz  eta= 0.92547

     C   16    Vxx=   -0.2144    axis=(  0.773661  0.196426  0.602384)
     C   16    Vyy=   -0.3550    axis=( -0.368837  0.912658  0.176108)
     C   16    Vzz=    0.5694    axis=( -0.515178 -0.358429  0.778537)
     C   16  Q=         1.0000 1e-30 m^2  Cq=         1.3379 MHz  eta= 0.24707

     C   17    Vxx=    0.0304    axis=(  0.560290 -0.827962  0.023532)
     C   17    Vyy=    0.4853    axis=(  0.715418  0.469422 -0.517513)
     C   17    Vzz=   -0.5157    axis=(  0.417435  0.306792  0.855352)
     C   17  Q=         1.0000 1e-30 m^2  Cq=        -1.2117 MHz  eta= 0.88208

     Cl  18    Vxx=    0.9641    axis=(  0.366653 -0.921005  0.131592)
     Cl  18    Vyy=    1.9854    axis=(  0.909727  0.325297 -0.258028)
     Cl  18    Vzz=   -2.9495    axis=(  0.194839  0.214319  0.957134)
     Cl  18  Q=        -8.1650 1e-30 m^2  Cq=        56.5842 MHz  eta= 0.34628

     H   19    Vxx=   -0.0711    axis=(  0.955061  0.119809  0.271118)
     H   19    Vyy=   -0.2215    axis=(  0.288791 -0.170059 -0.942168)
     H   19    Vzz=    0.2926    axis=( -0.066774  0.978124 -0.197016)
     H   19  Q=         1.0000 1e-30 m^2  Cq=         0.6875 MHz  eta= 0.51421

     C   20    Vxx=   -0.0903    axis=( -0.909032 -0.286801  0.302333)
     C   20    Vyy=   -0.2835    axis=( -0.278656  0.957783  0.070737)
     C   20    Vzz=    0.3738    axis=(  0.309857  0.019945  0.950574)
     C   20  Q=         1.0000 1e-30 m^2  Cq=         0.8783 MHz  eta= 0.51687

     H   21    Vxx=   -0.0137    axis=(  0.172172  0.984647  0.028748)
     H   21    Vyy=   -0.6469    axis=( -0.391898  0.041693  0.919064)
     H   21    Vzz=    0.6606    axis=(  0.903755 -0.169503  0.393059)
     H   21  Q=         1.0000 1e-30 m^2  Cq=         1.5522 MHz  eta= 0.95858

     C   22    Vxx=   -0.0479    axis=( -0.128329  0.915133  0.382182)
     C   22    Vyy=   -0.7691    axis=(  0.983913  0.069187  0.164709)
     C   22    Vzz=    0.8170    axis=( -0.124289 -0.397170  0.909290)
     C   22  Q=         1.0000 1e-30 m^2  Cq=         1.9195 MHz  eta= 0.88273

     C   23    Vxx=    0.1304    axis=(  0.867904  0.401326 -0.292712)
     C   23    Vyy=    0.4833    axis=(  0.276865  0.098420  0.955855)
     C   23    Vzz=   -0.6137    axis=( -0.412418  0.910632  0.025694)
     C   23  Q=         1.0000 1e-30 m^2  Cq=        -1.4419 MHz  eta= 0.57506

     Cl  24    Vxx=    0.0189    axis=(  0.688075  0.635365  0.350520)
     Cl  24    Vyy=    2.6199    axis=( -0.373911 -0.103537  0.921667)
     Cl  24    Vzz=   -2.6388    axis=(  0.621887 -0.765239  0.166329)
     Cl  24  Q=        -8.1650 1e-30 m^2  Cq=        50.6241 MHz  eta= 0.98568

     Initialization:
     gipaw_setup  :      9.16s CPU     10.90s WALL (       1 calls)

     Linear response

     Apply operators

     Induced current

     Other routines
     efg          :      9.59s CPU     12.60s WALL (       1 calls)

     General routines
     calbec       :      3.33s CPU      4.52s WALL (      16 calls)
     fft          :      1.48s CPU      2.17s WALL (      15 calls)
     ffts         :      0.04s CPU      0.06s WALL (       2 calls)
     fftw         :      3.62s CPU      4.74s WALL (     672 calls)
     davcio       :      0.03s CPU      0.30s WALL (      32 calls)

     Parallel routines
     fft_scatter  :      2.51s CPU      4.14s WALL (     689 calls)

     Plugins

     GIPAW        :     62.62s CPU     75.93s WALL (       1 calls)
