
     Program QE v.6.0 (svn rev. 13079) starts on 25Dec2016 at 11:40:29 

     This program is part of the open-source Quantum ESPRESSO suite
     for quantum simulation of materials; please cite
         "P. Giannozzi et al., J. Phys.:Condens. Matter 21 395502 (2009);
          URL http://www.quantum-espresso.org", 
     in publications or presentations arising from this work. More details at
     http://www.quantum-espresso.org/quote

     Parallel version (MPI), running on     8 processors
     R & G space division:  proc/nbgrp/npool/nimage =       8

     ***** This is GIPAW svn revision unknown      *****

     Parallelizing q-star over 1 images

     Reading data from directory:
     /users/majewski/paradichlorobenzene/pbe/9_constraint/scratch/pbe.ecut100.np8.dt60.pcl2phi-129368.save
     Message from routine read_xml_file:
     file /users/majewski/paradichlorobenzene/pbe/9_constraint/scratch/pbe.ecut100.np8.dt60.pcl2phi-129368.save not guaranteed to be safe for post-processing

   Info: using nr1, nr2, nr3 values from input

   Info: using nr1, nr2, nr3 values from input

     IMPORTANT: XC functional enforced from input :
     Exchange-correlation      =  SLA  PW   PBX  PBC ( 1  4  3  4 0 0)
     Any further DFT definition will be discarded
     Please, verify this is what you really want

               file C.pbe-n-kjpaw_psl.1.0.0.UPF: wavefunction(s)  2S 2P renormalized
               file Cl.pbe-n-kjpaw_psl.1.0.0.UPF: wavefunction(s)  3S 3P renormalized
               file H.pbe-kjpaw_psl.1.0.0.UPF: wavefunction(s)  1S renormalized

     Parallelization info
     --------------------
     sticks:   dense  smooth     PW     G-vecs:    dense   smooth      PW
     Min        3057    1223    332               144436    36536    5170
     Max        3059    1225    333               144437    36537    5171
     Sum       24467    9791   2657              1155489   292295   41363


     Subspace diagonalization in iterative solution of the eigenvalue problem:
     a serial algorithm will be used

     GIPAW projectors -----------------------------------------------
     atom=  C    l=0  rc=    1.2000  rs=    0.8000
     atom=  C    l=0  rc=    1.2000  rs=    0.8000
     atom=  C    l=1  rc=    1.4000  rs=    0.9333
     atom=  C    l=1  rc=    1.4000  rs=    0.9333
     projs nearly linearly dependent: l=1  n1,n2= 1, 2  s=  0.99951561

     atom=  Cl   l=0  rc=    1.6000  rs=    1.0667
     atom=  Cl   l=0  rc=    1.6000  rs=    1.0667
     atom=  Cl   l=1  rc=    1.6000  rs=    1.0667
     atom=  Cl   l=1  rc=    1.6000  rs=    1.0667
     atom=  Cl   l=2  rc=    1.6000  rs=    1.0667
     atom=  Cl   l=2  rc=    1.6000  rs=    1.0667
     projs nearly linearly dependent: l=2  n1,n2= 1, 2  s=  0.99993509

     atom=  H    l=0  rc=    1.0000  rs=    0.6667
     atom=  H    l=0  rc=    1.0000  rs=    0.6667
     projs nearly linearly dependent: l=0  n1,n2= 1, 2  s=  0.99968852
     -----------------------------------------------------------------

     GIPAW integrals: -------------------------------------------
     Atom  i/j   nmr_para   nmr_dia   epr_rmc  epr_para   epr_dia
       C   1 1   0.83E+03  0.17E-01  0.93E+01  0.24E+08  0.24E+03
       C   2 1   0.86E+03 -0.61E-01  0.94E+01  0.25E+08  0.25E+03
       C   2 2   0.90E+03 -0.15E+00  0.97E+01  0.26E+08  0.26E+03
       C   3 3   0.33E+01  0.34E+00  0.18E+01  0.55E+03  0.21E+02
       C   4 3   0.35E+01  0.37E+00  0.20E+01  0.59E+03  0.22E+02
       C   4 4   0.38E+01  0.39E+00  0.22E+01  0.63E+03  0.24E+02
       Cl  1 1   0.14E+04 -0.47E+00  0.84E+01  0.32E+09  0.42E+03
       Cl  2 1   0.21E+04 -0.37E+00  0.12E+02  0.49E+09  0.65E+03
       Cl  2 2   0.33E+04 -0.16E+00  0.21E+02  0.76E+09  0.10E+04
       Cl  3 3   0.21E+02  0.79E-01  0.89E+01  0.23E+05  0.13E+03
       Cl  4 3   0.24E+02  0.67E-01  0.99E+01  0.27E+05  0.15E+03
       Cl  4 4   0.28E+02  0.44E-01  0.11E+02  0.32E+05  0.18E+03
       Cl  5 5   0.77E+00  0.19E+00  0.18E+01  0.12E+03  0.22E+02
       Cl  6 5   0.80E+00  0.19E+00  0.19E+01  0.12E+03  0.23E+02
       Cl  6 6   0.83E+00  0.20E+00  0.19E+01  0.12E+03  0.23E+02
       H   1 1   0.39E+02  0.19E+00  0.29E+00  0.78E+05  0.13E+02
       H   2 1   0.41E+02  0.21E+00  0.32E+00  0.82E+05  0.14E+02
       H   2 2   0.43E+02  0.22E+00  0.36E+00  0.86E+05  0.15E+02
     ------------------------------------------------------------

     alpha_pv=     34.1990 eV

     Number of occupied bands for each k-point:
     k-point:     1    nbnd_occ=  42
     k-point:     2    nbnd_occ=  42
     k-point:     3    nbnd_occ=  42
     k-point:     4    nbnd_occ=  42
     k-point:     5    nbnd_occ=  42
     k-point:     6    nbnd_occ=  42
     k-point:     7    nbnd_occ=  42
     k-point:     8    nbnd_occ=  42
     k-point:     9    nbnd_occ=  42
     k-point:    10    nbnd_occ=  42
     k-point:    11    nbnd_occ=  42
     k-point:    12    nbnd_occ=  42
     k-point:    13    nbnd_occ=  42
     k-point:    14    nbnd_occ=  42
     k-point:    15    nbnd_occ=  42
     k-point:    16    nbnd_occ=  42


     q-space interpolation up to   110.00 Rydberg

     GIPAW job: efg                                                                             


     ELECTRIC FIELD GRADIENTS TENSORS IN Hartree/bohrradius^2:

     ----- bare term -----
     Cl   1       -0.027018       -0.006393       -0.004580
     Cl   1       -0.006393        0.148929        0.063979
     Cl   1       -0.004580        0.063979       -0.121911

     C    2       -0.480821        0.376656       -0.253725
     C    2        0.376656        0.119421       -0.347820
     C    2       -0.253725       -0.347820        0.361399

     C    3        0.097341       -0.056936       -0.216347
     C    3       -0.056936       -0.088103       -0.437984
     C    3       -0.216347       -0.437984       -0.009238

     H    4       -0.014117        0.150051       -0.497695
     H    4        0.150051        0.101996        0.200863
     H    4       -0.497695        0.200863       -0.087879

     C    5       -0.472845        0.339266        0.022384
     C    5        0.339266        0.188703       -0.239062
     C    5        0.022384       -0.239062        0.284142

     H    6        0.550282        0.001598       -0.039934
     H    6        0.001598       -0.036519       -0.210500
     H    6       -0.039934       -0.210500       -0.513763

     H    7        0.323737        0.337082       -0.147412
     H    7        0.337082       -0.495823        0.478184
     H    7       -0.147412        0.478184        0.172087

     C    8        0.037016       -0.219998        0.035344
     C    8       -0.219998       -0.247230        0.376278
     C    8        0.035344        0.376278        0.210214

     H    9       -0.386650        0.543324       -0.308425
     H    9        0.543324        0.045610        0.173018
     H    9       -0.308425        0.173018        0.341040

     C   10       -0.544260       -0.370915       -0.324385
     C   10       -0.370915        0.258281        0.129863
     C   10       -0.324385        0.129863        0.285979

     C   11        0.081274       -0.202892       -0.085303
     C   11       -0.202892       -0.049526        0.583116
     C   11       -0.085303        0.583116       -0.031748

     Cl  12       -0.205675       -0.186553       -0.011407
     Cl  12       -0.186553        0.166469       -0.029886
     Cl  12       -0.011407       -0.029886        0.039205

     H   13        0.418050        0.065869       -0.100834
     H   13        0.065869       -0.703775        0.132534
     H   13       -0.100834        0.132534        0.285725

     C   14       -0.204336       -0.090104       -0.252318
     C   14       -0.090104       -0.033861       -0.396449
     C   14       -0.252318       -0.396449        0.238197

     H   15       -0.299938       -0.515902       -0.028779
     H   15       -0.515902        0.012317        0.154164
     H   15       -0.028779        0.154164        0.287621

     C   16       -0.475758        0.283374       -0.004624
     C   16        0.283374        0.093731       -0.267986
     C   16       -0.004624       -0.267986        0.382028

     C   17       -0.035157       -0.269369       -0.355207
     C   17       -0.269369       -0.007783       -0.691631
     C   17       -0.355207       -0.691631        0.042940

     Cl  18       -0.234060        0.236334       -0.052725
     Cl  18        0.236334        0.051542        0.033379
     Cl  18       -0.052725        0.033379        0.182519

     H   19        0.439391        0.035465       -0.068202
     H   19        0.035465       -0.579155        0.662016
     H   19       -0.068202        0.662016        0.139764

     C   20       -0.933395       -0.394619       -0.421426
     C   20       -0.394619        0.523149        0.039622
     C   20       -0.421426        0.039622        0.410245

     H   21       -0.486345        0.010962       -0.324426
     H   21        0.010962        0.239828        0.366738
     H   21       -0.324426        0.366738        0.246516

     C   22        0.121300       -0.213116       -0.078599
     C   22       -0.213116       -0.314440        0.528682
     C   22       -0.078599        0.528682        0.193139

     C   23       -0.651969       -0.412602       -0.413459
     C   23       -0.412602        0.222082        0.048390
     C   23       -0.413459        0.048390        0.429887

     Cl  24       -0.041464       -0.065119        0.057817
     Cl  24       -0.065119        0.070043       -0.133128
     Cl  24        0.057817       -0.133128       -0.028578

     ----- ionic term -----
     Cl   1        0.133005       -0.215507       -0.038121
     Cl   1       -0.215507       -0.005722        0.028927
     Cl   1       -0.038121        0.028927       -0.127283

     C    2        0.239858       -0.131765        0.225805
     C    2       -0.131765        0.048022        0.455586
     C    2        0.225805        0.455586       -0.287880

     C    3        0.137598       -0.259485        0.221703
     C    3       -0.259485        0.124478        0.373869
     C    3        0.221703        0.373869       -0.262077

     H    4        0.582584        0.194270        0.717061
     H    4        0.194270       -0.470909        0.194287
     H    4        0.717061        0.194287       -0.111675

     C    5        0.227575       -0.242876        0.270529
     C    5       -0.242876        0.061273        0.302033
     C    5        0.270529        0.302033       -0.288848

     H    6       -0.541301       -0.038374       -0.003491
     H    6       -0.038374        0.559939        0.765307
     H    6       -0.003491        0.765307       -0.018639

     H    7       -0.521622       -0.087895        0.055853
     H    7       -0.087895        0.509465       -0.768585
     H    7        0.055853       -0.768585        0.012158

     C    8        0.297283        0.161181        0.220733
     C    8        0.161181        0.051038       -0.317926
     C    8        0.220733       -0.317926       -0.348321

     H    9        0.641835       -0.247272        0.674365
     H    9       -0.247272       -0.466162       -0.217548
     H    9        0.674365       -0.217548       -0.175673

     C   10        0.113519        0.220800        0.177435
     C   10        0.220800        0.223763       -0.418692
     C   10        0.177435       -0.418692       -0.337282

     C   11        0.148438        0.153710        0.234604
     C   11        0.153710        0.209827       -0.405503
     C   11        0.234604       -0.405503       -0.358266

     Cl  12        0.084433        0.199162        0.008053
     Cl  12        0.199162        0.070790        0.000610
     Cl  12        0.008053        0.000610       -0.155223

     H   13       -0.471365       -0.029447       -0.012396
     H   13       -0.029447        0.781322        0.617175
     H   13       -0.012396        0.617175       -0.309958

     C   14        0.384364       -0.227515        0.256189
     C   14       -0.227515        0.059423        0.275635
     C   14        0.256189        0.275635       -0.443787

     H   15        0.807425        0.284608        0.567320
     H   15        0.284608       -0.431236        0.183596
     H   15        0.567320        0.183596       -0.376189

     C   16        0.247350       -0.230484        0.206349
     C   16       -0.230484        0.179980        0.337699
     C   16        0.206349        0.337699       -0.427330

     C   17        0.141572       -0.159238        0.350326
     C   17       -0.159238        0.182417        0.345253
     C   17        0.350326        0.345253       -0.323989

     Cl  18        0.112344       -0.197432        0.051657
     Cl  18       -0.197432        0.054000       -0.023594
     Cl  18        0.051657       -0.023594       -0.166344

     H   19       -0.507681       -0.065517        0.049381
     H   19       -0.065517        0.696754       -0.681452
     H   19        0.049381       -0.681452       -0.189073

     C   20        0.299785        0.197350        0.192416
     C   20        0.197350        0.089881       -0.301316
     C   20        0.192416       -0.301316       -0.389666

     H   21        0.642652       -0.417708        0.573762
     H   21       -0.417708       -0.325956       -0.266841
     H   21        0.573762       -0.266841       -0.316696

     C   22        0.186735        0.193514        0.143945
     C   22        0.193514        0.190767       -0.374648
     C   22        0.143945       -0.374648       -0.377502

     C   23        0.332060        0.139332        0.246782
     C   23        0.139332        0.047991       -0.347505
     C   23        0.246782       -0.347505       -0.380052

     Cl  24        0.186852        0.218938        0.002621
     Cl  24        0.218938       -0.028946       -0.008470
     Cl  24        0.002621       -0.008470       -0.157906

     ----- GIPAW term -----
     Cl   1        0.144735       -1.854362       -0.058617
     Cl   1       -1.854362        2.389859        0.743320
     Cl   1       -0.058617        0.743320       -2.534594

     C    2       -0.140153       -0.029300       -0.017808
     C    2       -0.029300        0.179291       -0.179652
     C    2       -0.017808       -0.179652       -0.039138

     C    3       -0.056973       -0.061440       -0.001908
     C    3       -0.061440        0.071507       -0.124750
     C    3       -0.001908       -0.124750       -0.014535

     H    4       -0.000000        0.000000        0.000000
     H    4        0.000000        0.000000        0.000000
     H    4        0.000000        0.000000        0.000000

     C    5       -0.103948       -0.057261        0.076299
     C    5       -0.057261        0.113179       -0.125536
     C    5        0.076299       -0.125536       -0.009231

     H    6       -0.000000        0.000000        0.000000
     H    6        0.000000        0.000000        0.000000
     H    6        0.000000        0.000000        0.000000

     H    7       -0.000000        0.000000        0.000000
     H    7        0.000000        0.000000        0.000000
     H    7        0.000000        0.000000        0.000000

     C    8       -0.037466       -0.111158        0.053252
     C    8       -0.111158        0.117830       -0.010479
     C    8        0.053252       -0.010479       -0.080364

     H    9       -0.000000        0.000000        0.000000
     H    9        0.000000        0.000000        0.000000
     H    9        0.000000        0.000000        0.000000

     C   10       -0.115275       -0.187084       -0.060058
     C   10       -0.187084        0.209144       -0.007706
     C   10       -0.060058       -0.007706       -0.093869

     C   11       -0.018642       -0.086293        0.011228
     C   11       -0.086293        0.217034        0.020664
     C   11        0.011228        0.020664       -0.198392

     Cl  12        0.094723        1.353376       -0.122858
     Cl  12        1.353376        1.593213       -0.321231
     Cl  12       -0.122858       -0.321231       -1.687936

     H   13       -0.000000        0.000000        0.000000
     H   13        0.000000        0.000000        0.000000
     H   13        0.000000        0.000000        0.000000

     C   14       -0.095787       -0.030676       -0.009532
     C   14       -0.030676        0.076081       -0.199205
     C   14       -0.009532       -0.199205        0.019706

     H   15       -0.000000        0.000000        0.000000
     H   15        0.000000        0.000000        0.000000
     H   15        0.000000        0.000000        0.000000

     C   16       -0.154498       -0.005270        0.019038
     C   16       -0.005270        0.155731       -0.137597
     C   16        0.019038       -0.137597       -0.001233

     C   17       -0.044910       -0.149879       -0.014677
     C   17       -0.149879        0.128463       -0.181747
     C   17       -0.014677       -0.181747       -0.083554

     Cl  18        0.501709       -2.191032       -0.544365
     Cl  18       -2.191032        0.818729        0.496927
     Cl  18       -0.544365        0.496927       -1.320438

     H   19       -0.000000        0.000000        0.000000
     H   19        0.000000        0.000000        0.000000
     H   19        0.000000        0.000000        0.000000

     C   20       -0.240226       -0.057624       -0.036811
     C   20       -0.057624        0.303441       -0.106487
     C   20       -0.036811       -0.106487       -0.063215

     H   21       -0.000000        0.000000        0.000000
     H   21        0.000000        0.000000        0.000000
     H   21        0.000000        0.000000        0.000000

     C   22       -0.104655       -0.040251        0.026014
     C   22       -0.040251        0.171367       -0.127841
     C   22        0.026014       -0.127841       -0.066712

     C   23       -0.059584       -0.095051        0.013421
     C   23       -0.095051        0.094615       -0.088885
     C   23        0.013421       -0.088885       -0.035031

     Cl  24        0.117877        0.852124        0.612503
     Cl  24        0.852124        1.405765       -1.820566
     Cl  24        0.612503       -1.820566       -1.523642

     ----- total EFG -----
     Cl   1        0.250721       -2.076261       -0.101319
     Cl   1       -2.076261        2.533066        0.836226
     Cl   1       -0.101319        0.836226       -2.783787

     C    2       -0.381116        0.215591       -0.045728
     C    2        0.215591        0.346735       -0.071886
     C    2       -0.045728       -0.071886        0.034381

     C    3        0.177967       -0.377860        0.003447
     C    3       -0.377860        0.107883       -0.188865
     C    3        0.003447       -0.188865       -0.285850

     H    4        0.568467        0.344321        0.219366
     H    4        0.344321       -0.368913        0.395150
     H    4        0.219366        0.395150       -0.199554

     C    5       -0.349218        0.039129        0.369212
     C    5        0.039129        0.363155       -0.062565
     C    5        0.369212       -0.062565       -0.013936

     H    6        0.008982       -0.036776       -0.043425
     H    6       -0.036776        0.523421        0.554807
     H    6       -0.043425        0.554807       -0.532402

     H    7       -0.197886        0.249188       -0.091559
     H    7        0.249188        0.013642       -0.290401
     H    7       -0.091559       -0.290401        0.184244

     C    8        0.296833       -0.169975        0.309329
     C    8       -0.169975       -0.078363        0.047873
     C    8        0.309329        0.047873       -0.218470

     H    9        0.255185        0.296052        0.365940
     H    9        0.296052       -0.420552       -0.044530
     H    9        0.365940       -0.044530        0.165367

     C   10       -0.546015       -0.337199       -0.207008
     C   10       -0.337199        0.691188       -0.296535
     C   10       -0.207008       -0.296535       -0.145173

     C   11        0.211069       -0.135475        0.160528
     C   11       -0.135475        0.377336        0.198277
     C   11        0.160528        0.198277       -0.588405

     Cl  12       -0.026519        1.365985       -0.126212
     Cl  12        1.365985        1.830472       -0.350507
     Cl  12       -0.126212       -0.350507       -1.803954

     H   13       -0.053315        0.036422       -0.113230
     H   13        0.036422        0.077547        0.749708
     H   13       -0.113230        0.749708       -0.024232

     C   14        0.084241       -0.348294       -0.005661
     C   14       -0.348294        0.101644       -0.320020
     C   14       -0.005661       -0.320020       -0.185885

     H   15        0.507487       -0.231294        0.538541
     H   15       -0.231294       -0.418920        0.337760
     H   15        0.538541        0.337760       -0.088568

     C   16       -0.382906        0.047620        0.220764
     C   16        0.047620        0.429442       -0.067884
     C   16        0.220764       -0.067884       -0.046535

     C   17        0.061505       -0.578486       -0.019558
     C   17       -0.578486        0.303097       -0.528125
     C   17       -0.019558       -0.528125       -0.364602

     Cl  18        0.379993       -2.152130       -0.545433
     Cl  18       -2.152130        0.924271        0.506712
     Cl  18       -0.545433        0.506712       -1.304264

     H   19       -0.068290       -0.030052       -0.018822
     H   19       -0.030052        0.117598       -0.019436
     H   19       -0.018822       -0.019436       -0.049309

     C   20       -0.873836       -0.254893       -0.265820
     C   20       -0.254893        0.916471       -0.368181
     C   20       -0.265820       -0.368181       -0.042635

     H   21        0.156308       -0.406746        0.249335
     H   21       -0.406746       -0.086128        0.099897
     H   21        0.249335        0.099897       -0.070180

     C   22        0.203380       -0.059853        0.091360
     C   22       -0.059853        0.047694        0.026193
     C   22        0.091360        0.026193       -0.251075

     C   23       -0.379493       -0.368321       -0.153256
     C   23       -0.368321        0.364688       -0.388000
     C   23       -0.153256       -0.388000        0.014805

     Cl  24        0.263264        1.005943        0.672941
     Cl  24        1.005943        1.446862       -1.962164
     Cl  24        0.672941       -1.962164       -1.710126

     ----- total EFG (symmetrized) -----
     Cl   1        0.250721       -2.076261       -0.101319
     Cl   1       -2.076261        2.533066        0.836226
     Cl   1       -0.101319        0.836226       -2.783787

     C    2       -0.381116        0.215591       -0.045728
     C    2        0.215591        0.346735       -0.071886
     C    2       -0.045728       -0.071886        0.034381

     C    3        0.177967       -0.377860        0.003447
     C    3       -0.377860        0.107883       -0.188865
     C    3        0.003447       -0.188865       -0.285850

     H    4        0.568467        0.344321        0.219366
     H    4        0.344321       -0.368913        0.395150
     H    4        0.219366        0.395150       -0.199554

     C    5       -0.349218        0.039129        0.369212
     C    5        0.039129        0.363155       -0.062565
     C    5        0.369212       -0.062565       -0.013936

     H    6        0.008982       -0.036776       -0.043425
     H    6       -0.036776        0.523421        0.554807
     H    6       -0.043425        0.554807       -0.532402

     H    7       -0.197886        0.249188       -0.091559
     H    7        0.249188        0.013642       -0.290401
     H    7       -0.091559       -0.290401        0.184244

     C    8        0.296833       -0.169975        0.309329
     C    8       -0.169975       -0.078363        0.047873
     C    8        0.309329        0.047873       -0.218470

     H    9        0.255185        0.296052        0.365940
     H    9        0.296052       -0.420552       -0.044530
     H    9        0.365940       -0.044530        0.165367

     C   10       -0.546015       -0.337199       -0.207008
     C   10       -0.337199        0.691188       -0.296535
     C   10       -0.207008       -0.296535       -0.145173

     C   11        0.211069       -0.135475        0.160528
     C   11       -0.135475        0.377336        0.198277
     C   11        0.160528        0.198277       -0.588405

     Cl  12       -0.026519        1.365985       -0.126212
     Cl  12        1.365985        1.830472       -0.350507
     Cl  12       -0.126212       -0.350507       -1.803954

     H   13       -0.053315        0.036422       -0.113230
     H   13        0.036422        0.077547        0.749708
     H   13       -0.113230        0.749708       -0.024232

     C   14        0.084241       -0.348294       -0.005661
     C   14       -0.348294        0.101644       -0.320020
     C   14       -0.005661       -0.320020       -0.185885

     H   15        0.507487       -0.231294        0.538541
     H   15       -0.231294       -0.418920        0.337760
     H   15        0.538541        0.337760       -0.088568

     C   16       -0.382906        0.047620        0.220764
     C   16        0.047620        0.429442       -0.067884
     C   16        0.220764       -0.067884       -0.046535

     C   17        0.061505       -0.578486       -0.019558
     C   17       -0.578486        0.303097       -0.528125
     C   17       -0.019558       -0.528125       -0.364602

     Cl  18        0.379993       -2.152130       -0.545433
     Cl  18       -2.152130        0.924271        0.506712
     Cl  18       -0.545433        0.506712       -1.304264

     H   19       -0.068290       -0.030052       -0.018822
     H   19       -0.030052        0.117598       -0.019436
     H   19       -0.018822       -0.019436       -0.049309

     C   20       -0.873836       -0.254893       -0.265820
     C   20       -0.254893        0.916471       -0.368181
     C   20       -0.265820       -0.368181       -0.042635

     H   21        0.156308       -0.406746        0.249335
     H   21       -0.406746       -0.086128        0.099897
     H   21        0.249335        0.099897       -0.070180

     C   22        0.203380       -0.059853        0.091360
     C   22       -0.059853        0.047694        0.026193
     C   22        0.091360        0.026193       -0.251075

     C   23       -0.379493       -0.368321       -0.153256
     C   23       -0.368321        0.364688       -0.388000
     C   23       -0.153256       -0.388000        0.014805

     Cl  24        0.263264        1.005943        0.672941
     Cl  24        1.005943        1.446862       -1.962164
     Cl  24        0.672941       -1.962164       -1.710126


     NQR/NMR SPECTROSCOPIC PARAMETERS:
     Cl   1    Vxx=   -0.9198    axis=(  0.862274  0.477929  0.167537)
     Cl   1    Vyy=   -2.9313    axis=( -0.088535 -0.183463  0.979032)
     Cl   1    Vzz=    3.8511    axis=(  0.498644 -0.859026 -0.115882)
     Cl   1  Q=        -8.1650 1e-30 m^2  Cq=       -73.8813 MHz  eta= 0.52234

     C    2    Vxx=    0.0186    axis=(  0.002720  0.212313  0.977198)
     C    2    Vyy=    0.4229    axis=(  0.264355  0.942285 -0.205464)
     C    2    Vzz=   -0.4415    axis=( -0.964422  0.258886 -0.053563)
     C    2  Q=         1.0000 1e-30 m^2  Cq=        -1.0374 MHz  eta= 0.91559

     C    3    Vxx=   -0.1318    axis=(  0.619970  0.502727 -0.602414)
     C    3    Vyy=   -0.4115    axis=(  0.332981  0.526628  0.782168)
     C    3    Vzz=    0.5433    axis=(  0.710465 -0.685513  0.159095)
     C    3  Q=         1.0000 1e-30 m^2  Cq=         1.2766 MHz  eta= 0.51490

     H    4    Vxx=   -0.0962    axis=( -0.484762  0.463112  0.741979)
     H    4    Vyy=   -0.7038    axis=( -0.118074  0.805904 -0.580153)
     H    4    Vzz=    0.8001    axis=(  0.866639  0.368845  0.335990)
     H    4  Q=         1.0000 1e-30 m^2  Cq=         1.8798 MHz  eta= 0.75942

     C    5    Vxx=    0.2174    axis=(  0.544361  0.203202  0.813868)
     C    5    Vyy=    0.3743    axis=( -0.053389  0.976642 -0.208134)
     C    5    Vzz=   -0.5917    axis=( -0.837151  0.069848  0.542494)
     C    5  Q=         1.0000 1e-30 m^2  Cq=        -1.3904 MHz  eta= 0.26524

     H    6    Vxx=    0.0064    axis=(  0.997202  0.074668 -0.003485)
     H    6    Vyy=    0.7648    axis=(  0.067250 -0.916536 -0.394257)
     H    6    Vzz=   -0.7712    axis=( -0.032632  0.392920 -0.918994)
     H    6  Q=         1.0000 1e-30 m^2  Cq=        -1.8119 MHz  eta= 0.98345

     H    7    Vxx=   -0.0984    axis=( -0.569447 -0.474082 -0.671547)
     H    7    Vyy=   -0.3800    axis=( -0.754960  0.624822  0.199082)
     H    7    Vzz=    0.4784    axis=(  0.325216  0.620358 -0.713716)
     H    7  Q=         1.0000 1e-30 m^2  Cq=         1.1240 MHz  eta= 0.58859

     C    8    Vxx=   -0.0682    axis=( -0.064507 -0.904749 -0.421032)
     C    8    Vyy=   -0.4068    axis=(  0.446620  0.351122 -0.822948)
     C    8    Vzz=    0.4750    axis=(  0.892395 -0.241127  0.381429)
     C    8  Q=         1.0000 1e-30 m^2  Cq=         1.1160 MHz  eta= 0.71281

     H    9    Vxx=   -0.0390    axis=( -0.475523 -0.456748  0.751837)
     H    9    Vyy=   -0.5780    axis=( -0.422687  0.868158  0.260072)
     H    9    Vzz=    0.6171    axis=( -0.771501 -0.194122 -0.605891)
     H    9  Q=         1.0000 1e-30 m^2  Cq=         1.4499 MHz  eta= 0.87350

     C   10    Vxx=   -0.0758    axis=(  0.474952 -0.127819 -0.870679)
     C   10    Vyy=   -0.7613    axis=( -0.858191 -0.286233 -0.426120)
     C   10    Vzz=    0.8371    axis=( -0.194751  0.949596 -0.245640)
     C   10  Q=         1.0000 1e-30 m^2  Cq=         1.9667 MHz  eta= 0.81893

     C   11    Vxx=    0.2031    axis=(  0.885015  0.376528  0.273817)
     C   11    Vyy=    0.4633    axis=(  0.416988 -0.902648 -0.106526)
     C   11    Vzz=   -0.6664    axis=( -0.207050 -0.208455  0.955864)
     C   11  Q=         1.0000 1e-30 m^2  Cq=        -1.5658 MHz  eta= 0.39048

     Cl  12    Vxx=   -0.7472    axis=(  0.885261 -0.462639  0.047719)
     Cl  12    Vyy=   -1.8375    axis=(  0.003303 -0.096345 -0.995343)
     Cl  12    Vzz=    2.5847    axis=(  0.465082  0.881296 -0.083762)
     Cl  12  Q=        -8.1650 1e-30 m^2  Cq=       -49.5852 MHz  eta= 0.42183

     H   13    Vxx=   -0.0396    axis=( -0.986046 -0.150385  0.071395)
     H   13    Vyy=   -0.7416    axis=(  0.154815 -0.670729  0.725365)
     H   13    Vzz=    0.7812    axis=(  0.061198 -0.726297 -0.684652)
     H   13  Q=         1.0000 1e-30 m^2  Cq=         1.8355 MHz  eta= 0.89872

     C   14    Vxx=   -0.0447    axis=(  0.710563  0.273517 -0.648297)
     C   14    Vyy=   -0.4759    axis=(  0.389202  0.614795  0.685966)
     C   14    Vzz=    0.5206    axis=(  0.586193 -0.739740  0.330397)
     C   14  Q=         1.0000 1e-30 m^2  Cq=         1.2231 MHz  eta= 0.82841

     H   15    Vxx=   -0.0045    axis=(  0.341837 -0.700916 -0.625990)
     H   15    Vyy=   -0.8212    axis=( -0.366467 -0.712806  0.598005)
     H   15    Vzz=    0.8257    axis=( -0.865361  0.024984 -0.500526)
     H   15  Q=         1.0000 1e-30 m^2  Cq=         1.9400 MHz  eta= 0.98919

     C   16    Vxx=    0.0587    axis=(  0.453693  0.103780  0.885095)
     C   16    Vyy=    0.4393    axis=( -0.023039 -0.991498  0.128066)
     C   16    Vzz=   -0.4980    axis=(  0.890860 -0.078494 -0.447445)
     C   16  Q=         1.0000 1e-30 m^2  Cq=        -1.1701 MHz  eta= 0.76438

     C   17    Vxx=   -0.1205    axis=( -0.747253 -0.255824  0.613325)
     C   17    Vyy=   -0.7867    axis=( -0.400607 -0.562963 -0.722902)
     C   17    Vzz=    0.9072    axis=(  0.530215 -0.785892  0.318191)
     C   17  Q=         1.0000 1e-30 m^2  Cq=         2.1316 MHz  eta= 0.73438

     Cl  18    Vxx=   -1.3910    axis=( -0.276520 -0.443607  0.852496)
     Cl  18    Vyy=   -1.5594    axis=( -0.704524 -0.509740 -0.493773)
     Cl  18    Vzz=    2.9504    axis=(  0.653592 -0.737142 -0.171578)
     Cl  18  Q=        -8.1650 1e-30 m^2  Cq=       -56.6023 MHz  eta= 0.05707

     H   19    Vxx=   -0.0377    axis=(  0.527376 -0.004279 -0.849621)
     H   19    Vyy=   -0.0862    axis=( -0.837213 -0.172967 -0.518803)
     H   19    Vzz=    0.1239    axis=( -0.144736  0.984918 -0.094802)
     H   19  Q=         1.0000 1e-30 m^2  Cq=         0.2911 MHz  eta= 0.39099

     C   20    Vxx=   -0.0380    axis=( -0.361814  0.249840  0.898148)
     C   20    Vyy=   -1.0168    axis=(  0.928412  0.183896  0.322851)
     C   20    Vzz=    1.0547    axis=(  0.084505 -0.950664  0.298491)
     C   20  Q=         1.0000 1e-30 m^2  Cq=         2.4782 MHz  eta= 0.92800

     H   21    Vxx=    0.0153    axis=(  0.071630  0.539212  0.839118)
     H   21    Vyy=    0.4981    axis=( -0.812037  0.520043 -0.264858)
     H   21    Vzz=   -0.5134    axis=( -0.579193 -0.662423  0.475112)
     H   21  Q=         1.0000 1e-30 m^2  Cq=        -1.2063 MHz  eta= 0.94041

     C   22    Vxx=    0.0365    axis=( -0.250870 -0.953587 -0.166542)
     C   22    Vyy=    0.2366    axis=(  0.946890 -0.277486  0.162485)
     C   22    Vzz=   -0.2731    axis=( -0.201156 -0.116934  0.972555)
     C   22  Q=         1.0000 1e-30 m^2  Cq=        -0.6417 MHz  eta= 0.73255

     C   23    Vxx=   -0.0016    axis=(  0.567831 -0.257288 -0.781902)
     C   23    Vyy=   -0.6688    axis=(  0.788793  0.441629  0.427516)
     C   23    Vzz=    0.6703    axis=(  0.235316 -0.859515  0.453717)
     C   23  Q=         1.0000 1e-30 m^2  Cq=         1.5750 MHz  eta= 0.99531

     Cl  24    Vxx=    0.4227    axis=( -0.907800  0.124121 -0.400616)
     Cl  24    Vyy=    2.5679    axis=(  0.281659  0.888175 -0.363062)
     Cl  24    Vzz=   -2.9906    axis=( -0.310753  0.442424  0.841245)
     Cl  24  Q=        -8.1650 1e-30 m^2  Cq=        57.3740 MHz  eta= 0.71732

     Initialization:
     gipaw_setup  :      9.81s CPU     12.04s WALL (       1 calls)

     Linear response

     Apply operators

     Induced current

     Other routines
     efg          :     10.23s CPU     17.86s WALL (       1 calls)

     General routines
     calbec       :      3.38s CPU      4.47s WALL (      16 calls)
     fft          :      1.80s CPU      2.90s WALL (      15 calls)
     ffts         :      0.04s CPU      0.05s WALL (       2 calls)
     fftw         :      4.07s CPU      6.58s WALL (     672 calls)
     davcio       :      0.04s CPU      3.71s WALL (      32 calls)

     Parallel routines
     fft_scatter  :      3.16s CPU      6.65s WALL (     689 calls)

     Plugins

     GIPAW        :     63.26s CPU     83.65s WALL (       1 calls)
