
     Program QE v.6.0 (svn rev. 13079) starts on 21Jan2017 at 15: 5:38 

     This program is part of the open-source Quantum ESPRESSO suite
     for quantum simulation of materials; please cite
         "P. Giannozzi et al., J. Phys.:Condens. Matter 21 395502 (2009);
          URL http://www.quantum-espresso.org", 
     in publications or presentations arising from this work. More details at
     http://www.quantum-espresso.org/quote

     Parallel version (MPI), running on     8 processors
     R & G space division:  proc/nbgrp/npool/nimage =       8

     ***** This is GIPAW svn revision unknown      *****

     Parallelizing q-star over 1 images

     Reading data from directory:
     /users/majewski/paradichlorobenzene/pbe/9_constraint/scratch/pbe.ecut100.np8.dt60.pcl2phi-129368.save
     Message from routine read_xml_file:
     file /users/majewski/paradichlorobenzene/pbe/9_constraint/scratch/pbe.ecut100.np8.dt60.pcl2phi-129368.save not guaranteed to be safe for post-processing

   Info: using nr1, nr2, nr3 values from input

   Info: using nr1, nr2, nr3 values from input

     IMPORTANT: XC functional enforced from input :
     Exchange-correlation      =  SLA  PW   PBX  PBC ( 1  4  3  4 0 0)
     Any further DFT definition will be discarded
     Please, verify this is what you really want

               file C.pbe-n-kjpaw_psl.1.0.0.UPF: wavefunction(s)  2S 2P renormalized
               file Cl.pbe-n-kjpaw_psl.1.0.0.UPF: wavefunction(s)  3S 3P renormalized
               file H.pbe-kjpaw_psl.1.0.0.UPF: wavefunction(s)  1S renormalized

     Parallelization info
     --------------------
     sticks:   dense  smooth     PW     G-vecs:    dense   smooth      PW
     Min        3057    1223    332               144436    36536    5170
     Max        3059    1225    333               144437    36537    5171
     Sum       24467    9791   2657              1155489   292295   41363


     Subspace diagonalization in iterative solution of the eigenvalue problem:
     a serial algorithm will be used

     GIPAW projectors -----------------------------------------------
     atom=  C    l=0  rc=    1.2000  rs=    0.8000
     atom=  C    l=0  rc=    1.2000  rs=    0.8000
     atom=  C    l=1  rc=    1.4000  rs=    0.9333
     atom=  C    l=1  rc=    1.4000  rs=    0.9333
     projs nearly linearly dependent: l=1  n1,n2= 1, 2  s=  0.99951561

     atom=  Cl   l=0  rc=    1.6000  rs=    1.0667
     atom=  Cl   l=0  rc=    1.6000  rs=    1.0667
     atom=  Cl   l=1  rc=    1.6000  rs=    1.0667
     atom=  Cl   l=1  rc=    1.6000  rs=    1.0667
     atom=  Cl   l=2  rc=    1.6000  rs=    1.0667
     atom=  Cl   l=2  rc=    1.6000  rs=    1.0667
     projs nearly linearly dependent: l=2  n1,n2= 1, 2  s=  0.99993509

     atom=  H    l=0  rc=    1.0000  rs=    0.6667
     atom=  H    l=0  rc=    1.0000  rs=    0.6667
     projs nearly linearly dependent: l=0  n1,n2= 1, 2  s=  0.99968852
     -----------------------------------------------------------------

     GIPAW integrals: -------------------------------------------
     Atom  i/j   nmr_para   nmr_dia   epr_rmc  epr_para   epr_dia
       C   1 1   0.83E+03  0.17E-01  0.93E+01  0.24E+08  0.24E+03
       C   2 1   0.86E+03 -0.61E-01  0.94E+01  0.25E+08  0.25E+03
       C   2 2   0.90E+03 -0.15E+00  0.97E+01  0.26E+08  0.26E+03
       C   3 3   0.33E+01  0.34E+00  0.18E+01  0.55E+03  0.21E+02
       C   4 3   0.35E+01  0.37E+00  0.20E+01  0.59E+03  0.22E+02
       C   4 4   0.38E+01  0.39E+00  0.22E+01  0.63E+03  0.24E+02
       Cl  1 1   0.14E+04 -0.47E+00  0.84E+01  0.32E+09  0.42E+03
       Cl  2 1   0.21E+04 -0.37E+00  0.12E+02  0.49E+09  0.65E+03
       Cl  2 2   0.33E+04 -0.16E+00  0.21E+02  0.76E+09  0.10E+04
       Cl  3 3   0.21E+02  0.79E-01  0.89E+01  0.23E+05  0.13E+03
       Cl  4 3   0.24E+02  0.67E-01  0.99E+01  0.27E+05  0.15E+03
       Cl  4 4   0.28E+02  0.44E-01  0.11E+02  0.32E+05  0.18E+03
       Cl  5 5   0.77E+00  0.19E+00  0.18E+01  0.12E+03  0.22E+02
       Cl  6 5   0.80E+00  0.19E+00  0.19E+01  0.12E+03  0.23E+02
       Cl  6 6   0.83E+00  0.20E+00  0.19E+01  0.12E+03  0.23E+02
       H   1 1   0.39E+02  0.19E+00  0.29E+00  0.78E+05  0.13E+02
       H   2 1   0.41E+02  0.21E+00  0.32E+00  0.82E+05  0.14E+02
       H   2 2   0.43E+02  0.22E+00  0.36E+00  0.86E+05  0.15E+02
     ------------------------------------------------------------

     alpha_pv=     34.1797 eV

     Number of occupied bands for each k-point:
     k-point:     1    nbnd_occ=  42
     k-point:     2    nbnd_occ=  42
     k-point:     3    nbnd_occ=  42
     k-point:     4    nbnd_occ=  42
     k-point:     5    nbnd_occ=  42
     k-point:     6    nbnd_occ=  42
     k-point:     7    nbnd_occ=  42
     k-point:     8    nbnd_occ=  42
     k-point:     9    nbnd_occ=  42
     k-point:    10    nbnd_occ=  42
     k-point:    11    nbnd_occ=  42
     k-point:    12    nbnd_occ=  42
     k-point:    13    nbnd_occ=  42
     k-point:    14    nbnd_occ=  42
     k-point:    15    nbnd_occ=  42
     k-point:    16    nbnd_occ=  42


     q-space interpolation up to   110.00 Rydberg

     GIPAW job: efg                                                                             


     ELECTRIC FIELD GRADIENTS TENSORS IN Hartree/bohrradius^2:

     ----- bare term -----
     Cl   1       -0.038539        0.006397        0.044564
     Cl   1        0.006397        0.043989        0.127459
     Cl   1        0.044564        0.127459       -0.005449

     C    2       -0.683905        0.456301       -0.389961
     C    2        0.456301        0.162289       -0.082442
     C    2       -0.389961       -0.082442        0.521616

     C    3        0.302070        0.115078       -0.064076
     C    3        0.115078       -0.587320       -0.591505
     C    3       -0.064076       -0.591505        0.285251

     H    4       -0.524542       -0.100253        0.133087
     H    4       -0.100253        0.366370       -0.308156
     H    4        0.133087       -0.308156        0.158172

     C    5       -0.769089        0.377541       -0.421734
     C    5        0.377541        0.334146       -0.150205
     C    5       -0.421734       -0.150205        0.434943

     H    6        0.353977       -0.229691        0.114522
     H    6       -0.229691       -0.515500       -0.059746
     H    6        0.114522       -0.059746        0.161522

     H    7        0.320787       -0.182139        0.164932
     H    7       -0.182139       -0.355272        0.593424
     H    7        0.164932        0.593424        0.034485

     C    8       -0.172167       -0.011430       -0.282697
     C    8       -0.011430        0.044167        0.479388
     C    8       -0.282697        0.479388        0.128000

     H    9       -0.266766        0.387738       -0.384528
     H    9        0.387738       -0.033838        0.189454
     H    9       -0.384528        0.189454        0.300604

     C   10       -0.587454       -0.344273       -0.156750
     C   10       -0.344273        0.202812        0.359937
     C   10       -0.156750        0.359937        0.384641

     C   11       -0.101723        0.202224       -0.297061
     C   11        0.202224        0.002623        0.664315
     C   11       -0.297061        0.664315        0.099099

     Cl  12       -0.258184       -0.214607        0.091735
     Cl  12       -0.214607       -0.003759        0.166943
     Cl  12        0.091735        0.166943        0.261943

     H   13        0.325724       -0.253216        0.023095
     H   13       -0.253216       -0.614265       -0.032758
     H   13        0.023095       -0.032758        0.288541

     C   14        0.183005       -0.022141        0.027641
     C   14       -0.022141       -0.342612       -0.304334
     C   14        0.027641       -0.304334        0.159607

     H   15       -0.196327       -0.500683       -0.117174
     H   15       -0.500683       -0.177872       -0.006293
     H   15       -0.117174       -0.006293        0.374199

     C   16       -0.557439        0.235066       -0.264429
     C   16        0.235066        0.137123       -0.031347
     C   16       -0.264429       -0.031347        0.420316

     C   17        0.193554        0.060504       -0.136130
     C   17        0.060504       -0.319476       -0.579299
     C   17       -0.136130       -0.579299        0.125922

     Cl  18       -0.190976        0.148975       -0.045766
     Cl  18        0.148975        0.074440        0.060877
     Cl  18       -0.045766        0.060877        0.116536

     H   19        0.478466       -0.023023        0.001337
     H   19       -0.023023        0.124434        0.098721
     H   19        0.001337        0.098721       -0.602900

     C   20       -0.269253       -0.274174        0.074110
     C   20       -0.274174        0.157959       -0.088077
     C   20        0.074110       -0.088077        0.111294

     H   21        0.124836       -0.065765       -0.387383
     H   21       -0.065765        0.119024       -0.243330
     H   21       -0.387383       -0.243330       -0.243860

     C   22        0.325888       -0.032451       -0.114358
     C   22       -0.032451       -0.159402        0.184809
     C   22       -0.114358        0.184809       -0.166486

     C   23       -0.561602       -0.402676       -0.305970
     C   23       -0.402676        0.230982        0.275407
     C   23       -0.305970        0.275407        0.330620

     Cl  24        0.040078       -0.059009       -0.040991
     Cl  24       -0.059009        0.005096        0.004934
     Cl  24       -0.040991        0.004934       -0.045173

     ----- ionic term -----
     Cl   1        0.207137       -0.215864        0.006658
     Cl   1       -0.215864       -0.038715        0.004926
     Cl   1        0.006658        0.004926       -0.168422

     C    2        0.332093       -0.091130        0.215773
     C    2       -0.091130        0.166610        0.328819
     C    2        0.215773        0.328819       -0.498703

     C    3        0.187363       -0.190150        0.143534
     C    3       -0.190150        0.334496        0.313890
     C    3        0.143534        0.313890       -0.521859

     H    4        0.748255        0.494064        0.427028
     H    4        0.494064       -0.245990        0.214275
     H    4        0.427028        0.214275       -0.502266

     C    5        0.346613       -0.142169        0.212441
     C    5       -0.142169        0.199232        0.218593
     C    5        0.212441        0.218593       -0.545846

     H    6       -0.478641        0.205221        0.078088
     H    6        0.205221        0.938272        0.429103
     H    6        0.078088        0.429103       -0.459631

     H    7       -0.513661        0.088436       -0.055469
     H    7        0.088436        0.397903       -0.795195
     H    7       -0.055469       -0.795195        0.115758

     C    8        0.241622        0.277313        0.203236
     C    8        0.277313       -0.032693       -0.326751
     C    8        0.203236       -0.326751       -0.208928

     H    9        0.625268       -0.242194        0.688389
     H    9       -0.242194       -0.489036       -0.219298
     H    9        0.688389       -0.219298       -0.136232

     C   10        0.164444        0.258759        0.167729
     C   10        0.258759        0.076374       -0.399672
     C   10        0.167729       -0.399672       -0.240818

     C   11        0.142241        0.247891        0.292209
     C   11        0.247891        0.044135       -0.368496
     C   11        0.292209       -0.368496       -0.186375

     Cl  12        0.107897        0.201046        0.010064
     Cl  12        0.201046        0.046497       -0.009989
     Cl  12        0.010064       -0.009989       -0.154394

     H   13       -0.514642        0.156169        0.042300
     H   13        0.156169        0.874190        0.504366
     H   13        0.042300        0.504366       -0.359548

     C   14        0.301418       -0.095578        0.202375
     C   14       -0.095578        0.177141        0.253101
     C   14        0.202375        0.253101       -0.478559

     H   15        0.733589        0.410904        0.530304
     H   15        0.410904       -0.351717        0.211470
     H   15        0.530304        0.211470       -0.381872

     C   16        0.139213       -0.104250        0.169212
     C   16       -0.104250        0.335330        0.353971
     C   16        0.169212        0.353971       -0.474543

     C   17        0.172323       -0.021360        0.207574
     C   17       -0.021360        0.315899        0.372850
     C   17        0.207574        0.372850       -0.488222

     Cl  18        0.074334       -0.163652       -0.011309
     Cl  18       -0.163652        0.069150        0.006199
     Cl  18       -0.011309        0.006199       -0.143484

     H   19       -0.536809       -0.011986        0.034597
     H   19       -0.011986        0.432710       -0.802986
     H   19        0.034597       -0.802986        0.104099

     C   20        0.216696        0.297588        0.256606
     C   20        0.297588       -0.014616       -0.304963
     C   20        0.256606       -0.304963       -0.202080

     H   21        0.454288       -0.170643        0.780029
     H   21       -0.170643       -0.484315       -0.216969
     H   21        0.780029       -0.216969        0.030027

     C   22        0.070123        0.316765        0.181371
     C   22        0.316765        0.076097       -0.440697
     C   22        0.181371       -0.440697       -0.146220

     C   23        0.105420        0.261151        0.243772
     C   23        0.261151        0.035310       -0.451125
     C   23        0.243772       -0.451125       -0.140730

     Cl  24        0.112808        0.238863       -0.005063
     Cl  24        0.238863        0.028850       -0.014306
     Cl  24       -0.005063       -0.014306       -0.141658

     ----- GIPAW term -----
     Cl   1       -0.134585       -1.570490        0.230724
     Cl   1       -1.570490        1.261977        2.011696
     Cl   1        0.230724        2.011696       -1.127392

     C    2       -0.055011        0.062681        0.003865
     C    2        0.062681        0.056284        0.057808
     C    2        0.003865        0.057808       -0.001273

     C    3       -0.043235       -0.004381        0.014746
     C    3       -0.004381        0.030200        0.118636
     C    3        0.014746        0.118636        0.013035

     H    4       -0.000000        0.000000        0.000000
     H    4        0.000000        0.000000        0.000000
     H    4        0.000000        0.000000        0.000000

     C    5       -0.087077        0.012555       -0.034110
     C    5        0.012555        0.052705        0.059810
     C    5       -0.034110        0.059810        0.034372

     H    6       -0.000000        0.000000        0.000000
     H    6        0.000000        0.000000        0.000000
     H    6        0.000000        0.000000        0.000000

     H    7       -0.000000        0.000000        0.000000
     H    7        0.000000        0.000000        0.000000
     H    7        0.000000        0.000000        0.000000

     C    8       -0.112524        0.024665       -0.034867
     C    8        0.024665        0.242322        0.070037
     C    8       -0.034867        0.070037       -0.129799

     H    9       -0.000000        0.000000        0.000000
     H    9        0.000000        0.000000        0.000000
     H    9        0.000000        0.000000        0.000000

     C   10       -0.217337       -0.000774       -0.014360
     C   10       -0.000774        0.260326        0.129987
     C   10       -0.014360        0.129987       -0.042989

     C   11       -0.069169        0.108875       -0.023192
     C   11        0.108875        0.092689        0.217784
     C   11       -0.023192        0.217784       -0.023520

     Cl  12       -0.433568        1.603732        0.901355
     Cl  12        1.603732        0.059508        1.842743
     Cl  12        0.901355        1.842743        0.374061

     H   13       -0.000000        0.000000        0.000000
     H   13        0.000000        0.000000        0.000000
     H   13        0.000000        0.000000        0.000000

     C   14       -0.007828        0.007209        0.038118
     C   14        0.007209        0.061979        0.025252
     C   14        0.038118        0.025252       -0.054151

     H   15       -0.000000        0.000000        0.000000
     H   15        0.000000        0.000000        0.000000
     H   15        0.000000        0.000000        0.000000

     C   16       -0.095338        0.073261       -0.034326
     C   16        0.073261        0.127338        0.020571
     C   16       -0.034326        0.020571       -0.032000

     C   17       -0.050249       -0.003299        0.023519
     C   17       -0.003299        0.140137        0.114405
     C   17        0.023519        0.114405       -0.089888

     Cl  18        0.383498       -1.935804       -0.398891
     Cl  18       -1.935804        0.812804        0.578873
     Cl  18       -0.398891        0.578873       -1.196302

     H   19       -0.000000        0.000000        0.000000
     H   19        0.000000        0.000000        0.000000
     H   19        0.000000        0.000000        0.000000

     C   20       -0.017914        0.017767        0.034241
     C   20        0.017767        0.033941       -0.006635
     C   20        0.034241       -0.006635       -0.016027

     H   21       -0.000000        0.000000        0.000000
     H   21        0.000000        0.000000        0.000000
     H   21        0.000000        0.000000        0.000000

     C   22        0.012643        0.007742       -0.006483
     C   22        0.007742        0.030965       -0.000650
     C   22       -0.006483       -0.000650       -0.043608

     C   23       -0.150898        0.007987       -0.033312
     C   23        0.007987        0.241386        0.125681
     C   23       -0.033312        0.125681       -0.090488

     Cl  24        0.050800        0.275472       -0.326002
     Cl  24        0.275472        2.482405        0.628460
     Cl  24       -0.326002        0.628460       -2.533205

     ----- total EFG -----
     Cl   1        0.034012       -1.779957        0.281947
     Cl   1       -1.779957        1.267251        2.144080
     Cl   1        0.281947        2.144080       -1.301263

     C    2       -0.406823        0.427852       -0.170323
     C    2        0.427852        0.385183        0.304185
     C    2       -0.170323        0.304185        0.021640

     C    3        0.446198       -0.079453        0.094203
     C    3       -0.079453       -0.222624       -0.158979
     C    3        0.094203       -0.158979       -0.223573

     H    4        0.223713        0.393812        0.560115
     H    4        0.393812        0.120381       -0.093881
     H    4        0.560115       -0.093881       -0.344094

     C    5       -0.509553        0.247927       -0.243404
     C    5        0.247927        0.586084        0.128198
     C    5       -0.243404        0.128198       -0.076531

     H    6       -0.124663       -0.024470        0.192610
     H    6       -0.024470        0.422772        0.369357
     H    6        0.192610        0.369357       -0.298109

     H    7       -0.192873       -0.093703        0.109463
     H    7       -0.093703        0.042630       -0.201770
     H    7        0.109463       -0.201770        0.150243

     C    8       -0.043069        0.290548       -0.114328
     C    8        0.290548        0.253796        0.222675
     C    8       -0.114328        0.222675       -0.210727

     H    9        0.358502        0.145544        0.303861
     H    9        0.145544       -0.522874       -0.029844
     H    9        0.303861       -0.029844        0.164372

     C   10       -0.640348       -0.086288       -0.003381
     C   10       -0.086288        0.539512        0.090253
     C   10       -0.003381        0.090253        0.100835

     C   11       -0.028651        0.558990       -0.028043
     C   11        0.558990        0.139447        0.513603
     C   11       -0.028043        0.513603       -0.110796

     Cl  12       -0.583856        1.590171        1.003154
     Cl  12        1.590171        0.102245        1.999697
     Cl  12        1.003154        1.999697        0.481610

     H   13       -0.188918       -0.097048        0.065395
     H   13       -0.097048        0.259925        0.471608
     H   13        0.065395        0.471608       -0.071007

     C   14        0.476596       -0.110511        0.268134
     C   14       -0.110511       -0.103492       -0.025981
     C   14        0.268134       -0.025981       -0.373104

     H   15        0.537262       -0.089780        0.413130
     H   15       -0.089780       -0.529589        0.205178
     H   15        0.413130        0.205178       -0.007673

     C   16       -0.513564        0.204077       -0.129543
     C   16        0.204077        0.599792        0.343195
     C   16       -0.129543        0.343195       -0.086227

     C   17        0.315628        0.035845        0.094963
     C   17        0.035845        0.136560       -0.092044
     C   17        0.094963       -0.092044       -0.452188

     Cl  18        0.266856       -1.950481       -0.455965
     Cl  18       -1.950481        0.956393        0.645949
     Cl  18       -0.455965        0.645949       -1.223250

     H   19       -0.058343       -0.035009        0.035934
     H   19       -0.035009        0.557144       -0.704265
     H   19        0.035934       -0.704265       -0.498801

     C   20       -0.070472        0.041180        0.364957
     C   20        0.041180        0.177284       -0.399675
     C   20        0.364957       -0.399675       -0.106812

     H   21        0.579123       -0.236408        0.392645
     H   21       -0.236408       -0.365290       -0.460299
     H   21        0.392645       -0.460299       -0.213833

     C   22        0.408654        0.292056        0.060530
     C   22        0.292056       -0.052339       -0.256538
     C   22        0.060530       -0.256538       -0.356315

     C   23       -0.607080       -0.133538       -0.095510
     C   23       -0.133538        0.507679       -0.050037
     C   23       -0.095510       -0.050037        0.099401

     Cl  24        0.203686        0.455327       -0.372056
     Cl  24        0.455327        2.516350        0.619088
     Cl  24       -0.372056        0.619088       -2.720035

     ----- total EFG (symmetrized) -----
     Cl   1        0.034012       -1.779957        0.281947
     Cl   1       -1.779957        1.267251        2.144080
     Cl   1        0.281947        2.144080       -1.301263

     C    2       -0.406823        0.427852       -0.170323
     C    2        0.427852        0.385183        0.304185
     C    2       -0.170323        0.304185        0.021640

     C    3        0.446198       -0.079453        0.094203
     C    3       -0.079453       -0.222624       -0.158979
     C    3        0.094203       -0.158979       -0.223573

     H    4        0.223713        0.393812        0.560115
     H    4        0.393812        0.120381       -0.093881
     H    4        0.560115       -0.093881       -0.344094

     C    5       -0.509553        0.247927       -0.243404
     C    5        0.247927        0.586084        0.128198
     C    5       -0.243404        0.128198       -0.076531

     H    6       -0.124663       -0.024470        0.192610
     H    6       -0.024470        0.422772        0.369357
     H    6        0.192610        0.369357       -0.298109

     H    7       -0.192873       -0.093703        0.109463
     H    7       -0.093703        0.042630       -0.201770
     H    7        0.109463       -0.201770        0.150243

     C    8       -0.043069        0.290548       -0.114328
     C    8        0.290548        0.253796        0.222675
     C    8       -0.114328        0.222675       -0.210727

     H    9        0.358502        0.145544        0.303861
     H    9        0.145544       -0.522874       -0.029844
     H    9        0.303861       -0.029844        0.164372

     C   10       -0.640348       -0.086288       -0.003381
     C   10       -0.086288        0.539512        0.090253
     C   10       -0.003381        0.090253        0.100835

     C   11       -0.028651        0.558990       -0.028043
     C   11        0.558990        0.139447        0.513603
     C   11       -0.028043        0.513603       -0.110796

     Cl  12       -0.583856        1.590171        1.003154
     Cl  12        1.590171        0.102245        1.999697
     Cl  12        1.003154        1.999697        0.481610

     H   13       -0.188918       -0.097048        0.065395
     H   13       -0.097048        0.259925        0.471608
     H   13        0.065395        0.471608       -0.071007

     C   14        0.476596       -0.110511        0.268134
     C   14       -0.110511       -0.103492       -0.025981
     C   14        0.268134       -0.025981       -0.373104

     H   15        0.537262       -0.089780        0.413130
     H   15       -0.089780       -0.529589        0.205178
     H   15        0.413130        0.205178       -0.007673

     C   16       -0.513564        0.204077       -0.129543
     C   16        0.204077        0.599792        0.343195
     C   16       -0.129543        0.343195       -0.086227

     C   17        0.315628        0.035845        0.094963
     C   17        0.035845        0.136560       -0.092044
     C   17        0.094963       -0.092044       -0.452188

     Cl  18        0.266856       -1.950481       -0.455965
     Cl  18       -1.950481        0.956393        0.645949
     Cl  18       -0.455965        0.645949       -1.223250

     H   19       -0.058343       -0.035009        0.035934
     H   19       -0.035009        0.557144       -0.704265
     H   19        0.035934       -0.704265       -0.498801

     C   20       -0.070472        0.041180        0.364957
     C   20        0.041180        0.177284       -0.399675
     C   20        0.364957       -0.399675       -0.106812

     H   21        0.579123       -0.236408        0.392645
     H   21       -0.236408       -0.365290       -0.460299
     H   21        0.392645       -0.460299       -0.213833

     C   22        0.408654        0.292056        0.060530
     C   22        0.292056       -0.052339       -0.256538
     C   22        0.060530       -0.256538       -0.356315

     C   23       -0.607080       -0.133538       -0.095510
     C   23       -0.133538        0.507679       -0.050037
     C   23       -0.095510       -0.050037        0.099401

     Cl  24        0.203686        0.455327       -0.372056
     Cl  24        0.455327        2.516350        0.619088
     Cl  24       -0.372056        0.619088       -2.720035


     NQR/NMR SPECTROSCOPIC PARAMETERS:
     Cl   1    Vxx=   -0.1751    axis=(  0.813412  0.183035  0.552140)
     Cl   1    Vyy=   -2.9901    axis=(  0.386837  0.538671 -0.748459)
     Cl   1    Vzz=    3.1652    axis=( -0.434416  0.822394  0.367357)
     Cl   1  Q=        -8.1650 1e-30 m^2  Cq=       -60.7233 MHz  eta= 0.88934

     C    2    Vxx=    0.0550    axis=( -0.478231 -0.173440  0.860938)
     C    2    Vyy=    0.6504    axis=(  0.303206  0.887423  0.347199)
     C    2    Vzz=   -0.7053    axis=( -0.824234  0.427083 -0.371805)
     C    2  Q=         1.0000 1e-30 m^2  Cq=        -1.6573 MHz  eta= 0.84413

     C    3    Vxx=   -0.0921    axis=(  0.222214  0.696175 -0.682614)
     C    3    Vyy=   -0.3822    axis=( -0.013588  0.702262  0.711789)
     C    3    Vzz=    0.4743    axis=(  0.974903 -0.148894  0.165512)
     C    3  Q=         1.0000 1e-30 m^2  Cq=         1.1145 MHz  eta= 0.61165

     H    4    Vxx=    0.0656    axis=( -0.237048  0.824946 -0.513101)
     H    4    Vyy=    0.7194    axis=(  0.799206  0.465869  0.379783)
     H    4    Vzz=   -0.7850    axis=( -0.552338  0.320047  0.769735)
     H    4  Q=         1.0000 1e-30 m^2  Cq=        -1.8446 MHz  eta= 0.83285

     C    5    Vxx=    0.0324    axis=( -0.418319 -0.022922  0.908011)
     C    5    Vyy=    0.6478    axis=( -0.185954 -0.976346 -0.110315)
     C    5    Vzz=   -0.6802    axis=(  0.889061 -0.214995  0.404162)
     C    5  Q=         1.0000 1e-30 m^2  Cq=        -1.5981 MHz  eta= 0.90482

     H    6    Vxx=   -0.0438    axis=(  0.907189 -0.230874  0.351718)
     H    6    Vyy=   -0.5387    axis=(  0.413553  0.335655 -0.846351)
     H    6    Vzz=    0.5825    axis=(  0.077345  0.913254  0.399981)
     H    6  Q=         1.0000 1e-30 m^2  Cq=         1.3686 MHz  eta= 0.84974

     H    7    Vxx=   -0.1119    axis=( -0.058230  0.779249  0.624004)
     H    7    Vyy=   -0.2319    axis=( -0.964119 -0.206066  0.167364)
     H    7    Vzz=    0.3438    axis=(  0.259004 -0.591869  0.763288)
     H    7  Q=         1.0000 1e-30 m^2  Cq=         0.8079 MHz  eta= 0.34889

     C    8    Vxx=   -0.0204    axis=(  0.711280 -0.208592 -0.671245)
     C    8    Vyy=   -0.4394    axis=( -0.537656  0.453679 -0.710705)
     C    8    Vzz=    0.4597    axis=( -0.452777 -0.866409 -0.210542)
     C    8  Q=         1.0000 1e-30 m^2  Cq=         1.0802 MHz  eta= 0.91133

     H    9    Vxx=   -0.0336    axis=( -0.548061 -0.212395  0.809023)
     H    9    Vyy=   -0.5559    axis=(  0.195686 -0.972940 -0.122864)
     H    9    Vzz=    0.5896    axis=(  0.813226  0.090977  0.574793)
     H    9  Q=         1.0000 1e-30 m^2  Cq=         1.3852 MHz  eta= 0.88588

     C   10    Vxx=    0.0832    axis=(  0.018156 -0.190706  0.981479)
     C   10    Vyy=    0.5634    axis=( -0.070711  0.978938  0.191520)
     C   10    Vzz=   -0.6466    axis=( -0.997332 -0.072879  0.004289)
     C   10  Q=         1.0000 1e-30 m^2  Cq=        -1.5193 MHz  eta= 0.74256

     C   11    Vxx=   -0.0447    axis=( -0.685464  0.056051  0.725946)
     C   11    Vyy=   -0.7470    axis=( -0.527017  0.649749 -0.547796)
     C   11    Vzz=    0.7916    axis=(  0.502387  0.758080  0.415839)
     C   11  Q=         1.0000 1e-30 m^2  Cq=         1.8600 MHz  eta= 0.88717

     Cl  12    Vxx=   -1.1214    axis=( -0.708999 -0.188958  0.679423)
     Cl  12    Vyy=   -2.0627    axis=( -0.552855  0.747044 -0.369157)
     Cl  12    Vzz=    3.1841    axis=( -0.437803 -0.637354 -0.634120)
     Cl  12  Q=        -8.1650 1e-30 m^2  Cq=       -61.0853 MHz  eta= 0.29565

     H   13    Vxx=   -0.1452    axis=(  0.920501 -0.182010  0.345760)
     H   13    Vyy=   -0.4513    axis=( -0.387075 -0.545664  0.743252)
     H   13    Vzz=    0.5965    axis=( -0.053389  0.818000  0.572736)
     H   13  Q=         1.0000 1e-30 m^2  Cq=         1.4015 MHz  eta= 0.51325

     C   14    Vxx=   -0.1224    axis=(  0.153964  0.986099  0.062475)
     C   14    Vyy=   -0.4507    axis=( -0.279612 -0.017162  0.959960)
     C   14    Vzz=    0.5731    axis=(  0.947688 -0.165268  0.273083)
     C   14  Q=         1.0000 1e-30 m^2  Cq=         1.3466 MHz  eta= 0.57290

     H   15    Vxx=   -0.1111    axis=( -0.426982  0.470300  0.772337)
     H   15    Vyy=   -0.6488    axis=(  0.212940  0.882384 -0.419588)
     H   15    Vzz=    0.7600    axis=( -0.878830 -0.014695 -0.476908)
     H   15  Q=         1.0000 1e-30 m^2  Cq=         1.7856 MHz  eta= 0.70753

     C   16    Vxx=   -0.1316    axis=( -0.438607 -0.278540  0.854424)
     C   16    Vyy=   -0.6261    axis=( -0.891663  0.253454 -0.375098)
     C   16    Vzz=    0.7577    axis=( -0.112078 -0.926378 -0.359530)
     C   16  Q=         1.0000 1e-30 m^2  Cq=         1.7802 MHz  eta= 0.65260

     C   17    Vxx=    0.1482    axis=( -0.114223  0.979117 -0.168176)
     C   17    Vyy=    0.3305    axis=(  0.985668  0.132845  0.103972)
     C   17    Vzz=   -0.4787    axis=( -0.124142  0.153890  0.980259)
     C   17  Q=         1.0000 1e-30 m^2  Cq=        -1.1247 MHz  eta= 0.38083

     Cl  18    Vxx=   -1.3096    axis=(  0.649408  0.369521  0.664623)
     Cl  18    Vyy=   -1.4391    axis=( -0.428887 -0.543747  0.721384)
     Cl  18    Vzz=    2.7487    axis=( -0.627953  0.753521  0.194631)
     Cl  18  Q=        -8.1650 1e-30 m^2  Cq=       -52.7322 MHz  eta= 0.04708

     H   19    Vxx=   -0.0603    axis=(  0.998592  0.052953 -0.003215)
     H   19    Vyy=   -0.8514    axis=(  0.020808 -0.446708 -0.894438)
     H   19    Vzz=    0.9117    axis=( -0.048799  0.893112 -0.447180)
     H   19  Q=         1.0000 1e-30 m^2  Cq=         2.1421 MHz  eta= 0.86768

     C   20    Vxx=    0.0730    axis=(  0.768081  0.595812  0.234649)
     C   20    Vyy=    0.5244    axis=(  0.342285 -0.691696  0.635922)
     C   20    Vzz=   -0.5973    axis=(  0.541196 -0.408123 -0.735216)
     C   20  Q=         1.0000 1e-30 m^2  Cq=        -1.4035 MHz  eta= 0.75569

     H   21    Vxx=   -0.1145    axis=( -0.540528 -0.590444  0.599337)
     H   21    Vyy=   -0.7609    axis=(  0.065682 -0.739813 -0.669599)
     H   21    Vzz=    0.8754    axis=(  0.838758 -0.322571  0.438672)
     H   21  Q=         1.0000 1e-30 m^2  Cq=         2.0568 MHz  eta= 0.73845

     C   22    Vxx=   -0.0074    axis=( -0.406776  0.700902 -0.585892)
     C   22    Vyy=   -0.5468    axis=( -0.218654  0.548008  0.807389)
     C   22    Vzz=    0.5542    axis=( -0.886974 -0.456534  0.069662)
     C   22  Q=         1.0000 1e-30 m^2  Cq=         1.3022 MHz  eta= 0.97332

     C   23    Vxx=    0.1097    axis=( -0.145469  0.075215  0.986500)
     C   23    Vyy=    0.5270    axis=(  0.108847 -0.989837  0.091520)
     C   23    Vzz=   -0.6367    axis=(  0.983357  0.120691  0.135803)
     C   23  Q=         1.0000 1e-30 m^2  Cq=        -1.4959 MHz  eta= 0.65548

     Cl  24    Vxx=    0.1935    axis=(  0.976277 -0.149668 -0.156472)
     Cl  24    Vyy=    2.6577    axis=(  0.166610  0.980797  0.101383)
     Cl  24    Vzz=   -2.8512    axis=(  0.138293 -0.125048  0.982465)
     Cl  24  Q=        -8.1650 1e-30 m^2  Cq=        54.6989 MHz  eta= 0.86426

     Initialization:
     gipaw_setup  :      9.08s CPU     10.88s WALL (       1 calls)

     Linear response

     Apply operators

     Induced current

     Other routines
     efg          :      9.38s CPU     11.62s WALL (       1 calls)

     General routines
     calbec       :      3.24s CPU      4.40s WALL (      16 calls)
     fft          :      1.65s CPU      2.75s WALL (      15 calls)
     ffts         :      0.04s CPU      0.06s WALL (       2 calls)
     fftw         :      3.30s CPU      3.84s WALL (     672 calls)
     davcio       :      0.05s CPU      0.32s WALL (      32 calls)

     Parallel routines
     fft_scatter  :      2.38s CPU      3.76s WALL (     689 calls)

     Plugins

     GIPAW        :     61.78s CPU     72.21s WALL (       1 calls)
