
     Program QE v.6.0 (svn rev. 13079) starts on 17Jan2017 at 19:19:27 

     This program is part of the open-source Quantum ESPRESSO suite
     for quantum simulation of materials; please cite
         "P. Giannozzi et al., J. Phys.:Condens. Matter 21 395502 (2009);
          URL http://www.quantum-espresso.org", 
     in publications or presentations arising from this work. More details at
     http://www.quantum-espresso.org/quote

     Parallel version (MPI), running on     8 processors
     R & G space division:  proc/nbgrp/npool/nimage =       8

     ***** This is GIPAW svn revision unknown      *****

     Parallelizing q-star over 1 images

     Reading data from directory:
     /users/majewski/paradichlorobenzene/pbe/9_constraint/scratch/pbe.ecut100.np8.dt60.pcl2phi-129368.save
     Message from routine read_xml_file:
     file /users/majewski/paradichlorobenzene/pbe/9_constraint/scratch/pbe.ecut100.np8.dt60.pcl2phi-129368.save not guaranteed to be safe for post-processing

   Info: using nr1, nr2, nr3 values from input

   Info: using nr1, nr2, nr3 values from input

     IMPORTANT: XC functional enforced from input :
     Exchange-correlation      =  SLA  PW   PBX  PBC ( 1  4  3  4 0 0)
     Any further DFT definition will be discarded
     Please, verify this is what you really want

               file C.pbe-n-kjpaw_psl.1.0.0.UPF: wavefunction(s)  2S 2P renormalized
               file Cl.pbe-n-kjpaw_psl.1.0.0.UPF: wavefunction(s)  3S 3P renormalized
               file H.pbe-kjpaw_psl.1.0.0.UPF: wavefunction(s)  1S renormalized

     Parallelization info
     --------------------
     sticks:   dense  smooth     PW     G-vecs:    dense   smooth      PW
     Min        3057    1223    332               144436    36536    5170
     Max        3059    1225    333               144437    36537    5171
     Sum       24467    9791   2657              1155489   292295   41363


     Subspace diagonalization in iterative solution of the eigenvalue problem:
     a serial algorithm will be used

     GIPAW projectors -----------------------------------------------
     atom=  C    l=0  rc=    1.2000  rs=    0.8000
     atom=  C    l=0  rc=    1.2000  rs=    0.8000
     atom=  C    l=1  rc=    1.4000  rs=    0.9333
     atom=  C    l=1  rc=    1.4000  rs=    0.9333
     projs nearly linearly dependent: l=1  n1,n2= 1, 2  s=  0.99951561

     atom=  Cl   l=0  rc=    1.6000  rs=    1.0667
     atom=  Cl   l=0  rc=    1.6000  rs=    1.0667
     atom=  Cl   l=1  rc=    1.6000  rs=    1.0667
     atom=  Cl   l=1  rc=    1.6000  rs=    1.0667
     atom=  Cl   l=2  rc=    1.6000  rs=    1.0667
     atom=  Cl   l=2  rc=    1.6000  rs=    1.0667
     projs nearly linearly dependent: l=2  n1,n2= 1, 2  s=  0.99993509

     atom=  H    l=0  rc=    1.0000  rs=    0.6667
     atom=  H    l=0  rc=    1.0000  rs=    0.6667
     projs nearly linearly dependent: l=0  n1,n2= 1, 2  s=  0.99968852
     -----------------------------------------------------------------

     GIPAW integrals: -------------------------------------------
     Atom  i/j   nmr_para   nmr_dia   epr_rmc  epr_para   epr_dia
       C   1 1   0.83E+03  0.17E-01  0.93E+01  0.24E+08  0.24E+03
       C   2 1   0.86E+03 -0.61E-01  0.94E+01  0.25E+08  0.25E+03
       C   2 2   0.90E+03 -0.15E+00  0.97E+01  0.26E+08  0.26E+03
       C   3 3   0.33E+01  0.34E+00  0.18E+01  0.55E+03  0.21E+02
       C   4 3   0.35E+01  0.37E+00  0.20E+01  0.59E+03  0.22E+02
       C   4 4   0.38E+01  0.39E+00  0.22E+01  0.63E+03  0.24E+02
       Cl  1 1   0.14E+04 -0.47E+00  0.84E+01  0.32E+09  0.42E+03
       Cl  2 1   0.21E+04 -0.37E+00  0.12E+02  0.49E+09  0.65E+03
       Cl  2 2   0.33E+04 -0.16E+00  0.21E+02  0.76E+09  0.10E+04
       Cl  3 3   0.21E+02  0.79E-01  0.89E+01  0.23E+05  0.13E+03
       Cl  4 3   0.24E+02  0.67E-01  0.99E+01  0.27E+05  0.15E+03
       Cl  4 4   0.28E+02  0.44E-01  0.11E+02  0.32E+05  0.18E+03
       Cl  5 5   0.77E+00  0.19E+00  0.18E+01  0.12E+03  0.22E+02
       Cl  6 5   0.80E+00  0.19E+00  0.19E+01  0.12E+03  0.23E+02
       Cl  6 6   0.83E+00  0.20E+00  0.19E+01  0.12E+03  0.23E+02
       H   1 1   0.39E+02  0.19E+00  0.29E+00  0.78E+05  0.13E+02
       H   2 1   0.41E+02  0.21E+00  0.32E+00  0.82E+05  0.14E+02
       H   2 2   0.43E+02  0.22E+00  0.36E+00  0.86E+05  0.15E+02
     ------------------------------------------------------------

     alpha_pv=     34.0967 eV

     Number of occupied bands for each k-point:
     k-point:     1    nbnd_occ=  42
     k-point:     2    nbnd_occ=  42
     k-point:     3    nbnd_occ=  42
     k-point:     4    nbnd_occ=  42
     k-point:     5    nbnd_occ=  42
     k-point:     6    nbnd_occ=  42
     k-point:     7    nbnd_occ=  42
     k-point:     8    nbnd_occ=  42
     k-point:     9    nbnd_occ=  42
     k-point:    10    nbnd_occ=  42
     k-point:    11    nbnd_occ=  42
     k-point:    12    nbnd_occ=  42
     k-point:    13    nbnd_occ=  42
     k-point:    14    nbnd_occ=  42
     k-point:    15    nbnd_occ=  42
     k-point:    16    nbnd_occ=  42


     q-space interpolation up to   110.00 Rydberg

     GIPAW job: efg                                                                             


     ELECTRIC FIELD GRADIENTS TENSORS IN Hartree/bohrradius^2:

     ----- bare term -----
     Cl   1       -0.162069        0.303778       -0.010863
     Cl   1        0.303778       -0.021922       -0.047748
     Cl   1       -0.010863       -0.047748        0.183991

     C    2        0.069114       -0.128097       -0.274863
     C    2       -0.128097       -0.271150       -0.491832
     C    2       -0.274863       -0.491832        0.202037

     C    3       -0.490210        0.493248       -0.280781
     C    3        0.493248        0.121203       -0.119151
     C    3       -0.280781       -0.119151        0.369007

     H    4        0.060361       -0.011676       -0.222900
     H    4       -0.011676        0.125248       -0.506446
     H    4       -0.222900       -0.506446       -0.185610

     C    5       -0.079094       -0.333514       -0.461619
     C    5       -0.333514       -0.071013       -0.484052
     C    5       -0.461619       -0.484052        0.150107

     H    6        0.047889        0.305384        0.182819
     H    6        0.305384       -0.217005       -0.422830
     H    6        0.182819       -0.422830        0.169116

     H    7        0.373018        0.063033       -0.071236
     H    7        0.063033       -0.519459        0.574785
     H    7       -0.071236        0.574785        0.146441

     C    8       -0.716149       -0.384516       -0.376863
     C    8       -0.384516        0.378097        0.265636
     C    8       -0.376863        0.265636        0.338052

     H    9        0.110075        0.039243       -0.414722
     H    9        0.039243        0.219822       -0.266249
     H    9       -0.414722       -0.266249       -0.329897

     C   10       -0.013819       -0.330164       -0.170525
     C   10       -0.330164       -0.109735        0.634789
     C   10       -0.170525        0.634789        0.123554

     C   11       -0.411256       -0.347987       -0.422923
     C   11       -0.347987        0.178679        0.328988
     C   11       -0.422923        0.328988        0.232578

     Cl  12        0.007548       -0.012896        0.010343
     Cl  12       -0.012896       -0.036907       -0.084678
     Cl  12        0.010343       -0.084678        0.029359

     H   13        0.432700       -0.063143        0.248765
     H   13       -0.063143        0.018208       -0.213240
     H   13        0.248765       -0.213240       -0.450908

     C   14       -0.614658        0.329930       -0.369305
     C   14        0.329930        0.386757       -0.095639
     C   14       -0.369305       -0.095639        0.227902

     H   15        0.169859       -0.043490       -0.317881
     H   15       -0.043490        0.278545        0.245018
     H   15       -0.317881        0.245018       -0.448404

     C   16        0.123750        0.221212       -0.052790
     C   16        0.221212       -0.124713       -0.363168
     C   16       -0.052790       -0.363168        0.000963

     C   17       -0.416336        0.332137       -0.154667
     C   17        0.332137        0.014402       -0.399899
     C   17       -0.154667       -0.399899        0.401934

     Cl  18        0.152306       -0.054743        0.059521
     Cl  18       -0.054743       -0.048285        0.025308
     Cl  18        0.059521        0.025308       -0.104021

     H   19        0.389437        0.333334        0.027257
     H   19        0.333334       -0.757496        0.073266
     H   19        0.027257        0.073266        0.368060

     C   20       -0.122544       -0.255916       -0.172360
     C   20       -0.255916       -0.020192        0.473666
     C   20       -0.172360        0.473666        0.142737

     H   21       -0.338488        0.550363       -0.169545
     H   21        0.550363       -0.033769        0.008261
     H   21       -0.169545        0.008261        0.372257

     C   22       -0.580654       -0.376008       -0.260017
     C   22       -0.376008        0.257725        0.278980
     C   22       -0.260017        0.278980        0.322929

     C   23       -0.035117       -0.025652       -0.263192
     C   23       -0.025652       -0.036056        0.596324
     C   23       -0.263192        0.596324        0.071173

     Cl  24       -0.100600       -0.115863        0.070522
     Cl  24       -0.115863        0.002717       -0.136721
     Cl  24        0.070522       -0.136721        0.097882

     ----- ionic term -----
     Cl   1        0.142293       -0.198722        0.057236
     Cl   1       -0.198722       -0.008793       -0.028674
     Cl   1        0.057236       -0.028674       -0.133500

     C    2        0.077069       -0.277749        0.346029
     C    2       -0.277749        0.024707        0.353199
     C    2        0.346029        0.353199       -0.101776

     C    3        0.166193       -0.333436        0.225369
     C    3       -0.333436        0.086981        0.344909
     C    3        0.225369        0.344909       -0.253175

     H    4        0.383996        0.273180        0.794506
     H    4        0.273180       -0.435669        0.294273
     H    4        0.794506        0.294273        0.051673

     C    5        0.235159       -0.274856        0.284252
     C    5       -0.274856       -0.009757        0.302280
     C    5        0.284252        0.302280       -0.225402

     H    6       -0.504546       -0.141587       -0.080651
     H    6       -0.141587        0.609772        0.729429
     H    6       -0.080651        0.729429       -0.105226

     H    7       -0.501085       -0.175122        0.084709
     H    7       -0.175122        0.810880       -0.572481
     H    7        0.084709       -0.572481       -0.309795

     C    8        0.239969        0.179976        0.330729
     C    8        0.179976        0.131467       -0.246315
     C    8        0.330729       -0.246315       -0.371435

     H    9        0.348550       -0.139707        0.826341
     H    9       -0.139707       -0.457642       -0.208552
     H    9        0.826341       -0.208552        0.109092

     C   10        0.074952        0.303710        0.263328
     C   10        0.303710        0.215749       -0.325695
     C   10        0.263328       -0.325695       -0.290701

     C   11        0.152867        0.234910        0.319243
     C   11        0.234910        0.165086       -0.333534
     C   11        0.319243       -0.333534       -0.317953

     Cl  12        0.134594        0.239919        0.053988
     Cl  12        0.239919        0.026494        0.025101
     Cl  12        0.053988        0.025101       -0.161088

     H   13       -0.542787       -0.034365        0.009340
     H   13       -0.034365        0.419716        0.788517
     H   13        0.009340        0.788517        0.123072

     C   14        0.141894       -0.269926        0.374256
     C   14       -0.269926       -0.080877        0.286792
     C   14        0.374256        0.286792       -0.061017

     H   15        0.303169        0.171830        0.787065
     H   15        0.171830       -0.502066        0.237864
     H   15        0.787065        0.237864        0.198897

     C   16        0.104546       -0.389651        0.199235
     C   16       -0.389651       -0.003135        0.350541
     C   16        0.199235        0.350541       -0.101411

     C   17        0.189109       -0.277175        0.210464
     C   17       -0.277175       -0.085566        0.445704
     C   17        0.210464        0.445704       -0.103544

     Cl  18        0.207892       -0.224306        0.004647
     Cl  18       -0.224306       -0.072062       -0.004600
     Cl  18        0.004647       -0.004600       -0.135830

     H   19       -0.501519       -0.129946        0.072821
     H   19       -0.129946        0.779818       -0.593486
     H   19        0.072821       -0.593486       -0.278299

     C   20        0.261652        0.209633        0.264895
     C   20        0.209633        0.088299       -0.277440
     C   20        0.264895       -0.277440       -0.349951

     H   21        0.700432       -0.329169        0.593376
     H   21       -0.329169       -0.430746       -0.223028
     H   21        0.593376       -0.223028       -0.269686

     C   22        0.205322        0.220206        0.181090
     C   22        0.220206        0.208263       -0.344319
     C   22        0.181090       -0.344319       -0.413586

     C   23        0.168961        0.109308        0.332069
     C   23        0.109308        0.161353       -0.332376
     C   23        0.332069       -0.332376       -0.330314

     Cl  24        0.103079        0.183809        0.033715
     Cl  24        0.183809        0.043721        0.023712
     Cl  24        0.033715        0.023712       -0.146799

     ----- GIPAW term -----
     Cl   1       -1.205568       -0.500393       -0.100270
     Cl   1       -0.500393        0.221503        2.047164
     Cl   1       -0.100270        2.047164        0.984065

     C    2       -0.077563       -0.113255       -0.036656
     C    2       -0.113255        0.111617        0.152624
     C    2       -0.036656        0.152624       -0.034054

     C    3       -0.012176       -0.073407       -0.072452
     C    3       -0.073407        0.060681        0.051702
     C    3       -0.072452        0.051702       -0.048505

     H    4       -0.000000        0.000000        0.000000
     H    4        0.000000        0.000000        0.000000
     H    4        0.000000        0.000000        0.000000

     C    5        0.017150       -0.189868       -0.113147
     C    5       -0.189868        0.036270        0.013334
     C    5       -0.113147        0.013334       -0.053421

     H    6       -0.000000        0.000000        0.000000
     H    6        0.000000        0.000000        0.000000
     H    6        0.000000        0.000000        0.000000

     H    7       -0.000000        0.000000        0.000000
     H    7        0.000000        0.000000        0.000000
     H    7        0.000000        0.000000        0.000000

     C    8       -0.198051       -0.108683       -0.056393
     C    8       -0.108683        0.244309        0.067212
     C    8       -0.056393        0.067212       -0.046258

     H    9       -0.000000        0.000000        0.000000
     H    9        0.000000        0.000000        0.000000
     H    9        0.000000        0.000000        0.000000

     C   10       -0.088406       -0.122851       -0.064987
     C   10       -0.122851        0.143792        0.204799
     C   10       -0.064987        0.204799       -0.055386

     C   11       -0.100410       -0.074074       -0.097554
     C   11       -0.074074        0.190354        0.156162
     C   11       -0.097554        0.156162       -0.089943

     Cl  12       -0.087359        0.109363       -1.126087
     Cl  12        0.109363        0.428084        1.796910
     Cl  12       -1.126087        1.796910       -0.340724

     H   13       -0.000000        0.000000        0.000000
     H   13        0.000000        0.000000        0.000000
     H   13        0.000000        0.000000        0.000000

     C   14       -0.101287        0.127299       -0.053124
     C   14        0.127299        0.166061       -0.036903
     C   14       -0.053124       -0.036903       -0.064773

     H   15       -0.000000        0.000000        0.000000
     H   15        0.000000        0.000000        0.000000
     H   15        0.000000        0.000000        0.000000

     C   16       -0.032334        0.061684       -0.035433
     C   16        0.061684        0.054174       -0.105064
     C   16       -0.035433       -0.105064       -0.021840

     C   17       -0.046002       -0.167538        0.044760
     C   17       -0.167538        0.122225       -0.141357
     C   17        0.044760       -0.141357       -0.076222

     Cl  18        2.832435       -2.238342        0.728223
     Cl  18       -2.238342       -0.673465        0.091339
     Cl  18        0.728223        0.091339       -2.158970

     H   19       -0.000000        0.000000        0.000000
     H   19        0.000000        0.000000        0.000000
     H   19        0.000000        0.000000        0.000000

     C   20       -0.074005       -0.144754       -0.019304
     C   20       -0.144754        0.204756        0.127513
     C   20       -0.019304        0.127513       -0.130750

     H   21       -0.000000        0.000000        0.000000
     H   21        0.000000        0.000000        0.000000
     H   21        0.000000        0.000000        0.000000

     C   22       -0.194157       -0.129733       -0.073856
     C   22       -0.129733        0.260528        0.100787
     C   22       -0.073856        0.100787       -0.066371

     C   23       -0.013402        0.058522       -0.031760
     C   23        0.058522        0.185833        0.048315
     C   23       -0.031760        0.048315       -0.172431

     Cl  24        0.569122        1.262947        0.724811
     Cl  24        1.262947        0.103562       -1.248584
     Cl  24        0.724811       -1.248584       -0.672684

     ----- total EFG -----
     Cl   1       -1.225343       -0.395337       -0.053897
     Cl   1       -0.395337        0.190788        1.970741
     Cl   1       -0.053897        1.970741        1.034556

     C    2        0.068620       -0.519101        0.034510
     C    2       -0.519101       -0.134826        0.013992
     C    2        0.034510        0.013992        0.066207

     C    3       -0.336193        0.086405       -0.127863
     C    3        0.086405        0.268865        0.277460
     C    3       -0.127863        0.277460        0.067327

     H    4        0.444357        0.261504        0.571607
     H    4        0.261504       -0.310421       -0.212173
     H    4        0.571607       -0.212173       -0.133936

     C    5        0.173215       -0.798237       -0.290514
     C    5       -0.798237       -0.044499       -0.168438
     C    5       -0.290514       -0.168438       -0.128716

     H    6       -0.456656        0.163797        0.102169
     H    6        0.163797        0.392766        0.306598
     H    6        0.102169        0.306598        0.063890

     H    7       -0.128067       -0.112090        0.013473
     H    7       -0.112090        0.291421        0.002304
     H    7        0.013473        0.002304       -0.163354

     C    8       -0.674231       -0.313223       -0.102527
     C    8       -0.313223        0.753872        0.086533
     C    8       -0.102527        0.086533       -0.079641

     H    9        0.458625       -0.100464        0.411619
     H    9       -0.100464       -0.237820       -0.474801
     H    9        0.411619       -0.474801       -0.220805

     C   10       -0.027274       -0.149305        0.027816
     C   10       -0.149305        0.249807        0.513892
     C   10        0.027816        0.513892       -0.222533

     C   11       -0.358799       -0.187152       -0.201234
     C   11       -0.187152        0.534118        0.151615
     C   11       -0.201234        0.151615       -0.175318

     Cl  12        0.054783        0.336386       -1.061756
     Cl  12        0.336386        0.417670        1.737333
     Cl  12       -1.061756        1.737333       -0.472453

     H   13       -0.110088       -0.097508        0.258106
     H   13       -0.097508        0.437924        0.575278
     H   13        0.258106        0.575278       -0.327836

     C   14       -0.574051        0.187303       -0.048172
     C   14        0.187303        0.471941        0.154251
     C   14       -0.048172        0.154251        0.102111

     H   15        0.473028        0.128340        0.469184
     H   15        0.128340       -0.223521        0.482883
     H   15        0.469184        0.482883       -0.249507

     C   16        0.195962       -0.106755        0.111012
     C   16       -0.106755       -0.073673       -0.117692
     C   16        0.111012       -0.117692       -0.122289

     C   17       -0.273229       -0.112576        0.100557
     C   17       -0.112576        0.051061       -0.095552
     C   17        0.100557       -0.095552        0.222168

     Cl  18        3.192634       -2.517391        0.792391
     Cl  18       -2.517391       -0.793813        0.112047
     Cl  18        0.792391        0.112047       -2.398821

     H   19       -0.112082        0.203388        0.100078
     H   19        0.203388        0.022321       -0.520220
     H   19        0.100078       -0.520220        0.089761

     C   20        0.065103       -0.191037        0.073231
     C   20       -0.191037        0.272862        0.323738
     C   20        0.073231        0.323738       -0.337965

     H   21        0.361943        0.221193        0.423832
     H   21        0.221193       -0.464515       -0.214767
     H   21        0.423832       -0.214767        0.102571

     C   22       -0.569488       -0.285536       -0.152783
     C   22       -0.285536        0.726516        0.035448
     C   22       -0.152783        0.035448       -0.157028

     C   23        0.120442        0.142178        0.037117
     C   23        0.142178        0.311131        0.312263
     C   23        0.037117        0.312263       -0.431572

     Cl  24        0.571601        1.330893        0.829048
     Cl  24        1.330893        0.150000       -1.361593
     Cl  24        0.829048       -1.361593       -0.721601

     ----- total EFG (symmetrized) -----
     Cl   1       -1.225343       -0.395337       -0.053897
     Cl   1       -0.395337        0.190788        1.970741
     Cl   1       -0.053897        1.970741        1.034556

     C    2        0.068620       -0.519101        0.034510
     C    2       -0.519101       -0.134826        0.013992
     C    2        0.034510        0.013992        0.066207

     C    3       -0.336193        0.086405       -0.127863
     C    3        0.086405        0.268865        0.277460
     C    3       -0.127863        0.277460        0.067327

     H    4        0.444357        0.261504        0.571607
     H    4        0.261504       -0.310421       -0.212173
     H    4        0.571607       -0.212173       -0.133936

     C    5        0.173215       -0.798237       -0.290514
     C    5       -0.798237       -0.044499       -0.168438
     C    5       -0.290514       -0.168438       -0.128716

     H    6       -0.456656        0.163797        0.102169
     H    6        0.163797        0.392766        0.306598
     H    6        0.102169        0.306598        0.063890

     H    7       -0.128067       -0.112090        0.013473
     H    7       -0.112090        0.291421        0.002304
     H    7        0.013473        0.002304       -0.163354

     C    8       -0.674231       -0.313223       -0.102527
     C    8       -0.313223        0.753872        0.086533
     C    8       -0.102527        0.086533       -0.079641

     H    9        0.458625       -0.100464        0.411619
     H    9       -0.100464       -0.237820       -0.474801
     H    9        0.411619       -0.474801       -0.220805

     C   10       -0.027274       -0.149305        0.027816
     C   10       -0.149305        0.249807        0.513892
     C   10        0.027816        0.513892       -0.222533

     C   11       -0.358799       -0.187152       -0.201234
     C   11       -0.187152        0.534118        0.151615
     C   11       -0.201234        0.151615       -0.175318

     Cl  12        0.054783        0.336386       -1.061756
     Cl  12        0.336386        0.417670        1.737333
     Cl  12       -1.061756        1.737333       -0.472453

     H   13       -0.110088       -0.097508        0.258106
     H   13       -0.097508        0.437924        0.575278
     H   13        0.258106        0.575278       -0.327836

     C   14       -0.574051        0.187303       -0.048172
     C   14        0.187303        0.471941        0.154251
     C   14       -0.048172        0.154251        0.102111

     H   15        0.473028        0.128340        0.469184
     H   15        0.128340       -0.223521        0.482883
     H   15        0.469184        0.482883       -0.249507

     C   16        0.195962       -0.106755        0.111012
     C   16       -0.106755       -0.073673       -0.117692
     C   16        0.111012       -0.117692       -0.122289

     C   17       -0.273229       -0.112576        0.100557
     C   17       -0.112576        0.051061       -0.095552
     C   17        0.100557       -0.095552        0.222168

     Cl  18        3.192634       -2.517391        0.792391
     Cl  18       -2.517391       -0.793813        0.112047
     Cl  18        0.792391        0.112047       -2.398821

     H   19       -0.112082        0.203388        0.100078
     H   19        0.203388        0.022321       -0.520220
     H   19        0.100078       -0.520220        0.089761

     C   20        0.065103       -0.191037        0.073231
     C   20       -0.191037        0.272862        0.323738
     C   20        0.073231        0.323738       -0.337965

     H   21        0.361943        0.221193        0.423832
     H   21        0.221193       -0.464515       -0.214767
     H   21        0.423832       -0.214767        0.102571

     C   22       -0.569488       -0.285536       -0.152783
     C   22       -0.285536        0.726516        0.035448
     C   22       -0.152783        0.035448       -0.157028

     C   23        0.120442        0.142178        0.037117
     C   23        0.142178        0.311131        0.312263
     C   23        0.037117        0.312263       -0.431572

     Cl  24        0.571601        1.330893        0.829048
     Cl  24        1.330893        0.150000       -1.361593
     Cl  24        0.829048       -1.361593       -0.721601


     NQR/NMR SPECTROSCOPIC PARAMETERS:
     Cl   1    Vxx=   -1.0413    axis=( -0.795786  0.428734 -0.427682)
     Cl   1    Vyy=   -1.6086    axis=( -0.600902 -0.646633  0.469874)
     Cl   1    Vzz=    2.6499    axis=( -0.075102  0.630914  0.772209)
     Cl   1  Q=        -8.1650 1e-30 m^2  Cq=       -50.8378 MHz  eta= 0.21408

     C    2    Vxx=    0.0672    axis=(  0.001080  0.066337  0.997797)
     C    2    Vyy=    0.4966    axis=( -0.772260  0.633962 -0.041312)
     C    2    Vzz=   -0.5638    axis=( -0.635305 -0.770514  0.051914)
     C    2  Q=         1.0000 1e-30 m^2  Cq=        -1.3247 MHz  eta= 0.76170

     C    3    Vxx=   -0.0453    axis=( -0.468529 -0.508947  0.722117)
     C    3    Vyy=   -0.4180    axis=( -0.883441  0.266728 -0.385211)
     C    3    Vzz=    0.4633    axis=(  0.003443 -0.818431 -0.574594)
     C    3  Q=         1.0000 1e-30 m^2  Cq=         1.0886 MHz  eta= 0.80460

     H    4    Vxx=   -0.0773    axis=( -0.234623 -0.785047  0.573283)
     H    4    Vyy=   -0.7304    axis=(  0.452308 -0.610179 -0.650460)
     H    4    Vzz=    0.8078    axis=(  0.860447  0.106687  0.498245)
     H    4  Q=         1.0000 1e-30 m^2  Cq=         1.8979 MHz  eta= 0.80854

     C    5    Vxx=   -0.0048    axis=( -0.174059 -0.370826  0.912245)
     C    5    Vyy=   -0.8775    axis=(  0.622628  0.676265  0.393700)
     C    5    Vzz=    0.8823    axis=( -0.762914  0.636517  0.113177)
     C    5  Q=         1.0000 1e-30 m^2  Cq=         2.0731 MHz  eta= 0.98909

     H    6    Vxx=   -0.1196    axis=(  0.009115 -0.515643  0.856755)
     H    6    Vyy=   -0.4916    axis=(  0.984009 -0.147789 -0.099416)
     H    6    Vzz=    0.6111    axis=(  0.177883  0.843961  0.506051)
     H    6  Q=         1.0000 1e-30 m^2  Cq=         1.4359 MHz  eta= 0.60876

     H    7    Vxx=   -0.1456    axis=(  0.768367  0.193838  0.609949)
     H    7    Vyy=   -0.1738    axis=( -0.592082 -0.146566  0.792437)
     H    7    Vzz=    0.3195    axis=( -0.243002  0.970023 -0.002152)
     H    7  Q=         1.0000 1e-30 m^2  Cq=         0.7507 MHz  eta= 0.08826

     C    8    Vxx=   -0.0817    axis=( -0.097296 -0.138541  0.985566)
     C    8    Vyy=   -0.7502    axis=( -0.972893 -0.195500 -0.123527)
     C    8    Vzz=    0.8319    axis=(  0.209791 -0.970869 -0.115765)
     C    8  Q=         1.0000 1e-30 m^2  Cq=         1.9546 MHz  eta= 0.80362

     H    9    Vxx=   -0.0044    axis=(  0.557548  0.692203 -0.458251)
     H    9    Vyy=   -0.7480    axis=( -0.197465  0.646755  0.736692)
     H    9    Vzz=    0.7524    axis=(  0.806317 -0.320253  0.497283)
     H    9  Q=         1.0000 1e-30 m^2  Cq=         1.7678 MHz  eta= 0.98827

     C   10    Vxx=   -0.0269    axis=(  0.965573  0.045259  0.256166)
     C   10    Vyy=   -0.5722    axis=(  0.191025  0.545068 -0.816340)
     C   10    Vzz=    0.5991    axis=( -0.176574  0.837169  0.517657)
     C   10  Q=         1.0000 1e-30 m^2  Cq=         1.4076 MHz  eta= 0.91022

     C   11    Vxx=   -0.1236    axis=( -0.455211 -0.320970  0.830519)
     C   11    Vyy=   -0.4945    axis=( -0.860187 -0.082328 -0.503290)
     C   11    Vzz=    0.6181    axis=( -0.229915  0.943504  0.238618)
     C   11  Q=         1.0000 1e-30 m^2  Cq=         1.4522 MHz  eta= 0.59999

     Cl  12    Vxx=    0.4291    axis=(  0.877476  0.449633 -0.166930)
     Cl  12    Vyy=    1.8641    axis=(  0.246149 -0.720894 -0.647860)
     Cl  12    Vzz=   -2.2933    axis=( -0.411638  0.527392 -0.743244)
     Cl  12  Q=        -8.1650 1e-30 m^2  Cq=        43.9953 MHz  eta= 0.62574

     H   13    Vxx=    0.0049    axis=(  0.918815 -0.224437  0.324663)
     H   13    Vyy=    0.7477    axis=(  0.044652  0.876411  0.479489)
     H   13    Vzz=   -0.7526    axis=( -0.392154 -0.426065  0.815281)
     H   13  Q=         1.0000 1e-30 m^2  Cq=        -1.7684 MHz  eta= 0.98689

     C   14    Vxx=    0.0634    axis=( -0.155427 -0.285778  0.945607)
     C   14    Vyy=    0.5510    axis=( -0.143411 -0.940572 -0.307828)
     C   14    Vzz=   -0.6144    axis=(  0.977382 -0.183456  0.105207)
     C   14  Q=         1.0000 1e-30 m^2  Cq=        -1.4436 MHz  eta= 0.79358

     H   15    Vxx=   -0.0433    axis=(  0.556863 -0.718788 -0.416230)
     H   15    Vyy=   -0.7761    axis=(  0.222286  0.611804 -0.759134)
     H   15    Vzz=    0.8194    axis=(  0.800308  0.330211  0.500468)
     H   15  Q=         1.0000 1e-30 m^2  Cq=         1.9252 MHz  eta= 0.89425

     C   16    Vxx=   -0.0662    axis=(  0.499565  0.708682 -0.498201)
     C   16    Vyy=   -0.2192    axis=( -0.058428  0.601362  0.796838)
     C   16    Vzz=    0.2854    axis=(  0.864304 -0.368963  0.341826)
     C   16  Q=         1.0000 1e-30 m^2  Cq=         0.6707 MHz  eta= 0.53622

     C   17    Vxx=    0.0187    axis=( -0.164357  0.859118  0.484668)
     C   17    Vyy=    0.2988    axis=(  0.238971 -0.442033  0.864581)
     C   17    Vzz=   -0.3175    axis=(  0.957016  0.257921 -0.132653)
     C   17  Q=         1.0000 1e-30 m^2  Cq=        -0.7460 MHz  eta= 0.88225

     Cl  18    Vxx=   -1.7396    axis=( -0.320599 -0.791780 -0.519904)
     Cl  18    Vyy=   -2.7353    axis=(  0.298748  0.436339 -0.848739)
     Cl  18    Vzz=    4.4749    axis=(  0.898869 -0.427425  0.096653)
     Cl  18  Q=        -8.1650 1e-30 m^2  Cq=       -85.8485 MHz  eta= 0.22253

     H   19    Vxx=   -0.0150    axis=(  0.896448  0.246618  0.368185)
     H   19    Vyy=   -0.5690    axis=(  0.431509 -0.674951 -0.598533)
     H   19    Vzz=    0.5841    axis=(  0.100898  0.695429 -0.711476)
     H   19  Q=         1.0000 1e-30 m^2  Cq=         1.3723 MHz  eta= 0.94855

     C   20    Vxx=    0.0457    axis=(  0.900252  0.232545  0.368060)
     C   20    Vyy=    0.4686    axis=(  0.357398 -0.877511 -0.319752)
     C   20    Vzz=   -0.5143    axis=(  0.248620  0.419401 -0.873093)
     C   20  Q=         1.0000 1e-30 m^2  Cq=        -1.2085 MHz  eta= 0.82231

     H   21    Vxx=   -0.0093    axis=( -0.462823 -0.552095  0.693531)
     H   21    Vyy=   -0.6686    axis=(  0.354019 -0.832387 -0.426382)
     H   21    Vzz=    0.6779    axis=(  0.812690  0.048184  0.580701)
     H   21  Q=         1.0000 1e-30 m^2  Cq=         1.5928 MHz  eta= 0.97256

     C   22    Vxx=   -0.1220    axis=( -0.248913 -0.123890  0.960569)
     C   22    Vyy=   -0.6693    axis=( -0.944941 -0.186471 -0.268914)
     C   22    Vzz=    0.7913    axis=(  0.212434 -0.974618 -0.070654)
     C   22  Q=         1.0000 1e-30 m^2  Cq=         1.8593 MHz  eta= 0.69163

     C   23    Vxx=    0.0618    axis=(  0.927358 -0.343752 -0.147792)
     C   23    Vyy=    0.4839    axis=(  0.373560  0.873204  0.312997)
     C   23    Vzz=   -0.5457    axis=(  0.021460 -0.345469  0.938185)
     C   23  Q=         1.0000 1e-30 m^2  Cq=        -1.2822 MHz  eta= 0.77342

     Cl  24    Vxx=    0.6912    axis=(  0.573310 -0.395479  0.717574)
     Cl  24    Vyy=    1.7494    axis=( -0.687914 -0.708079  0.159366)
     Cl  24    Vzz=   -2.4406    axis=(  0.445073 -0.584996 -0.678004)
     Cl  24  Q=        -8.1650 1e-30 m^2  Cq=        46.8224 MHz  eta= 0.43360

     Initialization:
     gipaw_setup  :      9.12s CPU     11.04s WALL (       1 calls)

     Linear response

     Apply operators

     Induced current

     Other routines
     efg          :      9.18s CPU     11.69s WALL (       1 calls)

     General routines
     calbec       :      3.27s CPU      4.36s WALL (      16 calls)
     fft          :      1.46s CPU      2.00s WALL (      15 calls)
     ffts         :      0.04s CPU      0.05s WALL (       2 calls)
     fftw         :      3.18s CPU      3.98s WALL (     672 calls)
     davcio       :      0.04s CPU      0.33s WALL (      32 calls)

     Parallel routines
     fft_scatter  :      2.09s CPU      3.23s WALL (     689 calls)

     Plugins

     GIPAW        :     60.66s CPU     73.06s WALL (       1 calls)
