
     Program QE v.6.0 (svn rev. 13079) starts on 17Jan2017 at 14:55:14 

     This program is part of the open-source Quantum ESPRESSO suite
     for quantum simulation of materials; please cite
         "P. Giannozzi et al., J. Phys.:Condens. Matter 21 395502 (2009);
          URL http://www.quantum-espresso.org", 
     in publications or presentations arising from this work. More details at
     http://www.quantum-espresso.org/quote

     Parallel version (MPI), running on     8 processors
     R & G space division:  proc/nbgrp/npool/nimage =       8

     ***** This is GIPAW svn revision unknown      *****

     Parallelizing q-star over 1 images

     Reading data from directory:
     /users/majewski/paradichlorobenzene/pbe/9_constraint/scratch/pbe.ecut100.np8.dt60.pcl2phi-129368.save
     Message from routine read_xml_file:
     file /users/majewski/paradichlorobenzene/pbe/9_constraint/scratch/pbe.ecut100.np8.dt60.pcl2phi-129368.save not guaranteed to be safe for post-processing

   Info: using nr1, nr2, nr3 values from input

   Info: using nr1, nr2, nr3 values from input

     IMPORTANT: XC functional enforced from input :
     Exchange-correlation      =  SLA  PW   PBX  PBC ( 1  4  3  4 0 0)
     Any further DFT definition will be discarded
     Please, verify this is what you really want

               file C.pbe-n-kjpaw_psl.1.0.0.UPF: wavefunction(s)  2S 2P renormalized
               file Cl.pbe-n-kjpaw_psl.1.0.0.UPF: wavefunction(s)  3S 3P renormalized
               file H.pbe-kjpaw_psl.1.0.0.UPF: wavefunction(s)  1S renormalized

     Parallelization info
     --------------------
     sticks:   dense  smooth     PW     G-vecs:    dense   smooth      PW
     Min        3057    1223    332               144436    36536    5170
     Max        3059    1225    333               144437    36537    5171
     Sum       24467    9791   2657              1155489   292295   41363


     Subspace diagonalization in iterative solution of the eigenvalue problem:
     a serial algorithm will be used

     GIPAW projectors -----------------------------------------------
     atom=  C    l=0  rc=    1.2000  rs=    0.8000
     atom=  C    l=0  rc=    1.2000  rs=    0.8000
     atom=  C    l=1  rc=    1.4000  rs=    0.9333
     atom=  C    l=1  rc=    1.4000  rs=    0.9333
     projs nearly linearly dependent: l=1  n1,n2= 1, 2  s=  0.99951561

     atom=  Cl   l=0  rc=    1.6000  rs=    1.0667
     atom=  Cl   l=0  rc=    1.6000  rs=    1.0667
     atom=  Cl   l=1  rc=    1.6000  rs=    1.0667
     atom=  Cl   l=1  rc=    1.6000  rs=    1.0667
     atom=  Cl   l=2  rc=    1.6000  rs=    1.0667
     atom=  Cl   l=2  rc=    1.6000  rs=    1.0667
     projs nearly linearly dependent: l=2  n1,n2= 1, 2  s=  0.99993509

     atom=  H    l=0  rc=    1.0000  rs=    0.6667
     atom=  H    l=0  rc=    1.0000  rs=    0.6667
     projs nearly linearly dependent: l=0  n1,n2= 1, 2  s=  0.99968852
     -----------------------------------------------------------------

     GIPAW integrals: -------------------------------------------
     Atom  i/j   nmr_para   nmr_dia   epr_rmc  epr_para   epr_dia
       C   1 1   0.83E+03  0.17E-01  0.93E+01  0.24E+08  0.24E+03
       C   2 1   0.86E+03 -0.61E-01  0.94E+01  0.25E+08  0.25E+03
       C   2 2   0.90E+03 -0.15E+00  0.97E+01  0.26E+08  0.26E+03
       C   3 3   0.33E+01  0.34E+00  0.18E+01  0.55E+03  0.21E+02
       C   4 3   0.35E+01  0.37E+00  0.20E+01  0.59E+03  0.22E+02
       C   4 4   0.38E+01  0.39E+00  0.22E+01  0.63E+03  0.24E+02
       Cl  1 1   0.14E+04 -0.47E+00  0.84E+01  0.32E+09  0.42E+03
       Cl  2 1   0.21E+04 -0.37E+00  0.12E+02  0.49E+09  0.65E+03
       Cl  2 2   0.33E+04 -0.16E+00  0.21E+02  0.76E+09  0.10E+04
       Cl  3 3   0.21E+02  0.79E-01  0.89E+01  0.23E+05  0.13E+03
       Cl  4 3   0.24E+02  0.67E-01  0.99E+01  0.27E+05  0.15E+03
       Cl  4 4   0.28E+02  0.44E-01  0.11E+02  0.32E+05  0.18E+03
       Cl  5 5   0.77E+00  0.19E+00  0.18E+01  0.12E+03  0.22E+02
       Cl  6 5   0.80E+00  0.19E+00  0.19E+01  0.12E+03  0.23E+02
       Cl  6 6   0.83E+00  0.20E+00  0.19E+01  0.12E+03  0.23E+02
       H   1 1   0.39E+02  0.19E+00  0.29E+00  0.78E+05  0.13E+02
       H   2 1   0.41E+02  0.21E+00  0.32E+00  0.82E+05  0.14E+02
       H   2 2   0.43E+02  0.22E+00  0.36E+00  0.86E+05  0.15E+02
     ------------------------------------------------------------

     alpha_pv=     33.8014 eV

     Number of occupied bands for each k-point:
     k-point:     1    nbnd_occ=  42
     k-point:     2    nbnd_occ=  42
     k-point:     3    nbnd_occ=  42
     k-point:     4    nbnd_occ=  42
     k-point:     5    nbnd_occ=  42
     k-point:     6    nbnd_occ=  42
     k-point:     7    nbnd_occ=  42
     k-point:     8    nbnd_occ=  42
     k-point:     9    nbnd_occ=  42
     k-point:    10    nbnd_occ=  42
     k-point:    11    nbnd_occ=  42
     k-point:    12    nbnd_occ=  42
     k-point:    13    nbnd_occ=  42
     k-point:    14    nbnd_occ=  42
     k-point:    15    nbnd_occ=  42
     k-point:    16    nbnd_occ=  42


     q-space interpolation up to   110.00 Rydberg

     GIPAW job: efg                                                                             


     ELECTRIC FIELD GRADIENTS TENSORS IN Hartree/bohrradius^2:

     ----- bare term -----
     Cl   1       -0.080148        0.344749       -0.024983
     Cl   1        0.344749       -0.116397       -0.234519
     Cl   1       -0.024983       -0.234519        0.196544

     C    2        0.089686        0.001296       -0.217599
     C    2        0.001296       -0.064321       -0.588797
     C    2       -0.217599       -0.588797       -0.025364

     C    3       -0.635366        0.366352       -0.320037
     C    3        0.366352        0.208521       -0.075503
     C    3       -0.320037       -0.075503        0.426844

     H    4        0.058361       -0.053331       -0.264783
     H    4       -0.053331        0.013353       -0.542755
     H    4       -0.264783       -0.542755       -0.071714

     C    5       -0.078949       -0.388405       -0.477451
     C    5       -0.388405       -0.018289       -0.528112
     C    5       -0.477451       -0.528112        0.097238

     H    6        0.258750        0.255500        0.136703
     H    6        0.255500       -0.435493       -0.525445
     H    6        0.136703       -0.525445        0.176743

     H    7        0.418888        0.043712       -0.069668
     H    7        0.043712       -0.557958        0.631510
     H    7       -0.069668        0.631510        0.139070

     C    8       -0.621203       -0.408243       -0.470835
     C    8       -0.408243        0.414652        0.151673
     C    8       -0.470835        0.151673        0.206551

     H    9        0.011199        0.106495       -0.443765
     H    9        0.106495        0.223848       -0.211428
     H    9       -0.443765       -0.211428       -0.235047

     C   10        0.092511       -0.424443       -0.060274
     C   10       -0.424443       -0.158039        0.592717
     C   10       -0.060274        0.592717        0.065528

     C   11       -0.338705       -0.319201       -0.408928
     C   11       -0.319201        0.134860        0.227267
     C   11       -0.408928        0.227267        0.203845

     Cl  12        0.063219       -0.012604       -0.055650
     Cl  12       -0.012604       -0.073804       -0.084300
     Cl  12       -0.055650       -0.084300        0.010585

     H   13        0.396429       -0.093947        0.211499
     H   13       -0.093947       -0.176607       -0.364869
     H   13        0.211499       -0.364869       -0.219822

     C   14       -0.677785        0.340534       -0.337231
     C   14        0.340534        0.403908       -0.099328
     C   14       -0.337231       -0.099328        0.273877

     H   15        0.087969       -0.091528       -0.405982
     H   15       -0.091528        0.434449        0.104619
     H   15       -0.405982        0.104619       -0.522419

     C   16       -0.039567        0.121956       -0.182640
     C   16        0.121956       -0.069590       -0.553470
     C   16       -0.182640       -0.553470        0.109157

     C   17       -0.384192        0.381174       -0.082324
     C   17        0.381174       -0.065024       -0.421178
     C   17       -0.082324       -0.421178        0.449216

     Cl  18        0.154969       -0.109909       -0.041446
     Cl  18       -0.109909       -0.031979        0.002105
     Cl  18       -0.041446        0.002105       -0.122990

     H   19        0.428275        0.228374       -0.030878
     H   19        0.228374       -0.764407        0.294214
     H   19       -0.030878        0.294214        0.336132

     C   20       -0.159386       -0.132942       -0.225105
     C   20       -0.132942        0.035196        0.503841
     C   20       -0.225105        0.503841        0.124190

     H   21        0.069329        0.152165       -0.366957
     H   21        0.152165        0.209871        0.514864
     H   21       -0.366957        0.514864       -0.279200

     C   22       -0.697887       -0.415528       -0.326399
     C   22       -0.415528        0.348348        0.107696
     C   22       -0.326399        0.107696        0.349539

     C   23        0.043971       -0.351256       -0.074867
     C   23       -0.351256       -0.096275        0.554534
     C   23       -0.074867        0.554534        0.052305

     Cl  24       -0.160398       -0.216270        0.040789
     Cl  24       -0.216270        0.118935       -0.130415
     Cl  24        0.040789       -0.130415        0.041463

     ----- ionic term -----
     Cl   1        0.157723       -0.216712        0.076943
     Cl   1       -0.216712       -0.006532       -0.041270
     Cl   1        0.076943       -0.041270       -0.151191

     C    2        0.191047       -0.265796        0.371463
     C    2       -0.265796       -0.004464        0.355074
     C    2        0.371463        0.355074       -0.186583

     C    3        0.160854       -0.316071        0.228607
     C    3       -0.316071        0.061913        0.374448
     C    3        0.228607        0.374448       -0.222767

     H    4        0.367886        0.285632        0.783381
     H    4        0.285632       -0.424470        0.313577
     H    4        0.783381        0.313577        0.056583

     C    5        0.275217       -0.228094        0.323185
     C    5       -0.228094       -0.045488        0.289800
     C    5        0.323185        0.289800       -0.229730

     H    6       -0.506749        0.021796        0.037485
     H    6        0.021796        0.550265        0.753280
     H    6        0.037485        0.753280       -0.043516

     H    7       -0.455673       -0.262803        0.135473
     H    7       -0.262803        0.766373       -0.578788
     H    7        0.135473       -0.578788       -0.310700

     C    8        0.279203        0.120087        0.341159
     C    8        0.120087        0.064381       -0.267007
     C    8        0.341159       -0.267007       -0.343585

     H    9        0.392128       -0.254939        0.780788
     H    9       -0.254939       -0.396365       -0.284242
     H    9        0.780788       -0.284242        0.004238

     C   10        0.066389        0.228685        0.239359
     C   10        0.228685        0.255365       -0.374783
     C   10        0.239359       -0.374783       -0.321754

     C   11        0.135832        0.174303        0.361910
     C   11        0.174303        0.158915       -0.368586
     C   11        0.361910       -0.368586       -0.294747

     Cl  12        0.148691        0.217515        0.046361
     Cl  12        0.217515       -0.011413        0.017741
     Cl  12        0.046361        0.017741       -0.137278

     H   13       -0.522180       -0.028866        0.019150
     H   13       -0.028866        0.621118        0.735698
     H   13        0.019150        0.735698       -0.098938

     C   14        0.277108       -0.205409        0.364078
     C   14       -0.205409       -0.064150        0.293168
     C   14        0.364078        0.293168       -0.212958

     H   15        0.337076        0.362050        0.733922
     H   15        0.362050       -0.382074        0.357497
     H   15        0.733922        0.357497        0.044998

     C   16        0.139820       -0.266893        0.210988
     C   16       -0.266893        0.061072        0.389366
     C   16        0.210988        0.389366       -0.200892

     C   17        0.172327       -0.234002        0.196815
     C   17       -0.234002       -0.004560        0.439279
     C   17        0.196815        0.439279       -0.167767

     Cl  18        0.177403       -0.214964       -0.018552
     Cl  18       -0.214964       -0.058100        0.006762
     Cl  18       -0.018552        0.006762       -0.119302

     H   19       -0.519863       -0.073981        0.070379
     H   19       -0.073981        0.623432       -0.710154
     H   19        0.070379       -0.710154       -0.103569

     C   20        0.248123        0.184709        0.372330
     C   20        0.184709        0.012116       -0.279526
     C   20        0.372330       -0.279526       -0.260239

     H   21        0.185738       -0.192642        0.788142
     H   21       -0.192642       -0.500294       -0.268032
     H   21        0.788142       -0.268032        0.314556

     C   22        0.071075        0.269744        0.245732
     C   22        0.269744        0.132198       -0.347684
     C   22        0.245732       -0.347684       -0.203273

     C   23        0.207775        0.216567        0.307083
     C   23        0.216567        0.101526       -0.359460
     C   23        0.307083       -0.359460       -0.309301

     Cl  24        0.118567        0.221490        0.027936
     Cl  24        0.221490        0.046708        0.018866
     Cl  24        0.027936        0.018866       -0.165276

     ----- GIPAW term -----
     Cl   1       -1.010301       -0.061218        0.036637
     Cl   1       -0.061218        0.731618        1.546190
     Cl   1        0.036637        1.546190        0.278683

     C    2       -0.061024       -0.024602       -0.010150
     C    2       -0.024602        0.244474        0.034525
     C    2       -0.010150        0.034525       -0.183449

     C    3       -0.108212       -0.106787       -0.087067
     C    3       -0.106787        0.155077        0.098204
     C    3       -0.087067        0.098204       -0.046865

     H    4       -0.000000        0.000000        0.000000
     H    4        0.000000        0.000000        0.000000
     H    4        0.000000        0.000000        0.000000

     C    5        0.046798       -0.259531       -0.078413
     C    5       -0.259531        0.083179       -0.070401
     C    5       -0.078413       -0.070401       -0.129977

     H    6       -0.000000        0.000000        0.000000
     H    6        0.000000        0.000000        0.000000
     H    6        0.000000        0.000000        0.000000

     H    7       -0.000000        0.000000        0.000000
     H    7        0.000000        0.000000        0.000000
     H    7        0.000000        0.000000        0.000000

     C    8       -0.071688       -0.224044       -0.059369
     C    8       -0.224044        0.184355        0.001003
     C    8       -0.059369        0.001003       -0.112668

     H    9       -0.000000        0.000000        0.000000
     H    9        0.000000        0.000000        0.000000
     H    9        0.000000        0.000000        0.000000

     C   10       -0.043050       -0.176764       -0.015484
     C   10       -0.176764        0.169731        0.109772
     C   10       -0.015484        0.109772       -0.126680

     C   11       -0.062743       -0.082583       -0.090854
     C   11       -0.082583        0.135952        0.117568
     C   11       -0.090854        0.117568       -0.073209

     Cl  12       -0.295310        0.651895       -0.791199
     Cl  12        0.651895        0.704451        1.956509
     Cl  12       -0.791199        1.956509       -0.409142

     H   13       -0.000000        0.000000        0.000000
     H   13        0.000000        0.000000        0.000000
     H   13        0.000000        0.000000        0.000000

     C   14       -0.135118        0.101219       -0.040914
     C   14        0.101219        0.194689       -0.038832
     C   14       -0.040914       -0.038832       -0.059571

     H   15       -0.000000        0.000000        0.000000
     H   15        0.000000        0.000000        0.000000
     H   15        0.000000        0.000000        0.000000

     C   16       -0.117341        0.012412       -0.040328
     C   16        0.012412        0.089284       -0.214972
     C   16       -0.040328       -0.214972        0.028056

     C   17       -0.065331       -0.130645        0.081584
     C   17       -0.130645        0.074868       -0.185097
     C   17        0.081584       -0.185097       -0.009537

     Cl  18        3.023247       -2.868433       -0.377282
     Cl  18       -2.868433       -0.585113        0.013625
     Cl  18       -0.377282        0.013625       -2.438134

     H   19       -0.000000        0.000000        0.000000
     H   19        0.000000        0.000000        0.000000
     H   19        0.000000        0.000000        0.000000

     C   20       -0.103474       -0.072047       -0.028804
     C   20       -0.072047        0.231082        0.158347
     C   20       -0.028804        0.158347       -0.127608

     H   21       -0.000000        0.000000        0.000000
     H   21        0.000000        0.000000        0.000000
     H   21        0.000000        0.000000        0.000000

     C   22       -0.216542       -0.149456       -0.046080
     C   22       -0.149456        0.285312       -0.071701
     C   22       -0.046080       -0.071701       -0.068770

     C   23        0.039302       -0.143083        0.023509
     C   23       -0.143083        0.158806        0.022228
     C   23        0.023509        0.022228       -0.198107

     Cl  24        0.126927        0.571455        0.445476
     Cl  24        0.571455        1.320249       -1.358374
     Cl  24        0.445476       -1.358374       -1.447176

     ----- total EFG -----
     Cl   1       -0.932725        0.066819        0.088597
     Cl   1        0.066819        0.608690        1.270401
     Cl   1        0.088597        1.270401        0.324036

     C    2        0.219709       -0.289102        0.143714
     C    2       -0.289102        0.175688       -0.199197
     C    2        0.143714       -0.199197       -0.395397

     C    3       -0.582724       -0.056506       -0.178498
     C    3       -0.056506        0.425512        0.397149
     C    3       -0.178498        0.397149        0.157212

     H    4        0.426247        0.232301        0.518599
     H    4        0.232301       -0.411117       -0.229178
     H    4        0.518599       -0.229178       -0.015131

     C    5        0.243066       -0.876030       -0.232679
     C    5       -0.876030        0.019403       -0.308713
     C    5       -0.232679       -0.308713       -0.262469

     H    6       -0.247999        0.277296        0.174189
     H    6        0.277296        0.114772        0.227835
     H    6        0.174189        0.227835        0.133227

     H    7       -0.036785       -0.219091        0.065805
     H    7       -0.219091        0.208415        0.052723
     H    7        0.065805        0.052723       -0.171630

     C    8       -0.413687       -0.512200       -0.189044
     C    8       -0.512200        0.663389       -0.114331
     C    8       -0.189044       -0.114331       -0.249701

     H    9        0.403327       -0.148444        0.337023
     H    9       -0.148444       -0.172517       -0.495670
     H    9        0.337023       -0.495670       -0.230810

     C   10        0.115850       -0.372523        0.163602
     C   10       -0.372523        0.267056        0.327707
     C   10        0.163602        0.327707       -0.382907

     C   11       -0.265616       -0.227481       -0.137871
     C   11       -0.227481        0.429727       -0.023750
     C   11       -0.137871       -0.023750       -0.164111

     Cl  12       -0.083400        0.856806       -0.800489
     Cl  12        0.856806        0.619234        1.889950
     Cl  12       -0.800489        1.889950       -0.535834

     H   13       -0.125750       -0.122813        0.230649
     H   13       -0.122813        0.444510        0.370828
     H   13        0.230649        0.370828       -0.318760

     C   14       -0.535795        0.236344       -0.014067
     C   14        0.236344        0.534447        0.155009
     C   14       -0.014067        0.155009        0.001348

     H   15        0.425046        0.270522        0.327939
     H   15        0.270522        0.052375        0.462116
     H   15        0.327939        0.462116       -0.477421

     C   16       -0.017088       -0.132525       -0.011979
     C   16       -0.132525        0.080766       -0.379077
     C   16       -0.011979       -0.379077       -0.063678

     C   17       -0.277196        0.016526        0.196075
     C   17        0.016526        0.005284       -0.166996
     C   17        0.196075       -0.166996        0.271912

     Cl  18        3.355619       -3.193306       -0.437280
     Cl  18       -3.193306       -0.675192        0.022492
     Cl  18       -0.437280        0.022492       -2.680427

     H   19       -0.091588        0.154393        0.039501
     H   19        0.154393       -0.140975       -0.415940
     H   19        0.039501       -0.415940        0.232563

     C   20       -0.014737       -0.020280        0.118420
     C   20       -0.020280        0.278394        0.382662
     C   20        0.118420        0.382662       -0.263657

     H   21        0.255067       -0.040476        0.421185
     H   21       -0.040476       -0.290423        0.246832
     H   21        0.421185        0.246832        0.035356

     C   22       -0.843354       -0.295239       -0.126747
     C   22       -0.295239        0.765858       -0.311689
     C   22       -0.126747       -0.311689        0.077496

     C   23        0.291047       -0.277772        0.255725
     C   23       -0.277772        0.164057        0.217301
     C   23        0.255725        0.217301       -0.455104

     Cl  24        0.085096        0.576675        0.514202
     Cl  24        0.576675        1.485893       -1.469923
     Cl  24        0.514202       -1.469923       -1.570989

     ----- total EFG (symmetrized) -----
     Cl   1       -0.932725        0.066819        0.088597
     Cl   1        0.066819        0.608690        1.270401
     Cl   1        0.088597        1.270401        0.324036

     C    2        0.219709       -0.289102        0.143714
     C    2       -0.289102        0.175688       -0.199197
     C    2        0.143714       -0.199197       -0.395397

     C    3       -0.582724       -0.056506       -0.178498
     C    3       -0.056506        0.425512        0.397149
     C    3       -0.178498        0.397149        0.157212

     H    4        0.426247        0.232301        0.518599
     H    4        0.232301       -0.411117       -0.229178
     H    4        0.518599       -0.229178       -0.015131

     C    5        0.243066       -0.876030       -0.232679
     C    5       -0.876030        0.019403       -0.308713
     C    5       -0.232679       -0.308713       -0.262469

     H    6       -0.247999        0.277296        0.174189
     H    6        0.277296        0.114772        0.227835
     H    6        0.174189        0.227835        0.133227

     H    7       -0.036785       -0.219091        0.065805
     H    7       -0.219091        0.208415        0.052723
     H    7        0.065805        0.052723       -0.171630

     C    8       -0.413687       -0.512200       -0.189044
     C    8       -0.512200        0.663389       -0.114331
     C    8       -0.189044       -0.114331       -0.249701

     H    9        0.403327       -0.148444        0.337023
     H    9       -0.148444       -0.172517       -0.495670
     H    9        0.337023       -0.495670       -0.230810

     C   10        0.115850       -0.372523        0.163602
     C   10       -0.372523        0.267056        0.327707
     C   10        0.163602        0.327707       -0.382907

     C   11       -0.265616       -0.227481       -0.137871
     C   11       -0.227481        0.429727       -0.023750
     C   11       -0.137871       -0.023750       -0.164111

     Cl  12       -0.083400        0.856806       -0.800489
     Cl  12        0.856806        0.619234        1.889950
     Cl  12       -0.800489        1.889950       -0.535834

     H   13       -0.125750       -0.122813        0.230649
     H   13       -0.122813        0.444510        0.370828
     H   13        0.230649        0.370828       -0.318760

     C   14       -0.535795        0.236344       -0.014067
     C   14        0.236344        0.534447        0.155009
     C   14       -0.014067        0.155009        0.001348

     H   15        0.425046        0.270522        0.327939
     H   15        0.270522        0.052375        0.462116
     H   15        0.327939        0.462116       -0.477421

     C   16       -0.017088       -0.132525       -0.011979
     C   16       -0.132525        0.080766       -0.379077
     C   16       -0.011979       -0.379077       -0.063678

     C   17       -0.277196        0.016526        0.196075
     C   17        0.016526        0.005284       -0.166996
     C   17        0.196075       -0.166996        0.271912

     Cl  18        3.355619       -3.193306       -0.437280
     Cl  18       -3.193306       -0.675192        0.022492
     Cl  18       -0.437280        0.022492       -2.680427

     H   19       -0.091588        0.154393        0.039501
     H   19        0.154393       -0.140975       -0.415940
     H   19        0.039501       -0.415940        0.232563

     C   20       -0.014737       -0.020280        0.118420
     C   20       -0.020280        0.278394        0.382662
     C   20        0.118420        0.382662       -0.263657

     H   21        0.255067       -0.040476        0.421185
     H   21       -0.040476       -0.290423        0.246832
     H   21        0.421185        0.246832        0.035356

     C   22       -0.843354       -0.295239       -0.126747
     C   22       -0.295239        0.765858       -0.311689
     C   22       -0.126747       -0.311689        0.077496

     C   23        0.291047       -0.277772        0.255725
     C   23       -0.277772        0.164057        0.217301
     C   23        0.255725        0.217301       -0.455104

     Cl  24        0.085096        0.576675        0.514202
     Cl  24        0.576675        1.485893       -1.469923
     Cl  24        0.514202       -1.469923       -1.570989


     NQR/NMR SPECTROSCOPIC PARAMETERS:
     Cl   1    Vxx=   -0.8084    axis=(  0.164461 -0.662717  0.730588)
     Cl   1    Vyy=   -0.9407    axis=( -0.985549 -0.079943  0.149338)
     Cl   1    Vzz=    1.7491    axis=( -0.040563 -0.744591 -0.666287)
     Cl   1  Q=        -8.1650 1e-30 m^2  Cq=       -33.5562 MHz  eta= 0.07565

     C    2    Vxx=   -0.0865    axis=(  0.710271  0.694110 -0.117163)
     C    2    Vyy=   -0.4627    axis=(  0.093304 -0.257805 -0.961681)
     C    2    Vzz=    0.5493    axis=( -0.697717  0.672123 -0.247874)
     C    2  Q=         1.0000 1e-30 m^2  Cq=         1.2905 MHz  eta= 0.68495

     C    3    Vxx=   -0.1031    axis=( -0.215536 -0.601190  0.769490)
     C    3    Vyy=   -0.6248    axis=( -0.969706  0.039009 -0.241139)
     C    3    Vzz=    0.7279    axis=(  0.114953 -0.798154 -0.591385)
     C    3  Q=         1.0000 1e-30 m^2  Cq=         1.7103 MHz  eta= 0.71679

     H    4    Vxx=   -0.0667    axis=(  0.361561  0.673088 -0.645156)
     H    4    Vyy=   -0.7066    axis=( -0.400390  0.737006  0.544527)
     H    4    Vzz=    0.7733    axis=( -0.841999 -0.061434 -0.535970)
     H    4  Q=         1.0000 1e-30 m^2  Cq=         1.8170 MHz  eta= 0.82759

     C    5    Vxx=   -0.0512    axis=( -0.336544 -0.345706  0.875914)
     C    5    Vyy=   -0.9639    axis=(  0.573663  0.662375  0.481840)
     C    5    Vzz=    1.0151    axis=( -0.746759  0.664640 -0.024600)
     C    5  Q=         1.0000 1e-30 m^2  Cq=         2.3851 MHz  eta= 0.89907

     H    6    Vxx=   -0.0879    axis=( -0.197538 -0.600709  0.774679)
     H    6    Vyy=   -0.4028    axis=(  0.895251 -0.432501 -0.107091)
     H    6    Vzz=    0.4907    axis=(  0.399380  0.672378  0.623220)
     H    6  Q=         1.0000 1e-30 m^2  Cq=         1.1529 MHz  eta= 0.64187

     H    7    Vxx=   -0.0851    axis=(  0.632167  0.347458  0.692559)
     H    7    Vyy=   -0.2521    axis=( -0.590123 -0.363318  0.720940)
     H    7    Vzz=    0.3372    axis=( -0.502116  0.864450  0.024634)
     H    7  Q=         1.0000 1e-30 m^2  Cq=         0.7922 MHz  eta= 0.49515

     C    8    Vxx=   -0.1496    axis=( -0.403246 -0.126599  0.906292)
     C    8    Vyy=   -0.7196    axis=(  0.838553  0.345386  0.421353)
     C    8    Vzz=    0.8693    axis=( -0.366364  0.929882 -0.033116)
     C    8  Q=         1.0000 1e-30 m^2  Cq=         2.0424 MHz  eta= 0.65576

     H    9    Vxx=    0.0174    axis=(  0.628131  0.645007 -0.435220)
     H    9    Vyy=    0.7012    axis=(  0.765298 -0.411040  0.495344)
     H    9    Vzz=   -0.7186    axis=(  0.140608 -0.644214 -0.751810)
     H    9  Q=         1.0000 1e-30 m^2  Cq=        -1.6884 MHz  eta= 0.95163

     C   10    Vxx=    0.0472    axis=(  0.727168  0.383899  0.569076)
     C   10    Vyy=    0.5984    axis=( -0.563567  0.807191  0.175598)
     C   10    Vzz=   -0.6457    axis=( -0.391942 -0.448402  0.803317)
     C   10  Q=         1.0000 1e-30 m^2  Cq=        -1.5170 MHz  eta= 0.85374

     C   11    Vxx=   -0.0865    axis=( -0.462577 -0.163767  0.871323)
     C   11    Vyy=   -0.4115    axis=(  0.837903  0.240413  0.490020)
     C   11    Vzz=    0.4980    axis=( -0.289726  0.956756  0.026011)
     C   11  Q=         1.0000 1e-30 m^2  Cq=         1.1700 MHz  eta= 0.65278

     Cl  12    Vxx=    0.4464    axis=(  0.893404  0.160293 -0.419685)
     Cl  12    Vyy=    2.0431    axis=( -0.117687 -0.818055 -0.562970)
     Cl  12    Vzz=   -2.4895    axis=( -0.433566  0.552351 -0.711989)
     Cl  12  Q=        -8.1650 1e-30 m^2  Cq=        47.7596 MHz  eta= 0.64140

     H   13    Vxx=    0.0130    axis=(  0.879580 -0.140334  0.454583)
     H   13    Vyy=    0.5961    axis=(  0.041067 -0.929543 -0.366420)
     H   13    Vzz=   -0.6092    axis=(  0.473976  0.340965 -0.811844)
     H   13  Q=         1.0000 1e-30 m^2  Cq=        -1.4313 MHz  eta= 0.95716

     C   14    Vxx=   -0.0309    axis=( -0.126573 -0.212753  0.968873)
     C   14    Vyy=   -0.5893    axis=(  0.973200 -0.215681  0.079777)
     C   14    Vzz=    0.6202    axis=(  0.191994  0.953005  0.234351)
     C   14  Q=         1.0000 1e-30 m^2  Cq=         1.4572 MHz  eta= 0.90051

     H   15    Vxx=   -0.0165    axis=(  0.639868 -0.720549 -0.267166)
     H   15    Vyy=   -0.7662    axis=(  0.140152  0.451240 -0.881329)
     H   15    Vzz=    0.7827    axis=(  0.755597  0.526490  0.389720)
     H   15  Q=         1.0000 1e-30 m^2  Cq=         1.8390 MHz  eta= 0.95781

     C   16    Vxx=   -0.0147    axis=(  0.944875  0.012431 -0.327197)
     C   16    Vyy=   -0.4009    axis=(  0.243809  0.640309  0.728396)
     C   16    Vzz=    0.4156    axis=(  0.218562 -0.768017  0.601981)
     C   16  Q=         1.0000 1e-30 m^2  Cq=         0.9765 MHz  eta= 0.92934

     C   17    Vxx=   -0.0426    axis=(  0.306476  0.906538  0.290276)
     C   17    Vyy=   -0.3537    axis=( -0.918150  0.201078  0.341420)
     C   17    Vzz=    0.3963    axis=(  0.251142 -0.371154  0.893964)
     C   17  Q=         1.0000 1e-30 m^2  Cq=         0.9312 MHz  eta= 0.78502

     Cl  18    Vxx=   -2.3357    axis=(  0.406155  0.787376 -0.463764)
     Cl  18    Vyy=   -2.8005    axis=( -0.262766 -0.385443 -0.884527)
     Cl  18    Vzz=    5.1362    axis=( -0.875210  0.481116  0.050346)
     Cl  18  Q=        -8.1650 1e-30 m^2  Cq=       -98.5351 MHz  eta= 0.09051

     H   19    Vxx=   -0.0355    axis=(  0.923911  0.265355  0.275634)
     H   19    Vyy=   -0.4708    axis=( -0.372307  0.789557  0.487840)
     H   19    Vzz=    0.5062    axis=( -0.088178 -0.553341  0.828274)
     H   19  Q=         1.0000 1e-30 m^2  Cq=         1.1894 MHz  eta= 0.85990

     C   20    Vxx=    0.0102    axis=(  0.969002 -0.175227  0.174159)
     C   20    Vyy=    0.4790    axis=(  0.075603  0.881443  0.466199)
     C   20    Vzz=   -0.4893    axis=( -0.235202 -0.438581  0.867368)
     C   20  Q=         1.0000 1e-30 m^2  Cq=        -1.1496 MHz  eta= 0.95825

     H   21    Vxx=   -0.0806    axis=(  0.536860 -0.684207 -0.493601)
     H   21    Vyy=   -0.5169    axis=(  0.363156  0.715498 -0.596809)
     H   21    Vzz=    0.5974    axis=( -0.761511 -0.141149 -0.632596)
     H   21  Q=         1.0000 1e-30 m^2  Cq=         1.4038 MHz  eta= 0.73021

     C   22    Vxx=    0.0123    axis=( -0.237497  0.290379  0.926971)
     C   22    Vyy=    0.9170    axis=( -0.133341  0.935496 -0.327213)
     C   22    Vzz=   -0.9293    axis=( -0.962193 -0.201315 -0.183458)
     C   22  Q=         1.0000 1e-30 m^2  Cq=        -2.1835 MHz  eta= 0.97346

     C   23    Vxx=    0.1259    axis=(  0.479675  0.731426  0.484694)
     C   23    Vyy=    0.5178    axis=( -0.807667  0.583928 -0.081871)
     C   23    Vzz=   -0.6437    axis=( -0.342909 -0.352200  0.870844)
     C   23  Q=         1.0000 1e-30 m^2  Cq=        -1.5124 MHz  eta= 0.60884

     Cl  24    Vxx=    0.2227    axis=(  0.945602 -0.059507  0.319839)
     Cl  24    Vyy=    2.1385    axis=( -0.173754 -0.923542  0.341876)
     Cl  24    Vzz=   -2.3613    axis=(  0.275041 -0.378851 -0.883643)
     Cl  24  Q=        -8.1650 1e-30 m^2  Cq=        45.2994 MHz  eta= 0.81135

     Initialization:
     gipaw_setup  :      9.14s CPU     10.97s WALL (       1 calls)

     Linear response

     Apply operators

     Induced current

     Other routines
     efg          :      9.41s CPU     11.80s WALL (       1 calls)

     General routines
     calbec       :      3.28s CPU      4.41s WALL (      16 calls)
     fft          :      1.47s CPU      2.06s WALL (      15 calls)
     ffts         :      0.06s CPU      0.06s WALL (       2 calls)
     fftw         :      3.37s CPU      3.95s WALL (     672 calls)
     davcio       :      0.02s CPU      0.32s WALL (      32 calls)

     Parallel routines
     fft_scatter  :      2.20s CPU      3.29s WALL (     689 calls)

     Plugins

     GIPAW        :     61.51s CPU     72.80s WALL (       1 calls)
