
     Program QE v.6.0 (svn rev. 13079) starts on  8Jan2017 at  4: 8:43 

     This program is part of the open-source Quantum ESPRESSO suite
     for quantum simulation of materials; please cite
         "P. Giannozzi et al., J. Phys.:Condens. Matter 21 395502 (2009);
          URL http://www.quantum-espresso.org", 
     in publications or presentations arising from this work. More details at
     http://www.quantum-espresso.org/quote

     Parallel version (MPI), running on     8 processors
     R & G space division:  proc/nbgrp/npool/nimage =       8

     ***** This is GIPAW svn revision unknown      *****

     Parallelizing q-star over 1 images

     Reading data from directory:
     /users/majewski/paradichlorobenzene/pbe/9_constraint/scratch/pbe.ecut100.np8.dt60.pcl2phi-129368.save
     Message from routine read_xml_file:
     file /users/majewski/paradichlorobenzene/pbe/9_constraint/scratch/pbe.ecut100.np8.dt60.pcl2phi-129368.save not guaranteed to be safe for post-processing

   Info: using nr1, nr2, nr3 values from input

   Info: using nr1, nr2, nr3 values from input

     IMPORTANT: XC functional enforced from input :
     Exchange-correlation      =  SLA  PW   PBX  PBC ( 1  4  3  4 0 0)
     Any further DFT definition will be discarded
     Please, verify this is what you really want

               file C.pbe-n-kjpaw_psl.1.0.0.UPF: wavefunction(s)  2S 2P renormalized
               file Cl.pbe-n-kjpaw_psl.1.0.0.UPF: wavefunction(s)  3S 3P renormalized
               file H.pbe-kjpaw_psl.1.0.0.UPF: wavefunction(s)  1S renormalized

     Parallelization info
     --------------------
     sticks:   dense  smooth     PW     G-vecs:    dense   smooth      PW
     Min        3057    1223    332               144436    36536    5170
     Max        3059    1225    333               144437    36537    5171
     Sum       24467    9791   2657              1155489   292295   41363


     Subspace diagonalization in iterative solution of the eigenvalue problem:
     a serial algorithm will be used

     GIPAW projectors -----------------------------------------------
     atom=  C    l=0  rc=    1.2000  rs=    0.8000
     atom=  C    l=0  rc=    1.2000  rs=    0.8000
     atom=  C    l=1  rc=    1.4000  rs=    0.9333
     atom=  C    l=1  rc=    1.4000  rs=    0.9333
     projs nearly linearly dependent: l=1  n1,n2= 1, 2  s=  0.99951561

     atom=  Cl   l=0  rc=    1.6000  rs=    1.0667
     atom=  Cl   l=0  rc=    1.6000  rs=    1.0667
     atom=  Cl   l=1  rc=    1.6000  rs=    1.0667
     atom=  Cl   l=1  rc=    1.6000  rs=    1.0667
     atom=  Cl   l=2  rc=    1.6000  rs=    1.0667
     atom=  Cl   l=2  rc=    1.6000  rs=    1.0667
     projs nearly linearly dependent: l=2  n1,n2= 1, 2  s=  0.99993509

     atom=  H    l=0  rc=    1.0000  rs=    0.6667
     atom=  H    l=0  rc=    1.0000  rs=    0.6667
     projs nearly linearly dependent: l=0  n1,n2= 1, 2  s=  0.99968852
     -----------------------------------------------------------------

     GIPAW integrals: -------------------------------------------
     Atom  i/j   nmr_para   nmr_dia   epr_rmc  epr_para   epr_dia
       C   1 1   0.83E+03  0.17E-01  0.93E+01  0.24E+08  0.24E+03
       C   2 1   0.86E+03 -0.61E-01  0.94E+01  0.25E+08  0.25E+03
       C   2 2   0.90E+03 -0.15E+00  0.97E+01  0.26E+08  0.26E+03
       C   3 3   0.33E+01  0.34E+00  0.18E+01  0.55E+03  0.21E+02
       C   4 3   0.35E+01  0.37E+00  0.20E+01  0.59E+03  0.22E+02
       C   4 4   0.38E+01  0.39E+00  0.22E+01  0.63E+03  0.24E+02
       Cl  1 1   0.14E+04 -0.47E+00  0.84E+01  0.32E+09  0.42E+03
       Cl  2 1   0.21E+04 -0.37E+00  0.12E+02  0.49E+09  0.65E+03
       Cl  2 2   0.33E+04 -0.16E+00  0.21E+02  0.76E+09  0.10E+04
       Cl  3 3   0.21E+02  0.79E-01  0.89E+01  0.23E+05  0.13E+03
       Cl  4 3   0.24E+02  0.67E-01  0.99E+01  0.27E+05  0.15E+03
       Cl  4 4   0.28E+02  0.44E-01  0.11E+02  0.32E+05  0.18E+03
       Cl  5 5   0.77E+00  0.19E+00  0.18E+01  0.12E+03  0.22E+02
       Cl  6 5   0.80E+00  0.19E+00  0.19E+01  0.12E+03  0.23E+02
       Cl  6 6   0.83E+00  0.20E+00  0.19E+01  0.12E+03  0.23E+02
       H   1 1   0.39E+02  0.19E+00  0.29E+00  0.78E+05  0.13E+02
       H   2 1   0.41E+02  0.21E+00  0.32E+00  0.82E+05  0.14E+02
       H   2 2   0.43E+02  0.22E+00  0.36E+00  0.86E+05  0.15E+02
     ------------------------------------------------------------

     alpha_pv=     33.9170 eV

     Number of occupied bands for each k-point:
     k-point:     1    nbnd_occ=  42
     k-point:     2    nbnd_occ=  42
     k-point:     3    nbnd_occ=  42
     k-point:     4    nbnd_occ=  42
     k-point:     5    nbnd_occ=  42
     k-point:     6    nbnd_occ=  42
     k-point:     7    nbnd_occ=  42
     k-point:     8    nbnd_occ=  42
     k-point:     9    nbnd_occ=  42
     k-point:    10    nbnd_occ=  42
     k-point:    11    nbnd_occ=  42
     k-point:    12    nbnd_occ=  42
     k-point:    13    nbnd_occ=  42
     k-point:    14    nbnd_occ=  42
     k-point:    15    nbnd_occ=  42
     k-point:    16    nbnd_occ=  42


     q-space interpolation up to   110.00 Rydberg

     GIPAW job: efg                                                                             


     ELECTRIC FIELD GRADIENTS TENSORS IN Hartree/bohrradius^2:

     ----- bare term -----
     Cl   1       -0.021298        0.157807        0.059665
     Cl   1        0.157807       -0.160691        0.192285
     Cl   1        0.059665        0.192285        0.181989

     C    2        0.102546       -0.072449       -0.234268
     C    2       -0.072449       -0.037839       -0.536223
     C    2       -0.234268       -0.536223       -0.064707

     C    3       -0.382961        0.220036        0.067525
     C    3        0.220036       -0.007518       -0.020535
     C    3        0.067525       -0.020535        0.390479

     H    4       -0.085387       -0.398806       -0.073859
     H    4       -0.398806       -0.310675        0.113860
     H    4       -0.073859        0.113860        0.396062

     C    5       -0.112880       -0.200643       -0.339702
     C    5       -0.200643        0.039803       -0.500519
     C    5       -0.339702       -0.500519        0.073076

     H    6        0.350941        0.191856       -0.071398
     H    6        0.191856       -0.708699       -0.063698
     H    6       -0.071398       -0.063698        0.357758

     H    7        0.131666        0.032697        0.404404
     H    7        0.032697        0.121533        0.309627
     H    7        0.404404        0.309627       -0.253198

     C    8       -0.351684       -0.281961       -0.492594
     C    8       -0.281961        0.259315        0.246532
     C    8       -0.492594        0.246532        0.092369

     H    9        0.152686        0.084104       -0.259093
     H    9        0.084104        0.387841       -0.174875
     H    9       -0.259093       -0.174875       -0.540526

     C   10        0.127130       -0.276058        0.036521
     C   10       -0.276058       -0.177781        0.196866
     C   10        0.036521        0.196866        0.050651

     C   11       -0.211130       -0.236019       -0.338887
     C   11       -0.236019       -0.048949        0.291103
     C   11       -0.338887        0.291103        0.260078

     Cl  12       -0.013727       -0.019709       -0.071912
     Cl  12       -0.019709       -0.028889       -0.023855
     Cl  12       -0.071912       -0.023855        0.042617

     H   13        0.368941       -0.175947        0.060783
     H   13       -0.175947       -0.547559       -0.397062
     H   13        0.060783       -0.397062        0.178618

     C   14       -0.760093        0.318227       -0.440776
     C   14        0.318227        0.254772       -0.035002
     C   14       -0.440776       -0.035002        0.505322

     H   15       -0.462891       -0.306214        0.248013
     H   15       -0.306214        0.299540        0.010642
     H   15        0.248013        0.010642        0.163351

     C   16       -0.009386        0.018228       -0.283412
     C   16        0.018228       -0.457737       -0.406844
     C   16       -0.283412       -0.406844        0.467123

     C   17       -0.409627        0.256035       -0.372646
     C   17        0.256035       -0.037706       -0.253752
     C   17       -0.372646       -0.253752        0.447333

     Cl  18       -0.055370       -0.003122       -0.019270
     Cl  18       -0.003122        0.008461       -0.061989
     Cl  18       -0.019270       -0.061989        0.046909

     H   19        0.188019       -0.176281        0.299877
     H   19       -0.176281       -0.118004        0.546179
     H   19        0.299877        0.546179       -0.070015

     C   20       -0.181514        0.151066       -0.392529
     C   20        0.151066        0.000194        0.495856
     C   20       -0.392529        0.495856        0.181321

     H   21        0.093287        0.058057       -0.245367
     H   21        0.058057        0.317231        0.441972
     H   21       -0.245367        0.441972       -0.410518

     C   22       -0.566254       -0.348896       -0.418596
     C   22       -0.348896        0.082856        0.002298
     C   22       -0.418596        0.002298        0.483398

     C   23        0.061479       -0.142654       -0.124333
     C   23       -0.142654       -0.138693        0.499637
     C   23       -0.124333        0.499637        0.077214

     Cl  24        0.022504       -0.097467       -0.093581
     Cl  24       -0.097467        0.031534        0.160978
     Cl  24       -0.093581        0.160978       -0.054038

     ----- ionic term -----
     Cl   1        0.156009       -0.169176       -0.012720
     Cl   1       -0.169176       -0.011031        0.011424
     Cl   1       -0.012720        0.011424       -0.144978

     C    2        0.277760       -0.051336        0.092878
     C    2       -0.051336        0.153511        0.386031
     C    2        0.092878        0.386031       -0.431271

     C    3        0.235274       -0.158759        0.059127
     C    3       -0.158759        0.172019        0.410499
     C    3        0.059127        0.410499       -0.407293

     H    4        0.630332        0.502975        0.501635
     H    4        0.502975       -0.277166        0.274380
     H    4        0.501635        0.274380       -0.353166

     C    5        0.359907       -0.113622        0.080619
     C    5       -0.113622        0.091562        0.320761
     C    5        0.080619        0.320761       -0.451469

     H    6       -0.516456       -0.040226       -0.033707
     H    6       -0.040226        0.792020        0.618590
     H    6       -0.033707        0.618590       -0.275564

     H    7       -0.527286        0.123302       -0.096504
     H    7        0.123302        0.423163       -0.774862
     H    7       -0.096504       -0.774862        0.104123

     C    8        0.101052        0.223087        0.321002
     C    8        0.223087        0.029880       -0.303438
     C    8        0.321002       -0.303438       -0.130932

     H    9        0.368670       -0.227135        0.762006
     H    9       -0.227135       -0.425946       -0.269592
     H    9        0.762006       -0.269592        0.057276

     C   10        0.045738        0.323755        0.245123
     C   10        0.323755        0.158827       -0.345755
     C   10        0.245123       -0.345755       -0.204565

     C   11        0.082477        0.273339        0.327409
     C   11        0.273339        0.030000       -0.380803
     C   11        0.327409       -0.380803       -0.112478

     Cl  12        0.179858        0.223388        0.046305
     Cl  12        0.223388       -0.043708        0.017210
     Cl  12        0.046305        0.017210       -0.136150

     H   13       -0.518652        0.114792        0.032111
     H   13        0.114792        0.862252        0.558502
     H   13        0.032111        0.558502       -0.343600

     C   14        0.390210       -0.053834        0.056818
     C   14       -0.053834        0.097398        0.298238
     C   14        0.056818        0.298238       -0.487608

     H   15        0.838793        0.519509        0.210930
     H   15        0.519509       -0.303781        0.156172
     H   15        0.210930        0.156172       -0.535012

     C   16        0.280607       -0.124403       -0.012733
     C   16       -0.124403        0.212332        0.360224
     C   16       -0.012733        0.360224       -0.492940

     C   17        0.257054       -0.034400        0.100432
     C   17       -0.034400        0.204357        0.399299
     C   17        0.100432        0.399299       -0.461411

     Cl  18        0.167090       -0.209787       -0.042214
     Cl  18       -0.209787       -0.027541        0.022238
     Cl  18       -0.042214        0.022238       -0.139549

     H   19       -0.513277        0.145555       -0.102154
     H   19        0.145555        0.353657       -0.774248
     H   19       -0.102154       -0.774248        0.159620

     C   20        0.126146        0.299717        0.359110
     C   20        0.299717       -0.045626       -0.258594
     C   20        0.359110       -0.258594       -0.080520

     H   21        0.261175       -0.286303        0.749032
     H   21       -0.286303       -0.424158       -0.343917
     H   21        0.749032       -0.343917        0.162983

     C   22        0.018965        0.330090        0.240876
     C   22        0.330090        0.095173       -0.397401
     C   22        0.240876       -0.397401       -0.114138

     C   23        0.031780        0.210833        0.324852
     C   23        0.210833        0.030462       -0.445067
     C   23        0.324852       -0.445067       -0.062241

     Cl  24        0.125301        0.193557        0.059583
     Cl  24        0.193557        0.004298        0.036685
     Cl  24        0.059583        0.036685       -0.129600

     ----- GIPAW term -----
     Cl   1       -0.558130        0.326698       -0.541026
     Cl   1        0.326698        1.002098       -1.326686
     Cl   1       -0.541026       -1.326686       -0.443968

     C    2       -0.024439       -0.021467       -0.035170
     C    2       -0.021467        0.122450       -0.099995
     C    2       -0.035170       -0.099995       -0.098011

     C    3       -0.060216       -0.030019        0.029512
     C    3       -0.030019        0.066305       -0.022001
     C    3        0.029512       -0.022001       -0.006090

     H    4       -0.000000        0.000000        0.000000
     H    4        0.000000        0.000000        0.000000
     H    4        0.000000        0.000000        0.000000

     C    5       -0.077989       -0.113447       -0.022730
     C    5       -0.113447        0.205421       -0.140632
     C    5       -0.022730       -0.140632       -0.127432

     H    6       -0.000000        0.000000        0.000000
     H    6        0.000000        0.000000        0.000000
     H    6        0.000000        0.000000        0.000000

     H    7       -0.000000        0.000000        0.000000
     H    7        0.000000        0.000000        0.000000
     H    7        0.000000        0.000000        0.000000

     C    8        0.042395       -0.186723       -0.133955
     C    8       -0.186723        0.048942        0.080996
     C    8       -0.133955        0.080996       -0.091337

     H    9       -0.000000        0.000000        0.000000
     H    9        0.000000        0.000000        0.000000
     H    9        0.000000        0.000000        0.000000

     C   10        0.014112       -0.055528       -0.029856
     C   10       -0.055528       -0.007301        0.043170
     C   10       -0.029856        0.043170       -0.006811

     C   11       -0.063882       -0.031794       -0.092174
     C   11       -0.031794        0.033327        0.154654
     C   11       -0.092174        0.154654        0.030555

     Cl  12       -0.615822        1.427656       -0.221867
     Cl  12        1.427656       -0.753058        1.593038
     Cl  12       -0.221867        1.593038        1.368880

     H   13       -0.000000        0.000000        0.000000
     H   13        0.000000        0.000000        0.000000
     H   13        0.000000        0.000000        0.000000

     C   14       -0.183915       -0.037385       -0.111981
     C   14       -0.037385        0.139078        0.151339
     C   14       -0.111981        0.151339        0.044837

     H   15       -0.000000        0.000000        0.000000
     H   15        0.000000        0.000000        0.000000
     H   15        0.000000        0.000000        0.000000

     C   16       -0.038714       -0.033367       -0.188325
     C   16       -0.033367       -0.163366       -0.005825
     C   16       -0.188325       -0.005825        0.202079

     C   17        0.011339       -0.143452       -0.151961
     C   17       -0.143452       -0.010733        0.054152
     C   17       -0.151961        0.054152       -0.000605

     Cl  18        0.495964       -1.238258       -1.924727
     Cl  18       -1.238258       -1.209430       -0.816795
     Cl  18       -1.924727       -0.816795        0.713466

     H   19       -0.000000        0.000000        0.000000
     H   19        0.000000        0.000000        0.000000
     H   19        0.000000        0.000000        0.000000

     C   20       -0.043628        0.154121       -0.072865
     C   20        0.154121        0.129982        0.076712
     C   20       -0.072865        0.076712       -0.086354

     H   21       -0.000000        0.000000        0.000000
     H   21        0.000000        0.000000        0.000000
     H   21        0.000000        0.000000        0.000000

     C   22       -0.162816        0.040329       -0.175211
     C   22        0.040329        0.011486       -0.167948
     C   22       -0.175211       -0.167948        0.151330

     C   23       -0.050176       -0.031559        0.035171
     C   23       -0.031559        0.199495       -0.101862
     C   23        0.035171       -0.101862       -0.149319

     Cl  24       -0.376816        0.306880        0.892553
     Cl  24        0.306880       -0.421650       -1.315318
     Cl  24        0.892553       -1.315318        0.798466

     ----- total EFG -----
     Cl   1       -0.423418        0.315329       -0.494082
     Cl   1        0.315329        0.830375       -1.122977
     Cl   1       -0.494082       -1.122977       -0.406957

     C    2        0.355867       -0.145252       -0.176560
     C    2       -0.145252        0.238123       -0.250187
     C    2       -0.176560       -0.250187       -0.593990

     C    3       -0.207902        0.031258        0.156164
     C    3        0.031258        0.230806        0.367964
     C    3        0.156164        0.367964       -0.022904

     H    4        0.544945        0.104169        0.427776
     H    4        0.104169       -0.587841        0.388240
     H    4        0.427776        0.388240        0.042896

     C    5        0.169038       -0.427712       -0.281813
     C    5       -0.427712        0.336786       -0.320390
     C    5       -0.281813       -0.320390       -0.505824

     H    6       -0.165515        0.151630       -0.105106
     H    6        0.151630        0.083321        0.554892
     H    6       -0.105106        0.554892        0.082194

     H    7       -0.395621        0.155999        0.307901
     H    7        0.155999        0.544696       -0.465235
     H    7        0.307901       -0.465235       -0.149075

     C    8       -0.208237       -0.245597       -0.305548
     C    8       -0.245597        0.338136        0.024089
     C    8       -0.305548        0.024089       -0.129899

     H    9        0.521356       -0.143032        0.502913
     H    9       -0.143032       -0.038106       -0.444467
     H    9        0.502913       -0.444467       -0.483250

     C   10        0.186980       -0.007831        0.251787
     C   10       -0.007831       -0.026255       -0.105719
     C   10        0.251787       -0.105719       -0.160725

     C   11       -0.192534        0.005526       -0.103652
     C   11        0.005526        0.014379        0.064953
     C   11       -0.103652        0.064953        0.178156

     Cl  12       -0.449691        1.631335       -0.247474
     Cl  12        1.631335       -0.825655        1.586393
     Cl  12       -0.247474        1.586393        1.275347

     H   13       -0.149711       -0.061155        0.092895
     H   13       -0.061155        0.314693        0.161439
     H   13        0.092895        0.161439       -0.164982

     C   14       -0.553798        0.227008       -0.495938
     C   14        0.227008        0.491248        0.414575
     C   14       -0.495938        0.414575        0.062550

     H   15        0.375902        0.213295        0.458943
     H   15        0.213295       -0.004241        0.166814
     H   15        0.458943        0.166814       -0.371661

     C   16        0.232508       -0.139542       -0.484470
     C   16       -0.139542       -0.408770       -0.052445
     C   16       -0.484470       -0.052445        0.176263

     C   17       -0.141234        0.078183       -0.424175
     C   17        0.078183        0.155918        0.199700
     C   17       -0.424175        0.199700       -0.014684

     Cl  18        0.607684       -1.451167       -1.986211
     Cl  18       -1.451167       -1.228509       -0.856546
     Cl  18       -1.986211       -0.856546        0.620825

     H   19       -0.325258       -0.030726        0.197723
     H   19       -0.030726        0.235653       -0.228069
     H   19        0.197723       -0.228069        0.089605

     C   20       -0.098996        0.604904       -0.106284
     C   20        0.604904        0.084550        0.313974
     C   20       -0.106284        0.313974        0.014446

     H   21        0.354462       -0.228245        0.503665
     H   21       -0.228245       -0.106928        0.098055
     H   21        0.503665        0.098055       -0.247535

     C   22       -0.710105        0.021523       -0.352932
     C   22        0.021523        0.189515       -0.563051
     C   22       -0.352932       -0.563051        0.520590

     C   23        0.043083        0.036619        0.235690
     C   23        0.036619        0.091263       -0.047291
     C   23        0.235690       -0.047291       -0.134346

     Cl  24       -0.229011        0.402970        0.858555
     Cl  24        0.402970       -0.385818       -1.117656
     Cl  24        0.858555       -1.117656        0.614829

     ----- total EFG (symmetrized) -----
     Cl   1       -0.423418        0.315329       -0.494082
     Cl   1        0.315329        0.830375       -1.122977
     Cl   1       -0.494082       -1.122977       -0.406957

     C    2        0.355867       -0.145252       -0.176560
     C    2       -0.145252        0.238123       -0.250187
     C    2       -0.176560       -0.250187       -0.593990

     C    3       -0.207902        0.031258        0.156164
     C    3        0.031258        0.230806        0.367964
     C    3        0.156164        0.367964       -0.022904

     H    4        0.544945        0.104169        0.427776
     H    4        0.104169       -0.587841        0.388240
     H    4        0.427776        0.388240        0.042896

     C    5        0.169038       -0.427712       -0.281813
     C    5       -0.427712        0.336786       -0.320390
     C    5       -0.281813       -0.320390       -0.505824

     H    6       -0.165515        0.151630       -0.105106
     H    6        0.151630        0.083321        0.554892
     H    6       -0.105106        0.554892        0.082194

     H    7       -0.395621        0.155999        0.307901
     H    7        0.155999        0.544696       -0.465235
     H    7        0.307901       -0.465235       -0.149075

     C    8       -0.208237       -0.245597       -0.305548
     C    8       -0.245597        0.338136        0.024089
     C    8       -0.305548        0.024089       -0.129899

     H    9        0.521356       -0.143032        0.502913
     H    9       -0.143032       -0.038106       -0.444467
     H    9        0.502913       -0.444467       -0.483250

     C   10        0.186980       -0.007831        0.251787
     C   10       -0.007831       -0.026255       -0.105719
     C   10        0.251787       -0.105719       -0.160725

     C   11       -0.192534        0.005526       -0.103652
     C   11        0.005526        0.014379        0.064953
     C   11       -0.103652        0.064953        0.178156

     Cl  12       -0.449691        1.631335       -0.247474
     Cl  12        1.631335       -0.825655        1.586393
     Cl  12       -0.247474        1.586393        1.275347

     H   13       -0.149711       -0.061155        0.092895
     H   13       -0.061155        0.314693        0.161439
     H   13        0.092895        0.161439       -0.164982

     C   14       -0.553798        0.227008       -0.495938
     C   14        0.227008        0.491248        0.414575
     C   14       -0.495938        0.414575        0.062550

     H   15        0.375902        0.213295        0.458943
     H   15        0.213295       -0.004241        0.166814
     H   15        0.458943        0.166814       -0.371661

     C   16        0.232508       -0.139542       -0.484470
     C   16       -0.139542       -0.408770       -0.052445
     C   16       -0.484470       -0.052445        0.176263

     C   17       -0.141234        0.078183       -0.424175
     C   17        0.078183        0.155918        0.199700
     C   17       -0.424175        0.199700       -0.014684

     Cl  18        0.607684       -1.451167       -1.986211
     Cl  18       -1.451167       -1.228509       -0.856546
     Cl  18       -1.986211       -0.856546        0.620825

     H   19       -0.325258       -0.030726        0.197723
     H   19       -0.030726        0.235653       -0.228069
     H   19        0.197723       -0.228069        0.089605

     C   20       -0.098996        0.604904       -0.106284
     C   20        0.604904        0.084550        0.313974
     C   20       -0.106284        0.313974        0.014446

     H   21        0.354462       -0.228245        0.503665
     H   21       -0.228245       -0.106928        0.098055
     H   21        0.503665        0.098055       -0.247535

     C   22       -0.710105        0.021523       -0.352932
     C   22        0.021523        0.189515       -0.563051
     C   22       -0.352932       -0.563051        0.520590

     C   23        0.043083        0.036619        0.235690
     C   23        0.036619        0.091263       -0.047291
     C   23        0.235690       -0.047291       -0.134346

     Cl  24       -0.229011        0.402970        0.858555
     Cl  24        0.402970       -0.385818       -1.117656
     Cl  24        0.858555       -1.117656        0.614829


     NQR/NMR SPECTROSCOPIC PARAMETERS:
     Cl   1    Vxx=   -0.4507    axis=(  0.892600 -0.400762 -0.206533)
     Cl   1    Vyy=   -1.1781    axis=(  0.375338  0.406755  0.832870)
     Cl   1    Vzz=    1.6287    axis=(  0.249774  0.820939 -0.513490)
     Cl   1  Q=        -8.1650 1e-30 m^2  Cq=       -31.2463 MHz  eta= 0.44659

     C    2    Vxx=    0.2511    axis=(  0.516056  0.785973 -0.340489)
     C    2    Vyy=    0.4538    axis=(  0.834121 -0.551511 -0.008868)
     C    2    Vzz=   -0.7049    axis=(  0.194753  0.279432  0.940207)
     C    2  Q=         1.0000 1e-30 m^2  Cq=        -1.6563 MHz  eta= 0.28748

     C    3    Vxx=   -0.1446    axis=(  0.782419 -0.467941  0.410917)
     C    3    Vyy=   -0.3677    axis=( -0.601204 -0.395495  0.694361)
     C    3    Vzz=    0.5123    axis=(  0.162404  0.790326  0.590771)
     C    3  Q=         1.0000 1e-30 m^2  Cq=         1.2037 MHz  eta= 0.43554

     H    4    Vxx=   -0.0692    axis=(  0.565844 -0.418265 -0.710545)
     H    4    Vyy=   -0.7797    axis=(  0.078477  0.885185 -0.458572)
     H    4    Vzz=    0.8490    axis=( -0.820769 -0.203719 -0.533701)
     H    4  Q=         1.0000 1e-30 m^2  Cq=         1.9947 MHz  eta= 0.83692

     C    5    Vxx=    0.1041    axis=(  0.678389  0.473230 -0.561998)
     C    5    Vyy=    0.6935    axis=( -0.608253  0.790797 -0.068333)
     C    5    Vzz=   -0.7976    axis=(  0.412089  0.388193  0.824311)
     C    5  Q=         1.0000 1e-30 m^2  Cq=        -1.8740 MHz  eta= 0.73887

     H    6    Vxx=   -0.0825    axis=( -0.905690 -0.268827  0.327808)
     H    6    Vyy=   -0.5566    axis=( -0.421802  0.648990 -0.633163)
     H    6    Vzz=    0.6391    axis=( -0.042533 -0.711719 -0.701175)
     H    6  Q=         1.0000 1e-30 m^2  Cq=         1.5015 MHz  eta= 0.74191

     H    7    Vxx=   -0.0438    axis=( -0.700360 -0.319088 -0.638497)
     H    7    Vyy=   -0.7343    axis=(  0.713788 -0.314660 -0.625696)
     H    7    Vzz=    0.7781    axis=( -0.001257 -0.893964  0.448137)
     H    7  Q=         1.0000 1e-30 m^2  Cq=         1.8283 MHz  eta= 0.88731

     C    8    Vxx=    0.0453    axis=( -0.469497 -0.455965  0.756088)
     C    8    Vyy=    0.4673    axis=(  0.430219 -0.865941 -0.255066)
     C    8    Vzz=   -0.5126    axis=(  0.771028  0.205531  0.602721)
     C    8  Q=         1.0000 1e-30 m^2  Cq=        -1.2043 MHz  eta= 0.82322

     H    9    Vxx=    0.0137    axis=(  0.487209  0.835475 -0.254182)
     H    9    Vyy=    0.8441    axis=( -0.829937  0.352414 -0.432445)
     H    9    Vzz=   -0.8578    axis=( -0.271720  0.421646  0.865091)
     H    9  Q=         1.0000 1e-30 m^2  Cq=        -2.0156 MHz  eta= 0.96804

     C   10    Vxx=   -0.0075    axis=(  0.280940  0.941185 -0.187731)
     C   10    Vyy=   -0.3208    axis=(  0.420584 -0.296564 -0.857414)
     C   10    Vzz=    0.3283    axis=( -0.862660  0.161926 -0.479164)
     C   10  Q=         1.0000 1e-30 m^2  Cq=         0.7714 MHz  eta= 0.95428

     C   11    Vxx=   -0.0017    axis=(  0.163601  0.954242 -0.250316)
     C   11    Vyy=   -0.2216    axis=( -0.959730  0.095211 -0.264299)
     C   11    Vzz=    0.2233    axis=( -0.228372  0.283475  0.931391)
     C   11  Q=         1.0000 1e-30 m^2  Cq=         0.5248 MHz  eta= 0.98467

     Cl  12    Vxx=    0.4821    axis=(  0.782992  0.371575 -0.498854)
     Cl  12    Vyy=    2.2729    axis=(  0.252557  0.542991  0.800860)
     Cl  12    Vzz=   -2.7550    axis=(  0.568453 -0.753056  0.331313)
     Cl  12  Q=        -8.1650 1e-30 m^2  Cq=        52.8539 MHz  eta= 0.64999

     H   13    Vxx=   -0.0720    axis=(  0.798734 -0.119856  0.589626)
     H   13    Vyy=   -0.2940    axis=(  0.598365  0.261030 -0.757511)
     H   13    Vzz=    0.3660    axis=( -0.063118  0.957861  0.280211)
     H   13  Q=         1.0000 1e-30 m^2  Cq=         0.8598 MHz  eta= 0.60673

     C   14    Vxx=    0.1971    axis=(  0.579882  0.480111 -0.658202)
     C   14    Vyy=    0.7477    axis=(  0.064519 -0.832432 -0.550358)
     C   14    Vzz=   -0.9448    axis=(  0.812142 -0.276676  0.513689)
     C   14  Q=         1.0000 1e-30 m^2  Cq=        -2.2200 MHz  eta= 0.58283

     H   15    Vxx=   -0.0980    axis=(  0.368069 -0.928378  0.051371)
     H   15    Vyy=   -0.5963    axis=(  0.404429  0.110104 -0.907917)
     H   15    Vzz=    0.6944    axis=(  0.837235  0.354953  0.415989)
     H   15  Q=         1.0000 1e-30 m^2  Cq=         1.6315 MHz  eta= 0.71762

     C   16    Vxx=   -0.1978    axis=(  0.554437 -0.526871  0.644210)
     C   16    Vyy=   -0.4958    axis=(  0.396604  0.847803  0.352045)
     C   16    Vzz=    0.6936    axis=( -0.731646  0.060309  0.679012)
     C   16  Q=         1.0000 1e-30 m^2  Cq=         1.6298 MHz  eta= 0.42966

     C   17    Vxx=    0.1579    axis=(  0.477579  0.860313 -0.178267)
     C   17    Vyy=    0.4000    axis=( -0.514356  0.438272  0.737126)
     C   17    Vzz=   -0.5580    axis=( -0.712289  0.260343 -0.651817)
     C   17  Q=         1.0000 1e-30 m^2  Cq=        -1.3110 MHz  eta= 0.43389

     Cl  18    Vxx=    0.2948    axis=( -0.400882  0.708495 -0.580800)
     Cl  18    Vyy=    2.6547    axis=( -0.736004  0.128435  0.664682)
     Cl  18    Vzz=   -2.9494    axis=(  0.545519  0.693930  0.469968)
     Cl  18  Q=        -8.1650 1e-30 m^2  Cq=        56.5830 MHz  eta= 0.80012

     H   19    Vxx=   -0.0200    axis=( -0.369763 -0.642892 -0.670794)
     H   19    Vyy=   -0.4100    axis=( -0.908753  0.099881  0.405207)
     H   19    Vzz=    0.4300    axis=( -0.193504  0.759416 -0.621162)
     H   19  Q=         1.0000 1e-30 m^2  Cq=         1.0104 MHz  eta= 0.90705

     C   20    Vxx=    0.0773    axis=( -0.460784  0.021608  0.887249)
     C   20    Vyy=    0.6541    axis=(  0.576639  0.767233  0.280787)
     C   20    Vzz=   -0.7314    axis=( -0.674660  0.641004 -0.365989)
     C   20  Q=         1.0000 1e-30 m^2  Cq=        -1.7185 MHz  eta= 0.78865

     H   21    Vxx=   -0.0570    axis=(  0.016095 -0.905712 -0.423589)
     H   21    Vyy=   -0.6135    axis=(  0.495966  0.375084 -0.783154)
     H   21    Vzz=    0.6705    axis=(  0.868193 -0.197480  0.455239)
     H   21  Q=         1.0000 1e-30 m^2  Cq=         1.5754 MHz  eta= 0.82993

     C   22    Vxx=   -0.1708    axis=( -0.298963  0.808942  0.506195)
     C   22    Vyy=   -0.8233    axis=(  0.938303  0.152579  0.310335)
     C   22    Vzz=    0.9941    axis=( -0.173808 -0.567743  0.804648)
     C   22  Q=         1.0000 1e-30 m^2  Cq=         2.3357 MHz  eta= 0.65644

     C   23    Vxx=    0.1001    axis=(  0.059991  0.988466 -0.139057)
     C   23    Vyy=    0.2063    axis=( -0.823908 -0.029613 -0.565949)
     C   23    Vzz=   -0.3064    axis=( -0.563539  0.148522  0.812629)
     C   23  Q=         1.0000 1e-30 m^2  Cq=        -0.7200 MHz  eta= 0.34643

     Cl  24    Vxx=    0.1023    axis=(  0.789258  0.613841  0.016472)
     Cl  24    Vyy=    1.5078    axis=(  0.317543 -0.430953  0.844657)
     Cl  24    Vzz=   -1.6102    axis=(  0.525584 -0.661421 -0.535054)
     Cl  24  Q=        -8.1650 1e-30 m^2  Cq=        30.8900 MHz  eta= 0.87291

     Initialization:
     gipaw_setup  :      9.01s CPU     10.85s WALL (       1 calls)

     Linear response

     Apply operators

     Induced current

     Other routines
     efg          :      9.39s CPU     11.62s WALL (       1 calls)

     General routines
     calbec       :      3.38s CPU      4.35s WALL (      16 calls)
     fft          :      1.57s CPU      2.22s WALL (      15 calls)
     ffts         :      0.03s CPU      0.04s WALL (       2 calls)
     fftw         :      3.34s CPU      3.90s WALL (     672 calls)
     davcio       :      0.03s CPU      0.34s WALL (      32 calls)

     Parallel routines
     fft_scatter  :      2.20s CPU      3.25s WALL (     689 calls)

     Plugins

     GIPAW        :     61.20s CPU     73.01s WALL (       1 calls)
