
     Program QE v.6.0 (svn rev. 13079) starts on 20Dec2016 at  9:10:51 

     This program is part of the open-source Quantum ESPRESSO suite
     for quantum simulation of materials; please cite
         "P. Giannozzi et al., J. Phys.:Condens. Matter 21 395502 (2009);
          URL http://www.quantum-espresso.org", 
     in publications or presentations arising from this work. More details at
     http://www.quantum-espresso.org/quote

     Parallel version (MPI), running on     8 processors
     R & G space division:  proc/nbgrp/npool/nimage =       8

     ***** This is GIPAW svn revision unknown      *****

     Parallelizing q-star over 1 images

     Reading data from directory:
     /users/majewski/paradichlorobenzene/pbe/9_constraint/scratch/pbe.ecut100.np8.dt60.pcl2phi-129368.save
     Message from routine read_xml_file:
     file /users/majewski/paradichlorobenzene/pbe/9_constraint/scratch/pbe.ecut100.np8.dt60.pcl2phi-129368.save not guaranteed to be safe for post-processing

   Info: using nr1, nr2, nr3 values from input

   Info: using nr1, nr2, nr3 values from input

     IMPORTANT: XC functional enforced from input :
     Exchange-correlation      =  SLA  PW   PBX  PBC ( 1  4  3  4 0 0)
     Any further DFT definition will be discarded
     Please, verify this is what you really want

               file C.pbe-n-kjpaw_psl.1.0.0.UPF: wavefunction(s)  2S 2P renormalized
               file Cl.pbe-n-kjpaw_psl.1.0.0.UPF: wavefunction(s)  3S 3P renormalized
               file H.pbe-kjpaw_psl.1.0.0.UPF: wavefunction(s)  1S renormalized

     Parallelization info
     --------------------
     sticks:   dense  smooth     PW     G-vecs:    dense   smooth      PW
     Min        3057    1223    332               144436    36536    5170
     Max        3059    1225    333               144437    36537    5171
     Sum       24467    9791   2657              1155489   292295   41363


     Subspace diagonalization in iterative solution of the eigenvalue problem:
     a serial algorithm will be used

     GIPAW projectors -----------------------------------------------
     atom=  C    l=0  rc=    1.2000  rs=    0.8000
     atom=  C    l=0  rc=    1.2000  rs=    0.8000
     atom=  C    l=1  rc=    1.4000  rs=    0.9333
     atom=  C    l=1  rc=    1.4000  rs=    0.9333
     projs nearly linearly dependent: l=1  n1,n2= 1, 2  s=  0.99951561

     atom=  Cl   l=0  rc=    1.6000  rs=    1.0667
     atom=  Cl   l=0  rc=    1.6000  rs=    1.0667
     atom=  Cl   l=1  rc=    1.6000  rs=    1.0667
     atom=  Cl   l=1  rc=    1.6000  rs=    1.0667
     atom=  Cl   l=2  rc=    1.6000  rs=    1.0667
     atom=  Cl   l=2  rc=    1.6000  rs=    1.0667
     projs nearly linearly dependent: l=2  n1,n2= 1, 2  s=  0.99993509

     atom=  H    l=0  rc=    1.0000  rs=    0.6667
     atom=  H    l=0  rc=    1.0000  rs=    0.6667
     projs nearly linearly dependent: l=0  n1,n2= 1, 2  s=  0.99968852
     -----------------------------------------------------------------

     GIPAW integrals: -------------------------------------------
     Atom  i/j   nmr_para   nmr_dia   epr_rmc  epr_para   epr_dia
       C   1 1   0.83E+03  0.17E-01  0.93E+01  0.24E+08  0.24E+03
       C   2 1   0.86E+03 -0.61E-01  0.94E+01  0.25E+08  0.25E+03
       C   2 2   0.90E+03 -0.15E+00  0.97E+01  0.26E+08  0.26E+03
       C   3 3   0.33E+01  0.34E+00  0.18E+01  0.55E+03  0.21E+02
       C   4 3   0.35E+01  0.37E+00  0.20E+01  0.59E+03  0.22E+02
       C   4 4   0.38E+01  0.39E+00  0.22E+01  0.63E+03  0.24E+02
       Cl  1 1   0.14E+04 -0.47E+00  0.84E+01  0.32E+09  0.42E+03
       Cl  2 1   0.21E+04 -0.37E+00  0.12E+02  0.49E+09  0.65E+03
       Cl  2 2   0.33E+04 -0.16E+00  0.21E+02  0.76E+09  0.10E+04
       Cl  3 3   0.21E+02  0.79E-01  0.89E+01  0.23E+05  0.13E+03
       Cl  4 3   0.24E+02  0.67E-01  0.99E+01  0.27E+05  0.15E+03
       Cl  4 4   0.28E+02  0.44E-01  0.11E+02  0.32E+05  0.18E+03
       Cl  5 5   0.77E+00  0.19E+00  0.18E+01  0.12E+03  0.22E+02
       Cl  6 5   0.80E+00  0.19E+00  0.19E+01  0.12E+03  0.23E+02
       Cl  6 6   0.83E+00  0.20E+00  0.19E+01  0.12E+03  0.23E+02
       H   1 1   0.39E+02  0.19E+00  0.29E+00  0.78E+05  0.13E+02
       H   2 1   0.41E+02  0.21E+00  0.32E+00  0.82E+05  0.14E+02
       H   2 2   0.43E+02  0.22E+00  0.36E+00  0.86E+05  0.15E+02
     ------------------------------------------------------------

     alpha_pv=     33.8034 eV

     Number of occupied bands for each k-point:
     k-point:     1    nbnd_occ=  42
     k-point:     2    nbnd_occ=  42
     k-point:     3    nbnd_occ=  42
     k-point:     4    nbnd_occ=  42
     k-point:     5    nbnd_occ=  42
     k-point:     6    nbnd_occ=  42
     k-point:     7    nbnd_occ=  42
     k-point:     8    nbnd_occ=  42
     k-point:     9    nbnd_occ=  42
     k-point:    10    nbnd_occ=  42
     k-point:    11    nbnd_occ=  42
     k-point:    12    nbnd_occ=  42
     k-point:    13    nbnd_occ=  42
     k-point:    14    nbnd_occ=  42
     k-point:    15    nbnd_occ=  42
     k-point:    16    nbnd_occ=  42


     q-space interpolation up to   110.00 Rydberg

     GIPAW job: efg                                                                             


     ELECTRIC FIELD GRADIENTS TENSORS IN Hartree/bohrradius^2:

     ----- bare term -----
     Cl   1       -0.171675        0.307399       -0.030718
     Cl   1        0.307399       -0.048793        0.000492
     Cl   1       -0.030718        0.000492        0.220467

     C    2        0.094524       -0.133873       -0.569657
     C    2       -0.133873       -0.064966       -0.507400
     C    2       -0.569657       -0.507400       -0.029557

     C    3        0.052521        0.435105       -0.103109
     C    3        0.435105       -0.273348       -0.183182
     C    3       -0.103109       -0.183182        0.220827

     H    4        0.140790       -0.094053       -0.255664
     H    4       -0.094053        0.396938        0.169254
     H    4       -0.255664        0.169254       -0.537729

     C    5       -0.103204       -0.044614       -0.522454
     C    5       -0.044614       -0.168859       -0.378867
     C    5       -0.522454       -0.378867        0.272063

     H    6        0.416951        0.024926        0.198814
     H    6        0.024926       -0.035534       -0.506849
     H    6        0.198814       -0.506849       -0.381416

     H    7        0.381333        0.052041       -0.060465
     H    7        0.052041       -0.529764        0.551779
     H    7       -0.060465        0.551779        0.148430

     C    8       -0.641829       -0.380861       -0.391241
     C    8       -0.380861        0.320146        0.318993
     C    8       -0.391241        0.318993        0.321683

     H    9       -0.506127        0.280626       -0.362877
     H    9        0.280626        0.311066        0.168774
     H    9       -0.362877        0.168774        0.195062

     C   10       -0.039349       -0.176856       -0.205439
     C   10       -0.176856       -0.289909        0.505305
     C   10       -0.205439        0.505305        0.329258

     C   11       -0.235803       -0.196449       -0.473105
     C   11       -0.196449        0.128478        0.316026
     C   11       -0.473105        0.316026        0.107326

     Cl  12       -0.076408       -0.106712        0.008701
     Cl  12       -0.106712       -0.006987       -0.021008
     Cl  12        0.008701       -0.021008        0.083395

     H   13        0.503570        0.018904       -0.153501
     H   13        0.018904        0.058413       -0.206452
     H   13       -0.153501       -0.206452       -0.561983

     C   14       -0.302226        0.366350        0.098715
     C   14        0.366350       -0.086427       -0.427144
     C   14        0.098715       -0.427144        0.388653

     H   15        0.155948       -0.007004       -0.351638
     H   15       -0.007004        0.242244        0.230709
     H   15       -0.351638        0.230709       -0.398192

     C   16        0.108575       -0.029495       -0.213320
     C   16       -0.029495       -0.078450       -0.486875
     C   16       -0.213320       -0.486875       -0.030125

     C   17       -0.575202        0.361200       -0.258158
     C   17        0.361200        0.216469       -0.309152
     C   17       -0.258158       -0.309152        0.358732

     Cl  18        0.211092       -0.070135       -0.015968
     Cl  18       -0.070135       -0.409811        0.057674
     Cl  18       -0.015968        0.057674        0.198719

     H   19        0.151105        0.410837       -0.125130
     H   19        0.410837       -0.453461        0.401189
     H   19       -0.125130        0.401189        0.302356

     C   20       -0.027857       -0.513852       -0.153925
     C   20       -0.513852       -0.268107        0.420210
     C   20       -0.153925        0.420210        0.295964

     H   21       -0.723042        0.196560       -0.067565
     H   21        0.196560        0.418052        0.136215
     H   21       -0.067565        0.136215        0.304991

     C   22       -0.143630       -0.207606       -0.378357
     C   22       -0.207606       -0.159812        0.439185
     C   22       -0.378357        0.439185        0.303442

     C   23       -0.168696       -0.063058       -0.186889
     C   23       -0.063058       -0.013352        0.508015
     C   23       -0.186889        0.508015        0.182048

     Cl  24        0.064671       -0.050931        0.104355
     Cl  24       -0.050931        0.094235       -0.173058
     Cl  24        0.104355       -0.173058       -0.158907

     ----- ionic term -----
     Cl   1        0.130499       -0.207345        0.057085
     Cl   1       -0.207345        0.006389       -0.022862
     Cl   1        0.057085       -0.022862       -0.136889

     C    2        0.073546       -0.262470        0.400594
     C    2       -0.262470       -0.022803        0.321187
     C    2        0.400594        0.321187       -0.050743

     C    3        0.020624       -0.345886        0.243396
     C    3       -0.345886        0.135190        0.336500
     C    3        0.243396        0.336500       -0.155814

     H    4        0.429511        0.062377        0.792977
     H    4        0.062377       -0.502900        0.142508
     H    4        0.792977        0.142508        0.073389

     C    5        0.082818       -0.308846        0.343026
     C    5       -0.308846        0.070743        0.226502
     C    5        0.343026        0.226502       -0.153561

     H    6       -0.519145        0.121014        0.113412
     H    6        0.121014        0.548635        0.730991
     H    6        0.113412        0.730991       -0.029490

     H    7       -0.499489       -0.163050        0.057240
     H    7       -0.163050        0.857197       -0.575242
     H    7        0.057240       -0.575242       -0.357708

     C    8        0.401861        0.074975        0.162801
     C    8        0.074975        0.050937       -0.307040
     C    8        0.162801       -0.307040       -0.452798

     H    9        0.586645       -0.470449        0.605164
     H    9       -0.470449       -0.321335       -0.303226
     H    9        0.605164       -0.303226       -0.265309

     C   10        0.164091        0.069040        0.142639
     C   10        0.069040        0.191992       -0.429179
     C   10        0.142639       -0.429179       -0.356083

     C   11        0.207232        0.066774        0.209298
     C   11        0.066774        0.132322       -0.451308
     C   11        0.209298       -0.451308       -0.339554

     Cl  12        0.111022        0.196858       -0.045883
     Cl  12        0.196858        0.006251       -0.040611
     Cl  12       -0.045883       -0.040611       -0.117273

     H   13       -0.568716       -0.013327       -0.023269
     H   13       -0.013327        0.313285        0.813965
     H   13       -0.023269        0.813965        0.255430

     C   14        0.050617       -0.270001        0.320099
     C   14       -0.270001        0.002832        0.267280
     C   14        0.320099        0.267280       -0.053449

     H   15        0.167037        0.124818        0.772830
     H   15        0.124818       -0.472568        0.201849
     H   15        0.772830        0.201849        0.305531

     C   16       -0.087097       -0.287364        0.223644
     C   16       -0.287364        0.166258        0.380148
     C   16        0.223644        0.380148       -0.079161

     C   17       -0.048414       -0.296154        0.307814
     C   17       -0.296154        0.124171        0.362384
     C   17        0.307814        0.362384       -0.075757

     Cl  18        0.055279       -0.213708        0.008186
     Cl  18       -0.213708        0.086171       -0.001740
     Cl  18        0.008186       -0.001740       -0.141450

     H   19       -0.516820       -0.118739        0.084086
     H   19       -0.118739        0.596271       -0.755893
     H   19        0.084086       -0.755893       -0.079452

     C   20        0.300159        0.152301        0.204804
     C   20        0.152301        0.031715       -0.348338
     C   20        0.204804       -0.348338       -0.331873

     H   21        0.663580       -0.143356        0.683552
     H   21       -0.143356       -0.527689       -0.165418
     H   21        0.683552       -0.165418       -0.135891

     C   22        0.149701        0.233787        0.154383
     C   22        0.233787        0.096369       -0.441390
     C   22        0.154383       -0.441390       -0.246070

     C   23        0.288848        0.073987        0.174600
     C   23        0.073987        0.034565       -0.472624
     C   23        0.174600       -0.472624       -0.323413

     Cl  24        0.126558        0.184407       -0.033590
     Cl  24        0.184407        0.005815       -0.035033
     Cl  24       -0.033590       -0.035033       -0.132374

     ----- GIPAW term -----
     Cl   1        0.782921       -0.009675       -2.211193
     Cl   1       -0.009675       -1.369296       -0.496212
     Cl   1       -2.211193       -0.496212        0.586376

     C    2        0.275072       -0.021036       -0.117970
     C    2       -0.021036       -0.095358       -0.064904
     C    2       -0.117970       -0.064904       -0.179714

     C    3        0.075927        0.075539       -0.110658
     C    3        0.075539       -0.092802       -0.029960
     C    3       -0.110658       -0.029960        0.016875

     H    4       -0.000000        0.000000        0.000000
     H    4        0.000000        0.000000        0.000000
     H    4        0.000000        0.000000        0.000000

     C    5        0.064455       -0.041999       -0.246769
     C    5       -0.041999       -0.167913       -0.046266
     C    5       -0.246769       -0.046266        0.103458

     H    6       -0.000000        0.000000        0.000000
     H    6        0.000000        0.000000        0.000000
     H    6        0.000000        0.000000        0.000000

     H    7       -0.000000        0.000000        0.000000
     H    7        0.000000        0.000000        0.000000
     H    7        0.000000        0.000000        0.000000

     C    8       -0.165939       -0.134470       -0.077733
     C    8       -0.134470        0.194662        0.113523
     C    8       -0.077733        0.113523       -0.028723

     H    9       -0.000000        0.000000        0.000000
     H    9        0.000000        0.000000        0.000000
     H    9        0.000000        0.000000        0.000000

     C   10       -0.080138        0.008691       -0.044189
     C   10        0.008691        0.059156       -0.035350
     C   10       -0.044189       -0.035350        0.020982

     C   11        0.101623       -0.094840       -0.045366
     C   11       -0.094840        0.078705        0.004253
     C   11       -0.045366        0.004253       -0.180327

     Cl  12       -0.096206        0.355298        1.464099
     Cl  12        0.355298       -0.732978       -1.550710
     Cl  12        1.464099       -1.550710        0.829184

     H   13       -0.000000        0.000000        0.000000
     H   13        0.000000        0.000000        0.000000
     H   13        0.000000        0.000000        0.000000

     C   14       -0.022772       -0.080608        0.167364
     C   14       -0.080608       -0.020198       -0.179742
     C   14        0.167364       -0.179742        0.042969

     H   15       -0.000000        0.000000        0.000000
     H   15        0.000000        0.000000        0.000000
     H   15        0.000000        0.000000        0.000000

     C   16       -0.064993       -0.053976       -0.009339
     C   16       -0.053976        0.106804       -0.131488
     C   16       -0.009339       -0.131488       -0.041812

     C   17       -0.135391       -0.108650       -0.010339
     C   17       -0.108650        0.248929       -0.100045
     C   17       -0.010339       -0.100045       -0.113538

     Cl  18        0.210027       -0.045087       -0.158911
     Cl  18       -0.045087        1.459536       -0.194333
     Cl  18       -0.158911       -0.194333       -1.669563

     H   19       -0.000000        0.000000        0.000000
     H   19        0.000000        0.000000        0.000000
     H   19        0.000000        0.000000        0.000000

     C   20        0.102978       -0.249533       -0.041295
     C   20       -0.249533       -0.025410        0.114867
     C   20       -0.041295        0.114867       -0.077568

     H   21       -0.000000        0.000000        0.000000
     H   21        0.000000        0.000000        0.000000
     H   21        0.000000        0.000000        0.000000

     C   22        0.007019       -0.114299       -0.215823
     C   22       -0.114299       -0.048202        0.144100
     C   22       -0.215823        0.144100        0.041184

     C   23       -0.051489       -0.009481       -0.092053
     C   23       -0.009481        0.008890        0.180038
     C   23       -0.092053        0.180038        0.042599

     Cl  24       -0.318506        0.477636       -0.895255
     Cl  24        0.477636       -0.605894        1.095289
     Cl  24       -0.895255        1.095289        0.924400

     ----- total EFG -----
     Cl   1        0.741745        0.090379       -2.184826
     Cl   1        0.090379       -1.411700       -0.518582
     Cl   1       -2.184826       -0.518582        0.669955

     C    2        0.443141       -0.417378       -0.287033
     C    2       -0.417378       -0.183128       -0.251117
     C    2       -0.287033       -0.251117       -0.260014

     C    3        0.149071        0.164758        0.029629
     C    3        0.164758       -0.230960        0.123359
     C    3        0.029629        0.123359        0.081889

     H    4        0.570302       -0.031675        0.537314
     H    4       -0.031675       -0.105962        0.311762
     H    4        0.537314        0.311762       -0.464340

     C    5        0.044069       -0.395459       -0.426196
     C    5       -0.395459       -0.266029       -0.198631
     C    5       -0.426196       -0.198631        0.221960

     H    6       -0.102194        0.145940        0.312226
     H    6        0.145940        0.513100        0.224142
     H    6        0.312226        0.224142       -0.410906

     H    7       -0.118156       -0.111009       -0.003226
     H    7       -0.111009        0.327434       -0.023463
     H    7       -0.003226       -0.023463       -0.209278

     C    8       -0.405907       -0.440357       -0.306174
     C    8       -0.440357        0.565745        0.125476
     C    8       -0.306174        0.125476       -0.159838

     H    9        0.080517       -0.189824        0.242286
     H    9       -0.189824       -0.010269       -0.134452
     H    9        0.242286       -0.134452       -0.070248

     C   10        0.044605       -0.099125       -0.106989
     C   10       -0.099125       -0.038762        0.040776
     C   10       -0.106989        0.040776       -0.005843

     C   11        0.073051       -0.224515       -0.309172
     C   11       -0.224515        0.339504       -0.131029
     C   11       -0.309172       -0.131029       -0.412555

     Cl  12       -0.061591        0.445444        1.426917
     Cl  12        0.445444       -0.733714       -1.612328
     Cl  12        1.426917       -1.612328        0.795305

     H   13       -0.065146        0.005577       -0.176770
     H   13        0.005577        0.371699        0.607513
     H   13       -0.176770        0.607513       -0.306553

     C   14       -0.274380        0.015741        0.586178
     C   14        0.015741       -0.103793       -0.339606
     C   14        0.586178       -0.339606        0.378173

     H   15        0.322985        0.117814        0.421191
     H   15        0.117814       -0.230324        0.432558
     H   15        0.421191        0.432558       -0.092661

     C   16       -0.043515       -0.370834        0.000986
     C   16       -0.370834        0.194613       -0.238214
     C   16        0.000986       -0.238214       -0.151098

     C   17       -0.759007       -0.043604        0.039317
     C   17       -0.043604        0.589570       -0.046812
     C   17        0.039317       -0.046812        0.169437

     Cl  18        0.476398       -0.328930       -0.166693
     Cl  18       -0.328930        1.135896       -0.138399
     Cl  18       -0.166693       -0.138399       -1.612294

     H   19       -0.365715        0.292098       -0.041044
     H   19        0.292098        0.142810       -0.354704
     H   19       -0.041044       -0.354704        0.222905

     C   20        0.375280       -0.611084        0.009584
     C   20       -0.611084       -0.261802        0.186739
     C   20        0.009584        0.186739       -0.113478

     H   21       -0.059462        0.053204        0.615987
     H   21        0.053204       -0.109637       -0.029203
     H   21        0.615987       -0.029203        0.169099

     C   22        0.013089       -0.088119       -0.439797
     C   22       -0.088119       -0.111645        0.141895
     C   22       -0.439797        0.141895        0.098556

     C   23        0.068663        0.001449       -0.104342
     C   23        0.001449        0.030103        0.215429
     C   23       -0.104342        0.215429       -0.098766

     Cl  24       -0.127276        0.611112       -0.824489
     Cl  24        0.611112       -0.505843        0.887198
     Cl  24       -0.824489        0.887198        0.633119

     ----- total EFG (symmetrized) -----
     Cl   1        0.741745        0.090379       -2.184826
     Cl   1        0.090379       -1.411700       -0.518582
     Cl   1       -2.184826       -0.518582        0.669955

     C    2        0.443141       -0.417378       -0.287033
     C    2       -0.417378       -0.183128       -0.251117
     C    2       -0.287033       -0.251117       -0.260014

     C    3        0.149071        0.164758        0.029629
     C    3        0.164758       -0.230960        0.123359
     C    3        0.029629        0.123359        0.081889

     H    4        0.570302       -0.031675        0.537314
     H    4       -0.031675       -0.105962        0.311762
     H    4        0.537314        0.311762       -0.464340

     C    5        0.044069       -0.395459       -0.426196
     C    5       -0.395459       -0.266029       -0.198631
     C    5       -0.426196       -0.198631        0.221960

     H    6       -0.102194        0.145940        0.312226
     H    6        0.145940        0.513100        0.224142
     H    6        0.312226        0.224142       -0.410906

     H    7       -0.118156       -0.111009       -0.003226
     H    7       -0.111009        0.327434       -0.023463
     H    7       -0.003226       -0.023463       -0.209278

     C    8       -0.405907       -0.440357       -0.306174
     C    8       -0.440357        0.565745        0.125476
     C    8       -0.306174        0.125476       -0.159838

     H    9        0.080517       -0.189824        0.242286
     H    9       -0.189824       -0.010269       -0.134452
     H    9        0.242286       -0.134452       -0.070248

     C   10        0.044605       -0.099125       -0.106989
     C   10       -0.099125       -0.038762        0.040776
     C   10       -0.106989        0.040776       -0.005843

     C   11        0.073051       -0.224515       -0.309172
     C   11       -0.224515        0.339504       -0.131029
     C   11       -0.309172       -0.131029       -0.412555

     Cl  12       -0.061591        0.445444        1.426917
     Cl  12        0.445444       -0.733714       -1.612328
     Cl  12        1.426917       -1.612328        0.795305

     H   13       -0.065146        0.005577       -0.176770
     H   13        0.005577        0.371699        0.607513
     H   13       -0.176770        0.607513       -0.306553

     C   14       -0.274380        0.015741        0.586178
     C   14        0.015741       -0.103793       -0.339606
     C   14        0.586178       -0.339606        0.378173

     H   15        0.322985        0.117814        0.421191
     H   15        0.117814       -0.230324        0.432558
     H   15        0.421191        0.432558       -0.092661

     C   16       -0.043515       -0.370834        0.000986
     C   16       -0.370834        0.194613       -0.238214
     C   16        0.000986       -0.238214       -0.151098

     C   17       -0.759007       -0.043604        0.039317
     C   17       -0.043604        0.589570       -0.046812
     C   17        0.039317       -0.046812        0.169437

     Cl  18        0.476398       -0.328930       -0.166693
     Cl  18       -0.328930        1.135896       -0.138399
     Cl  18       -0.166693       -0.138399       -1.612294

     H   19       -0.365715        0.292098       -0.041044
     H   19        0.292098        0.142810       -0.354704
     H   19       -0.041044       -0.354704        0.222905

     C   20        0.375280       -0.611084        0.009584
     C   20       -0.611084       -0.261802        0.186739
     C   20        0.009584        0.186739       -0.113478

     H   21       -0.059462        0.053204        0.615987
     H   21        0.053204       -0.109637       -0.029203
     H   21        0.615987       -0.029203        0.169099

     C   22        0.013089       -0.088119       -0.439797
     C   22       -0.088119       -0.111645        0.141895
     C   22       -0.439797        0.141895        0.098556

     C   23        0.068663        0.001449       -0.104342
     C   23        0.001449        0.030103        0.215429
     C   23       -0.104342        0.215429       -0.098766

     Cl  24       -0.127276        0.611112       -0.824489
     Cl  24        0.611112       -0.505843        0.887198
     Cl  24       -0.824489        0.887198        0.633119


     NQR/NMR SPECTROSCOPIC PARAMETERS:
     Cl   1    Vxx=   -1.1616    axis=( -0.539409  0.717808 -0.440216)
     Cl   1    Vyy=   -1.7718    axis=(  0.461047  0.689235  0.558920)
     Cl   1    Vzz=    2.9334    axis=(  0.704609  0.098526 -0.702722)
     Cl   1  Q=        -8.1650 1e-30 m^2  Cq=       -56.2750 MHz  eta= 0.20802

     C    2    Vxx=    0.0142    axis=( -0.138468 -0.653858  0.743839)
     C    2    Vyy=    0.6772    axis=( -0.905032  0.388543  0.173067)
     C    2    Vzz=   -0.6914    axis=( -0.402175 -0.649233 -0.645563)
     C    2  Q=         1.0000 1e-30 m^2  Cq=        -1.6245 MHz  eta= 0.95904

     C    3    Vxx=    0.0750    axis=(  0.506728 -0.073464 -0.858970)
     C    3    Vyy=    0.2456    axis=( -0.806272 -0.393124 -0.442017)
     C    3    Vzz=   -0.3206    axis=(  0.305210 -0.916546  0.258439)
     C    3  Q=         1.0000 1e-30 m^2  Cq=        -0.7533 MHz  eta= 0.53239

     H    4    Vxx=    0.0104    axis=(  0.251541 -0.914799 -0.316022)
     H    4    Vyy=    0.8089    axis=(  0.906201  0.107942  0.408838)
     H    4    Vzz=   -0.8194    axis=( -0.339893 -0.389219  0.856143)
     H    4  Q=         1.0000 1e-30 m^2  Cq=        -1.9252 MHz  eta= 0.97450

     C    5    Vxx=    0.1375    axis=( -0.438897  0.704604 -0.557586)
     C    5    Vyy=    0.5826    axis=(  0.678075 -0.147439 -0.720053)
     C    5    Vzz=   -0.7201    axis=( -0.589562 -0.694114 -0.413064)
     C    5  Q=         1.0000 1e-30 m^2  Cq=        -1.6920 MHz  eta= 0.61816

     H    6    Vxx=   -0.0150    axis=(  0.815817 -0.401947  0.415789)
     H    6    Vyy=   -0.6171    axis=(  0.493008  0.107557 -0.863351)
     H    6    Vzz=    0.6321    axis=(  0.302300  0.909324  0.285910)
     H    6  Q=         1.0000 1e-30 m^2  Cq=         1.4852 MHz  eta= 0.95264

     H    7    Vxx=   -0.1432    axis=(  0.966925  0.221791 -0.125953)
     H    7    Vyy=   -0.2112    axis=( -0.113838 -0.066638 -0.991262)
     H    7    Vzz=    0.3544    axis=( -0.228246  0.972815 -0.039186)
     H    7  Q=         1.0000 1e-30 m^2  Cq=         0.8328 MHz  eta= 0.19194

     C    8    Vxx=   -0.1001    axis=(  0.324172  0.377845 -0.867263)
     C    8    Vyy=   -0.6923    axis=(  0.862511  0.258515  0.435023)
     C    8    Vzz=    0.7924    axis=(  0.388572 -0.889046 -0.242092)
     C    8  Q=         1.0000 1e-30 m^2  Cq=         1.8618 MHz  eta= 0.74744

     H    9    Vxx=   -0.1443    axis=( -0.381232 -0.865652 -0.324512)
     H    9    Vyy=   -0.2487    axis=( -0.604368 -0.032258  0.796052)
     H    9    Vzz=    0.3930    axis=(  0.699572 -0.499605  0.510875)
     H    9  Q=         1.0000 1e-30 m^2  Cq=         0.9234 MHz  eta= 0.26583

     C   10    Vxx=   -0.0627    axis=(  0.153109 -0.643630  0.749865)
     C   10    Vyy=   -0.1161    axis=( -0.660186 -0.631256 -0.407026)
     C   10    Vzz=    0.1788    axis=(  0.735331 -0.432732 -0.521567)
     C   10  Q=         1.0000 1e-30 m^2  Cq=         0.4202 MHz  eta= 0.29890

     C   11    Vxx=    0.1435    axis=(  0.714992  0.478047 -0.510155)
     C   11    Vyy=    0.4696    axis=( -0.525822  0.848598  0.058240)
     C   11    Vzz=   -0.6132    axis=(  0.460758  0.226609  0.858108)
     C   11  Q=         1.0000 1e-30 m^2  Cq=        -1.4407 MHz  eta= 0.53182

     Cl  12    Vxx=    0.0956    axis=(  0.767802  0.630765 -0.112320)
     Cl  12    Vyy=    2.2791    axis=(  0.429081 -0.376061  0.821260)
     Cl  12    Vzz=   -2.3747    axis=(  0.475783 -0.678759 -0.559390)
     Cl  12  Q=        -8.1650 1e-30 m^2  Cq=        45.5580 MHz  eta= 0.91948

     H   13    Vxx=   -0.0361    axis=(  0.965125  0.213177 -0.151950)
     H   13    Vyy=   -0.7014    axis=( -0.238837  0.479348 -0.844501)
     H   13    Vzz=    0.7375    axis=( -0.107191  0.851341  0.513546)
     H   13  Q=         1.0000 1e-30 m^2  Cq=         1.7327 MHz  eta= 0.90214

     C   14    Vxx=   -0.1287    axis=(  0.442696  0.892535  0.086036)
     C   14    Vyy=   -0.6848    axis=( -0.776419  0.333559  0.534708)
     C   14    Vzz=    0.8136    axis=(  0.448547 -0.303513  0.840646)
     C   14  Q=         1.0000 1e-30 m^2  Cq=         1.9115 MHz  eta= 0.68356

     H   15    Vxx=   -0.0691    axis=(  0.640328 -0.646154 -0.415289)
     H   15    Vyy=   -0.6421    axis=(  0.224581  0.674540 -0.703249)
     H   15    Vzz=    0.7111    axis=(  0.734536  0.357044  0.577041)
     H   15  Q=         1.0000 1e-30 m^2  Cq=         1.6709 MHz  eta= 0.80576

     C   16    Vxx=   -0.1165    axis=( -0.604332 -0.116885  0.788112)
     C   16    Vyy=   -0.4058    axis=(  0.598556  0.586255  0.545926)
     C   16    Vzz=    0.5224    axis=(  0.525846 -0.801650  0.284331)
     C   16  Q=         1.0000 1e-30 m^2  Cq=         1.2273 MHz  eta= 0.55385

     C   17    Vxx=    0.1656    axis=(  0.036873  0.113405  0.992864)
     C   17    Vyy=    0.5964    axis=(  0.035200 -0.993071  0.112121)
     C   17    Vzz=   -0.7620    axis=(  0.998700  0.030814 -0.040610)
     C   17  Q=         1.0000 1e-30 m^2  Cq=        -1.7903 MHz  eta= 0.56546

     Cl  18    Vxx=    0.3620    axis=(  0.921885  0.373245 -0.103999)
     Cl  18    Vyy=    1.2734    axis=(  0.377374 -0.925785  0.022602)
     Cl  18    Vzz=   -1.6354    axis=(  0.087845  0.060083  0.994321)
     Cl  18  Q=        -8.1650 1e-30 m^2  Cq=        31.3740 MHz  eta= 0.55726

     H   19    Vxx=   -0.0765    axis=( -0.449972 -0.545006 -0.707456)
     H   19    Vyy=   -0.5189    axis=( -0.860504  0.476493  0.180239)
     H   19    Vzz=    0.5953    axis=(  0.238866  0.689871 -0.683389)
     H   19  Q=         1.0000 1e-30 m^2  Cq=         1.3988 MHz  eta= 0.74314

     C   20    Vxx=   -0.0745    axis=(  0.234120  0.187271  0.954001)
     C   20    Vyy=   -0.6806    axis=(  0.482580  0.829466 -0.281254)
     C   20    Vzz=    0.7551    axis=( -0.843981  0.526228  0.103822)
     C   20  Q=         1.0000 1e-30 m^2  Cq=         1.7742 MHz  eta= 0.80276

     H   21    Vxx=   -0.1022    axis=(  0.087441  0.991936 -0.091748)
     H   21    Vyy=   -0.5792    axis=( -0.763520  0.125891  0.633395)
     H   21    Vzz=    0.6815    axis=(  0.639837  0.014666  0.768371)
     H   21  Q=         1.0000 1e-30 m^2  Cq=         1.6012 MHz  eta= 0.69993

     C   22    Vxx=   -0.1495    axis=( -0.254783 -0.961965  0.098539)
     C   22    Vyy=   -0.3897    axis=(  0.719902 -0.120655  0.683509)
     C   22    Vzz=    0.5392    axis=( -0.645622  0.245085  0.723261)
     C   22  Q=         1.0000 1e-30 m^2  Cq=         1.2670 MHz  eta= 0.44543

     C   23    Vxx=    0.0619    axis=(  0.878652  0.473174  0.063846)
     C   23    Vyy=    0.2183    axis=(  0.412394 -0.684703 -0.600927)
     C   23    Vzz=   -0.2802    axis=( -0.240628  0.554336 -0.796750)
     C   23  Q=         1.0000 1e-30 m^2  Cq=        -0.6583 MHz  eta= 0.55839

     Cl  24    Vxx=    0.3103    axis=(  0.745976  0.659469  0.092850)
     Cl  24    Vyy=    1.2955    axis=( -0.376950  0.303171  0.875212)
     Cl  24    Vzz=   -1.6059    axis=(  0.549026 -0.687887  0.474745)
     Cl  24  Q=        -8.1650 1e-30 m^2  Cq=        30.8082 MHz  eta= 0.61349

     Initialization:
     gipaw_setup  :      9.30s CPU     10.87s WALL (       1 calls)

     Linear response

     Apply operators

     Induced current

     Other routines
     efg          :      9.12s CPU     11.22s WALL (       1 calls)

     General routines
     calbec       :      3.18s CPU      3.95s WALL (      16 calls)
     fft          :      1.44s CPU      1.78s WALL (      15 calls)
     ffts         :      0.05s CPU      0.10s WALL (       2 calls)
     fftw         :      3.21s CPU      3.81s WALL (     672 calls)
     davcio       :      0.02s CPU      0.34s WALL (      32 calls)

     Parallel routines
     fft_scatter  :      2.13s CPU      2.91s WALL (     689 calls)

     Plugins

     GIPAW        :     60.24s CPU     73.33s WALL (       1 calls)
