
     Program QE v.5.3.0 (svn rev. 11974) starts on 23Jul2016 at  1: 6:28 

     This program is part of the open-source Quantum ESPRESSO suite
     for quantum simulation of materials; please cite
         "P. Giannozzi et al., J. Phys.:Condens. Matter 21 395502 (2009);
          URL http://www.quantum-espresso.org", 
     in publications or presentations arising from this work. More details at
     http://www.quantum-espresso.org/quote

     Parallel version (MPI), running on    32 processors
     R & G space division:  proc/nbgrp/npool/nimage =      32

     ***** This is GIPAW svn revision unknown      *****

     Parallelizing q-star over 1 images

     Reading data from directory:
     ./scratch/relax.pbe.ec-80.kp-4x2x4.HMX-792928.np-32.default-conv-thr.save

   Info: using nr1, nr2, nr3 values from input

   Info: using nr1, nr2, nr3 values from input

     IMPORTANT: XC functional enforced from input :
     Exchange-correlation      =  SLA  PW   PBX  PBC ( 1  4  3  4 0 0)
     Any further DFT definition will be discarded
     Please, verify this is what you really want

               file N.pbe-n-kjpaw_psl.1.0.0.UPF: wavefunction(s)  2S renormalized
               file C.pbe-n-kjpaw_psl.1.0.0.UPF: wavefunction(s)  2S 2P renormalized
               file H.pbe-kjpaw_psl.1.0.0.UPF: wavefunction(s)  1S renormalized
               file O.pbe-n-kjpaw_psl.1.0.0.UPF: wavefunction(s)  2S 2P renormalized

     Parallelization info
     --------------------
     sticks:   dense  smooth     PW     G-vecs:    dense   smooth      PW
     Min         510     204     54                41635    10514    1450
     Max         511     205     55                41640    10562    1455
     Sum       16345    6533   1745              1332393   336931   46473


     Subspace diagonalization in iterative solution of the eigenvalue problem:
     a serial algorithm will be used

     GIPAW projectors -----------------------------------------------
     atom=  N    l=0  rc=    1.3000  rs=    0.8667
     atom=  N    l=0  rc=    1.3000  rs=    0.8667
     atom=  N    l=1  rc=    1.3500  rs=    0.9000
     atom=  N    l=1  rc=    1.3500  rs=    0.9000
     projs nearly linearly dependent: l=1  n1,n2= 1, 2  s=  0.99908189

     atom=  C    l=0  rc=    1.2000  rs=    0.8000
     atom=  C    l=0  rc=    1.2000  rs=    0.8000
     atom=  C    l=1  rc=    1.4000  rs=    0.9333
     atom=  C    l=1  rc=    1.4000  rs=    0.9333
     projs nearly linearly dependent: l=1  n1,n2= 1, 2  s=  0.99951561

     atom=  H    l=0  rc=    1.0000  rs=    0.6667
     atom=  H    l=0  rc=    1.0000  rs=    0.6667
     projs nearly linearly dependent: l=0  n1,n2= 1, 2  s=  0.99968852

     atom=  O    l=0  rc=    1.3000  rs=    0.8667
     atom=  O    l=0  rc=    1.3000  rs=    0.8667
     atom=  O    l=1  rc=    1.3500  rs=    0.9000
     atom=  O    l=1  rc=    1.3500  rs=    0.9000
     projs nearly linearly dependent: l=1  n1,n2= 1, 2  s=  0.99790100
     -----------------------------------------------------------------

     GIPAW integrals: -------------------------------------------
     Atom  i/j   nmr_para   nmr_dia   epr_rmc  epr_para   epr_dia
       N   1 1   0.67E+03 -0.31E+00  0.62E+01  0.27E+08  0.20E+03
       N   2 1   0.75E+03 -0.37E+00  0.67E+01  0.30E+08  0.23E+03
       N   2 2   0.85E+03 -0.45E+00  0.74E+01  0.35E+08  0.26E+03
       N   3 3   0.59E+01  0.56E+00  0.34E+01  0.12E+04  0.45E+02
       N   4 3   0.65E+01  0.61E+00  0.38E+01  0.13E+04  0.48E+02
       N   4 4   0.71E+01  0.67E+00  0.43E+01  0.15E+04  0.52E+02
       C   1 1   0.83E+03  0.17E-01  0.93E+01  0.24E+08  0.24E+03
       C   2 1   0.86E+03 -0.61E-01  0.94E+01  0.25E+08  0.25E+03
       C   2 2   0.90E+03 -0.15E+00  0.97E+01  0.26E+08  0.26E+03
       C   3 3   0.33E+01  0.34E+00  0.18E+01  0.55E+03  0.21E+02
       C   4 3   0.35E+01  0.37E+00  0.20E+01  0.59E+03  0.22E+02
       C   4 4   0.38E+01  0.39E+00  0.22E+01  0.63E+03  0.24E+02
       H   1 1   0.39E+02  0.19E+00  0.29E+00  0.78E+05  0.13E+02
       H   2 1   0.41E+02  0.21E+00  0.32E+00  0.82E+05  0.14E+02
       H   2 2   0.43E+02  0.22E+00  0.36E+00  0.86E+05  0.15E+02
       O   1 1   0.81E+03 -0.32E+00  0.65E+01  0.43E+08  0.24E+03
       O   2 1   0.91E+03 -0.39E+00  0.71E+01  0.48E+08  0.27E+03
       O   2 2   0.10E+04 -0.48E+00  0.78E+01  0.55E+08  0.31E+03
       O   3 3   0.99E+01  0.87E+00  0.58E+01  0.24E+04  0.75E+02
       O   4 3   0.11E+02  0.97E+00  0.67E+01  0.27E+04  0.83E+02
       O   4 4   0.12E+02  0.11E+01  0.76E+01  0.31E+04  0.93E+02
     ------------------------------------------------------------

     alpha_pv=     50.0651 eV

     Number of occupied bands for each k-point:
     k-point:     1    nbnd_occ= 112
     k-point:     2    nbnd_occ= 112
     k-point:     3    nbnd_occ= 112
     k-point:     4    nbnd_occ= 112
     k-point:     5    nbnd_occ= 112
     k-point:     6    nbnd_occ= 112
     k-point:     7    nbnd_occ= 112
     k-point:     8    nbnd_occ= 112
     k-point:     9    nbnd_occ= 112
     k-point:    10    nbnd_occ= 112
     k-point:    11    nbnd_occ= 112
     k-point:    12    nbnd_occ= 112
     k-point:    13    nbnd_occ= 112
     k-point:    14    nbnd_occ= 112
     k-point:    15    nbnd_occ= 112
     k-point:    16    nbnd_occ= 112


     GIPAW job: efg                                                                             


     ELECTRIC FIELD GRADIENTS TENSORS IN Hartree/bohrradius^2:

     ----- bare term -----
     N    1       -0.048464       -0.114781        0.152154
     N    1       -0.114781        0.057494       -0.123196
     N    1        0.152154       -0.123196       -0.009030

     O    2       -0.027283       -0.277068        0.162598
     O    2       -0.277068        0.099185       -0.234976
     O    2        0.162598       -0.234976       -0.071902

     N    3       -0.131898       -0.466744        0.618097
     N    3       -0.466744        0.526791       -0.578936
     N    3        0.618097       -0.578936       -0.394893

     N    4       -0.135411        0.091774        0.227004
     N    4        0.091774        0.057387        0.140818
     N    4        0.227004        0.140818        0.078024

     O    5       -0.167194        0.055987        0.109767
     O    5        0.055987        0.158369        0.327733
     O    5        0.109767        0.327733        0.008825

     N    6       -0.285205        0.432990        0.090781
     N    6        0.432990        0.230155        0.900839
     N    6        0.090781        0.900839        0.055050

     O    7       -0.058701       -0.300863        0.110065
     O    7       -0.300863        0.139236       -0.346352
     O    7        0.110065       -0.346352       -0.080535

     C    8       -0.091495       -0.075069        0.164274
     C    8       -0.075069        0.049479        0.041079
     C    8        0.164274        0.041079        0.042016

     H    9       -0.263450       -0.228307       -0.534113
     H    9       -0.228307        0.429869       -0.126084
     H    9       -0.534113       -0.126084       -0.166419

     H   10        0.221186        0.257377        0.240847
     H   10        0.257377       -0.544437       -0.374073
     H   10        0.240847       -0.374073        0.323251

     O   11       -0.240817        0.138362        0.086461
     O   11        0.138362        0.184657        0.282345
     O   11        0.086461        0.282345        0.056160

     C   12       -0.052215        0.068263        0.096355
     C   12        0.068263        0.059255       -0.012103
     C   12        0.096355       -0.012103       -0.007040

     H   13       -0.408688       -0.372938       -0.344202
     H   13       -0.372938        0.241249       -0.172280
     H   13       -0.344202       -0.172280        0.167438

     H   14        0.241066        0.012944        0.151408
     H   14        0.012944       -0.034798        0.531690
     H   14        0.151408        0.531690       -0.206268

     H   15        0.241023       -0.012935        0.151420
     H   15       -0.012935       -0.034802       -0.531664
     H   15        0.151420       -0.531664       -0.206221

     H   16       -0.408680        0.372928       -0.344264
     H   16        0.372928        0.241280        0.172304
     H   16       -0.344264        0.172304        0.167400

     C   17       -0.052246       -0.068217        0.096327
     C   17       -0.068217        0.059291        0.012147
     C   17        0.096327        0.012147       -0.007045

     O   18       -0.240727       -0.138281        0.086511
     O   18       -0.138281        0.184638       -0.282299
     O   18        0.086511       -0.282299        0.056090

     H   19        0.221148       -0.257405        0.240845
     H   19       -0.257405       -0.544410        0.374033
     H   19        0.240845        0.374033        0.323263

     H   20       -0.263451        0.228328       -0.534113
     H   20        0.228328        0.429862        0.126104
     H   20       -0.534113        0.126104       -0.166411

     C   21       -0.091511        0.075101        0.164271
     C   21        0.075101        0.049496       -0.041078
     C   21        0.164271       -0.041078        0.042015

     O   22       -0.058749        0.300902        0.110046
     O   22        0.300902        0.139196        0.346257
     O   22        0.110046        0.346257       -0.080447

     N   23       -0.285429       -0.432878        0.090976
     N   23       -0.432878        0.230282       -0.900596
     N   23        0.090976       -0.900596        0.055146

     O   24       -0.167357       -0.055983        0.109751
     O   24       -0.055983        0.158401       -0.327465
     O   24        0.109751       -0.327465        0.008956

     N   25       -0.135549       -0.091731        0.227130
     N   25       -0.091731        0.057499       -0.140844
     N   25        0.227130       -0.140844        0.078050

     N   26       -0.131644        0.466861        0.617469
     N   26        0.466861        0.526396        0.579034
     N   26        0.617469        0.579034       -0.394752

     O   27       -0.026858        0.276883        0.162097
     O   27        0.276883        0.098824        0.235052
     O   27        0.162097        0.235052       -0.071966

     N   28       -0.048445        0.114914        0.152101
     N   28        0.114914        0.057487        0.123339
     N   28        0.152101        0.123339       -0.009042

     H   29        0.241066        0.012944        0.151408
     H   29        0.012944       -0.034798        0.531690
     H   29        0.151408        0.531690       -0.206268

     H   30       -0.408688       -0.372938       -0.344202
     H   30       -0.372938        0.241249       -0.172280
     H   30       -0.344202       -0.172280        0.167438

     C   31       -0.052215        0.068263        0.096355
     C   31        0.068263        0.059255       -0.012103
     C   31        0.096355       -0.012103       -0.007040

     O   32       -0.240817        0.138362        0.086461
     O   32        0.138362        0.184657        0.282345
     O   32        0.086461        0.282345        0.056160

     H   33        0.221186        0.257377        0.240847
     H   33        0.257377       -0.544437       -0.374073
     H   33        0.240847       -0.374073        0.323251

     H   34       -0.263450       -0.228307       -0.534113
     H   34       -0.228307        0.429869       -0.126084
     H   34       -0.534113       -0.126084       -0.166419

     C   35       -0.091495       -0.075069        0.164274
     C   35       -0.075069        0.049479        0.041079
     C   35        0.164274        0.041079        0.042016

     O   36       -0.058701       -0.300863        0.110065
     O   36       -0.300863        0.139236       -0.346352
     O   36        0.110065       -0.346352       -0.080535

     N   37       -0.285205        0.432990        0.090781
     N   37        0.432990        0.230155        0.900839
     N   37        0.090781        0.900839        0.055050

     O   38       -0.167194        0.055987        0.109767
     O   38        0.055987        0.158369        0.327733
     O   38        0.109767        0.327733        0.008825

     N   39       -0.135411        0.091774        0.227004
     N   39        0.091774        0.057387        0.140818
     N   39        0.227004        0.140818        0.078024

     N   40       -0.131898       -0.466744        0.618097
     N   40       -0.466744        0.526791       -0.578936
     N   40        0.618097       -0.578936       -0.394893

     O   41       -0.027283       -0.277068        0.162598
     O   41       -0.277068        0.099185       -0.234976
     O   41        0.162598       -0.234976       -0.071902

     N   42       -0.048464       -0.114781        0.152154
     N   42       -0.114781        0.057494       -0.123196
     N   42        0.152154       -0.123196       -0.009030

     H   43        0.241023       -0.012935        0.151420
     H   43       -0.012935       -0.034802       -0.531664
     H   43        0.151420       -0.531664       -0.206221

     H   44       -0.408680        0.372928       -0.344264
     H   44        0.372928        0.241280        0.172304
     H   44       -0.344264        0.172304        0.167400

     C   45       -0.052246       -0.068217        0.096327
     C   45       -0.068217        0.059291        0.012147
     C   45        0.096327        0.012147       -0.007045

     O   46       -0.240727       -0.138281        0.086511
     O   46       -0.138281        0.184638       -0.282299
     O   46        0.086511       -0.282299        0.056090

     H   47        0.221148       -0.257405        0.240845
     H   47       -0.257405       -0.544410        0.374033
     H   47        0.240845        0.374033        0.323263

     H   48       -0.263451        0.228328       -0.534113
     H   48        0.228328        0.429862        0.126104
     H   48       -0.534113        0.126104       -0.166411

     C   49       -0.091511        0.075101        0.164271
     C   49        0.075101        0.049496       -0.041078
     C   49        0.164271       -0.041078        0.042015

     O   50       -0.058749        0.300902        0.110046
     O   50        0.300902        0.139196        0.346257
     O   50        0.110046        0.346257       -0.080447

     N   51       -0.285429       -0.432878        0.090976
     N   51       -0.432878        0.230282       -0.900596
     N   51        0.090976       -0.900596        0.055146

     O   52       -0.167357       -0.055983        0.109751
     O   52       -0.055983        0.158401       -0.327465
     O   52        0.109751       -0.327465        0.008956

     N   53       -0.135549       -0.091731        0.227130
     N   53       -0.091731        0.057499       -0.140844
     N   53        0.227130       -0.140844        0.078050

     N   54       -0.131644        0.466861        0.617469
     N   54        0.466861        0.526396        0.579034
     N   54        0.617469        0.579034       -0.394752

     O   55       -0.026858        0.276883        0.162097
     O   55        0.276883        0.098824        0.235052
     O   55        0.162097        0.235052       -0.071966

     N   56       -0.048445        0.114914        0.152101
     N   56        0.114914        0.057487        0.123339
     N   56        0.152101        0.123339       -0.009042

     ----- ionic term -----
     N    1        0.181316        0.417125       -0.209186
     N    1        0.417125       -0.158442        0.422007
     N    1       -0.209186        0.422007       -0.022874

     O    2        0.371908        0.255963       -0.603789
     O    2        0.255963       -0.320448       -0.076390
     O    2       -0.603789       -0.076390       -0.051460

     N    3        0.128640        0.498946       -0.653170
     N    3        0.498946       -0.536734        0.608357
     N    3       -0.653170        0.608357        0.408094

     N    4        0.355822       -0.168098       -0.484259
     N    4       -0.168098       -0.144782       -0.416361
     N    4       -0.484259       -0.416361       -0.211040

     O    5       -0.415854        0.019632       -0.054813
     O    5        0.019632        0.066426       -0.669808
     O    5       -0.054813       -0.669808        0.349429

     N    6        0.317057       -0.435645       -0.086805
     N    6       -0.435645       -0.241272       -0.958066
     N    6       -0.086805       -0.958066       -0.075785

     O    7       -0.364605       -0.004164       -0.193572
     O    7       -0.004164       -0.223681        0.589728
     O    7       -0.193572        0.589728        0.588287

     C    8        0.146520        0.085269       -0.268645
     C    8        0.085269       -0.114209       -0.229364
     C    8       -0.268645       -0.229364       -0.032311

     H    9        0.314927        0.308266        0.716757
     H    9        0.308266       -0.540798        0.193529
     H    9        0.716757        0.193529        0.225871

     H   10       -0.326129       -0.343163       -0.292848
     H   10       -0.343163        0.717917        0.507814
     H   10       -0.292848        0.507814       -0.391788

     O   11        0.477722       -0.539148        0.323291
     O   11       -0.539148       -0.145501       -0.224924
     O   11        0.323291       -0.224924       -0.332221

     C   12        0.010500       -0.250974       -0.095477
     C   12       -0.250974       -0.062975        0.133654
     C   12       -0.095477        0.133654        0.052475

     H   13        0.561898        0.518139        0.433910
     H   13        0.518139       -0.293478        0.229013
     H   13        0.433910        0.229013       -0.268420

     H   14       -0.345171        0.044886       -0.223670
     H   14        0.044886        0.083199       -0.711799
     H   14       -0.223670       -0.711799        0.261971

     H   15       -0.345098       -0.044880       -0.223663
     H   15       -0.044880        0.083200        0.711726
     H   15       -0.223663        0.711726        0.261899

     H   16        0.561908       -0.518143        0.433998
     H   16       -0.518143       -0.293521       -0.229052
     H   16        0.433998       -0.229052       -0.268387

     C   17        0.010523        0.250963       -0.095458
     C   17        0.250963       -0.063018       -0.133700
     C   17       -0.095458       -0.133700        0.052495

     O   18        0.477749        0.539094        0.323215
     O   18        0.539094       -0.145521        0.224845
     O   18        0.323215        0.224845       -0.332228

     H   19       -0.326068        0.343187       -0.292845
     H   19        0.343187        0.717861       -0.507745
     H   19       -0.292845       -0.507745       -0.391794

     H   20        0.314923       -0.308291        0.716741
     H   20       -0.308291       -0.540780       -0.193552
     H   20        0.716741       -0.193552        0.225857

     C   21        0.146544       -0.085294       -0.268660
     C   21       -0.085294       -0.114237        0.229376
     C   21       -0.268660        0.229376       -0.032307

     O   22       -0.364625        0.004114       -0.193416
     O   22        0.004114       -0.223604       -0.589715
     O   22       -0.193416       -0.589715        0.588229

     N   23        0.317303        0.435532       -0.087015
     N   23        0.435532       -0.241413        0.957824
     N   23       -0.087015        0.957824       -0.075890

     O   24       -0.415755       -0.019670       -0.054847
     O   24       -0.019670        0.066381        0.669638
     O   24       -0.054847        0.669638        0.349374

     N   25        0.355932        0.168056       -0.484355
     N   25        0.168056       -0.144887        0.416358
     N   25       -0.484355        0.416358       -0.211044

     N   26        0.128378       -0.499092       -0.652524
     N   26       -0.499092       -0.536337       -0.608483
     N   26       -0.652524       -0.608483        0.407959

     O   27        0.371686       -0.255940       -0.603428
     O   27       -0.255940       -0.320182        0.076392
     O   27       -0.603428        0.076392       -0.051503

     N   28        0.181278       -0.417213       -0.209103
     N   28       -0.417213       -0.158408       -0.422099
     N   28       -0.209103       -0.422099       -0.022869

     H   29       -0.345171        0.044886       -0.223670
     H   29        0.044886        0.083199       -0.711799
     H   29       -0.223670       -0.711799        0.261971

     H   30        0.561898        0.518139        0.433910
     H   30        0.518139       -0.293478        0.229013
     H   30        0.433910        0.229013       -0.268420

     C   31        0.010500       -0.250974       -0.095477
     C   31       -0.250974       -0.062975        0.133654
     C   31       -0.095477        0.133654        0.052475

     O   32        0.477722       -0.539148        0.323291
     O   32       -0.539148       -0.145501       -0.224924
     O   32        0.323291       -0.224924       -0.332221

     H   33       -0.326129       -0.343163       -0.292848
     H   33       -0.343163        0.717917        0.507814
     H   33       -0.292848        0.507814       -0.391788

     H   34        0.314927        0.308266        0.716757
     H   34        0.308266       -0.540798        0.193529
     H   34        0.716757        0.193529        0.225871

     C   35        0.146520        0.085269       -0.268645
     C   35        0.085269       -0.114209       -0.229364
     C   35       -0.268645       -0.229364       -0.032311

     O   36       -0.364605       -0.004164       -0.193572
     O   36       -0.004164       -0.223681        0.589728
     O   36       -0.193572        0.589728        0.588287

     N   37        0.317057       -0.435645       -0.086805
     N   37       -0.435645       -0.241272       -0.958066
     N   37       -0.086805       -0.958066       -0.075785

     O   38       -0.415854        0.019632       -0.054813
     O   38        0.019632        0.066426       -0.669808
     O   38       -0.054813       -0.669808        0.349429

     N   39        0.355822       -0.168098       -0.484259
     N   39       -0.168098       -0.144782       -0.416361
     N   39       -0.484259       -0.416361       -0.211040

     N   40        0.128640        0.498946       -0.653170
     N   40        0.498946       -0.536734        0.608357
     N   40       -0.653170        0.608357        0.408094

     O   41        0.371908        0.255963       -0.603789
     O   41        0.255963       -0.320448       -0.076390
     O   41       -0.603789       -0.076390       -0.051460

     N   42        0.181316        0.417125       -0.209186
     N   42        0.417125       -0.158442        0.422007
     N   42       -0.209186        0.422007       -0.022874

     H   43       -0.345098       -0.044880       -0.223663
     H   43       -0.044880        0.083200        0.711726
     H   43       -0.223663        0.711726        0.261899

     H   44        0.561908       -0.518143        0.433998
     H   44       -0.518143       -0.293521       -0.229052
     H   44        0.433998       -0.229052       -0.268387

     C   45        0.010523        0.250963       -0.095458
     C   45        0.250963       -0.063018       -0.133700
     C   45       -0.095458       -0.133700        0.052495

     O   46        0.477749        0.539094        0.323215
     O   46        0.539094       -0.145521        0.224845
     O   46        0.323215        0.224845       -0.332228

     H   47       -0.326068        0.343187       -0.292845
     H   47        0.343187        0.717861       -0.507745
     H   47       -0.292845       -0.507745       -0.391794

     H   48        0.314923       -0.308291        0.716741
     H   48       -0.308291       -0.540780       -0.193552
     H   48        0.716741       -0.193552        0.225857

     C   49        0.146544       -0.085294       -0.268660
     C   49       -0.085294       -0.114237        0.229376
     C   49       -0.268660        0.229376       -0.032307

     O   50       -0.364625        0.004114       -0.193416
     O   50        0.004114       -0.223604       -0.589715
     O   50       -0.193416       -0.589715        0.588229

     N   51        0.317303        0.435532       -0.087015
     N   51        0.435532       -0.241413        0.957824
     N   51       -0.087015        0.957824       -0.075890

     O   52       -0.415755       -0.019670       -0.054847
     O   52       -0.019670        0.066381        0.669638
     O   52       -0.054847        0.669638        0.349374

     N   53        0.355932        0.168056       -0.484355
     N   53        0.168056       -0.144887        0.416358
     N   53       -0.484355        0.416358       -0.211044

     N   54        0.128378       -0.499092       -0.652524
     N   54       -0.499092       -0.536337       -0.608483
     N   54       -0.652524       -0.608483        0.407959

     O   55        0.371686       -0.255940       -0.603428
     O   55       -0.255940       -0.320182        0.076392
     O   55       -0.603428        0.076392       -0.051503

     N   56        0.181278       -0.417213       -0.209103
     N   56       -0.417213       -0.158408       -0.422099
     N   56       -0.209103       -0.422099       -0.022869

     ----- GIPAW term -----
     N    1        0.215424        0.477980       -0.128105
     N    1        0.477980       -0.182892        0.491208
     N    1       -0.128105        0.491208       -0.032532

     O    2        0.818268       -0.089156       -1.029859
     O    2       -0.089156       -0.496354       -0.791675
     O    2       -1.029859       -0.791675       -0.321915

     N    3        0.002274        0.087711       -0.009763
     N    3        0.087711        0.009983        0.054814
     N    3       -0.009763        0.054814       -0.012257

     N    4        0.337023       -0.149753       -0.405579
     N    4       -0.149753       -0.122590       -0.463415
     N    4       -0.405579       -0.463415       -0.214433

     O    5       -1.439861        0.202028        0.144481
     O    5        0.202028        0.565588       -0.760412
     O    5        0.144481       -0.760412        0.874273

     N    6        0.092710        0.022237       -0.033990
     N    6        0.022237       -0.053062       -0.073594
     N    6       -0.033990       -0.073594       -0.039648

     O    7       -1.034364       -0.773437       -0.165558
     O    7       -0.773437       -0.167278        0.541084
     O    7       -0.165558        0.541084        1.201642

     C    8        0.048041        0.003715       -0.098909
     C    8        0.003715       -0.058423       -0.188607
     C    8       -0.098909       -0.188607        0.010382

     H    9        0.000000        0.000000        0.000000
     H    9        0.000000       -0.000000        0.000000
     H    9        0.000000        0.000000       -0.000000

     H   10        0.000000        0.000000        0.000000
     H   10        0.000000       -0.000000        0.000000
     H   10        0.000000        0.000000       -0.000000

     O   11        0.546564       -0.937242        1.009512
     O   11       -0.937242        0.116667        0.198276
     O   11        1.009512        0.198276       -0.663231

     C   12       -0.041670       -0.185290        0.004074
     C   12       -0.185290       -0.005233        0.121450
     C   12        0.004074        0.121450        0.046903

     H   13        0.000000        0.000000        0.000000
     H   13        0.000000       -0.000000        0.000000
     H   13        0.000000        0.000000       -0.000000

     H   14        0.000000        0.000000        0.000000
     H   14        0.000000       -0.000000        0.000000
     H   14        0.000000        0.000000       -0.000000

     H   15        0.000000        0.000000        0.000000
     H   15        0.000000       -0.000000        0.000000
     H   15        0.000000        0.000000       -0.000000

     H   16        0.000000        0.000000        0.000000
     H   16        0.000000       -0.000000        0.000000
     H   16        0.000000        0.000000       -0.000000

     C   17       -0.041679        0.185321        0.004064
     C   17        0.185321       -0.005240       -0.121450
     C   17        0.004064       -0.121450        0.046919

     O   18        0.546884        0.937338        1.009463
     O   18        0.937338        0.116559       -0.198342
     O   18        1.009463       -0.198342       -0.663443

     H   19        0.000000        0.000000        0.000000
     H   19        0.000000       -0.000000        0.000000
     H   19        0.000000        0.000000       -0.000000

     H   20        0.000000        0.000000        0.000000
     H   20        0.000000       -0.000000        0.000000
     H   20        0.000000        0.000000       -0.000000

     C   21        0.048047       -0.003708       -0.098927
     C   21       -0.003708       -0.058432        0.188615
     C   21       -0.098927        0.188615        0.010385

     O   22       -1.034561        0.773415       -0.165236
     O   22        0.773415       -0.167205       -0.541336
     O   22       -0.165236       -0.541336        1.201765

     N   23        0.092714       -0.022221       -0.033995
     N   23       -0.022221       -0.053071        0.073638
     N   23       -0.033995        0.073638       -0.039642

     O   24       -1.440067       -0.202109        0.144355
     O   24       -0.202109        0.565561        0.760747
     O   24        0.144355        0.760747        0.874506

     N   25        0.336982        0.149753       -0.405537
     N   25        0.149753       -0.122583        0.463370
     N   25       -0.405537        0.463370       -0.214400

     N   26        0.002307       -0.087763       -0.009836
     N   26       -0.087763        0.009919       -0.054843
     N   26       -0.009836       -0.054843       -0.012226

     O   27        0.818913        0.088684       -1.030378
     O   27        0.088684       -0.496714        0.791889
     O   27       -1.030378        0.791889       -0.322199

     N   28        0.215394       -0.477917       -0.128058
     N   28       -0.477917       -0.182851       -0.491133
     N   28       -0.128058       -0.491133       -0.032543

     H   29        0.000000        0.000000        0.000000
     H   29        0.000000       -0.000000        0.000000
     H   29        0.000000        0.000000       -0.000000

     H   30        0.000000        0.000000        0.000000
     H   30        0.000000       -0.000000        0.000000
     H   30        0.000000        0.000000       -0.000000

     C   31       -0.041670       -0.185290        0.004074
     C   31       -0.185290       -0.005233        0.121450
     C   31        0.004074        0.121450        0.046903

     O   32        0.546564       -0.937242        1.009512
     O   32       -0.937242        0.116667        0.198276
     O   32        1.009512        0.198276       -0.663231

     H   33        0.000000        0.000000        0.000000
     H   33        0.000000       -0.000000        0.000000
     H   33        0.000000        0.000000       -0.000000

     H   34        0.000000        0.000000        0.000000
     H   34        0.000000       -0.000000        0.000000
     H   34        0.000000        0.000000       -0.000000

     C   35        0.048041        0.003715       -0.098909
     C   35        0.003715       -0.058423       -0.188607
     C   35       -0.098909       -0.188607        0.010382

     O   36       -1.034364       -0.773437       -0.165558
     O   36       -0.773437       -0.167278        0.541084
     O   36       -0.165558        0.541084        1.201642

     N   37        0.092710        0.022237       -0.033990
     N   37        0.022237       -0.053062       -0.073594
     N   37       -0.033990       -0.073594       -0.039648

     O   38       -1.439861        0.202028        0.144481
     O   38        0.202028        0.565588       -0.760412
     O   38        0.144481       -0.760412        0.874273

     N   39        0.337023       -0.149753       -0.405579
     N   39       -0.149753       -0.122590       -0.463415
     N   39       -0.405579       -0.463415       -0.214433

     N   40        0.002274        0.087711       -0.009763
     N   40        0.087711        0.009983        0.054814
     N   40       -0.009763        0.054814       -0.012257

     O   41        0.818268       -0.089156       -1.029859
     O   41       -0.089156       -0.496354       -0.791675
     O   41       -1.029859       -0.791675       -0.321915

     N   42        0.215424        0.477980       -0.128105
     N   42        0.477980       -0.182892        0.491208
     N   42       -0.128105        0.491208       -0.032532

     H   43        0.000000        0.000000        0.000000
     H   43        0.000000       -0.000000        0.000000
     H   43        0.000000        0.000000       -0.000000

     H   44        0.000000        0.000000        0.000000
     H   44        0.000000       -0.000000        0.000000
     H   44        0.000000        0.000000       -0.000000

     C   45       -0.041679        0.185321        0.004064
     C   45        0.185321       -0.005240       -0.121450
     C   45        0.004064       -0.121450        0.046919

     O   46        0.546884        0.937338        1.009463
     O   46        0.937338        0.116559       -0.198342
     O   46        1.009463       -0.198342       -0.663443

     H   47        0.000000        0.000000        0.000000
     H   47        0.000000       -0.000000        0.000000
     H   47        0.000000        0.000000       -0.000000

     H   48        0.000000        0.000000        0.000000
     H   48        0.000000       -0.000000        0.000000
     H   48        0.000000        0.000000       -0.000000

     C   49        0.048047       -0.003708       -0.098927
     C   49       -0.003708       -0.058432        0.188615
     C   49       -0.098927        0.188615        0.010385

     O   50       -1.034561        0.773415       -0.165236
     O   50        0.773415       -0.167205       -0.541336
     O   50       -0.165236       -0.541336        1.201765

     N   51        0.092714       -0.022221       -0.033995
     N   51       -0.022221       -0.053071        0.073638
     N   51       -0.033995        0.073638       -0.039642

     O   52       -1.440067       -0.202109        0.144355
     O   52       -0.202109        0.565561        0.760747
     O   52        0.144355        0.760747        0.874506

     N   53        0.336982        0.149753       -0.405537
     N   53        0.149753       -0.122583        0.463370
     N   53       -0.405537        0.463370       -0.214400

     N   54        0.002307       -0.087763       -0.009836
     N   54       -0.087763        0.009919       -0.054843
     N   54       -0.009836       -0.054843       -0.012226

     O   55        0.818913        0.088684       -1.030378
     O   55        0.088684       -0.496714        0.791889
     O   55       -1.030378        0.791889       -0.322199

     N   56        0.215394       -0.477917       -0.128058
     N   56       -0.477917       -0.182851       -0.491133
     N   56       -0.128058       -0.491133       -0.032543

     ----- total EFG -----
     N    1        0.348276        0.780324       -0.185137
     N    1        0.780324       -0.283839        0.790019
     N    1       -0.185137        0.790019       -0.064437

     O    2        1.162893       -0.110262       -1.471050
     O    2       -0.110262       -0.717616       -1.103041
     O    2       -1.471050       -1.103041       -0.445277

     N    3       -0.000984        0.119912       -0.044836
     N    3        0.119912        0.000040        0.084235
     N    3       -0.044836        0.084235        0.000943

     N    4        0.557434       -0.226077       -0.662833
     N    4       -0.226077       -0.209985       -0.738958
     N    4       -0.662833       -0.738958       -0.347449

     O    5       -2.022910        0.277648        0.199435
     O    5        0.277648        0.790383       -1.102487
     O    5        0.199435       -1.102487        1.232527

     N    6        0.124562        0.019582       -0.030013
     N    6        0.019582       -0.064179       -0.130820
     N    6       -0.030013       -0.130820       -0.060383

     O    7       -1.457671       -1.078465       -0.249065
     O    7       -1.078465       -0.251723        0.784459
     O    7       -0.249065        0.784459        1.709394

     C    8        0.103066        0.013915       -0.203281
     C    8        0.013915       -0.123153       -0.376892
     C    8       -0.203281       -0.376892        0.020087

     H    9        0.051477        0.079959        0.182644
     H    9        0.079959       -0.110930        0.067445
     H    9        0.182644        0.067445        0.059453

     H   10       -0.104943       -0.085787       -0.052001
     H   10       -0.085787        0.173480        0.133741
     H   10       -0.052001        0.133741       -0.068537

     O   11        0.783468       -1.338028        1.419265
     O   11       -1.338028        0.155824        0.255697
     O   11        1.419265        0.255697       -0.939292

     C   12       -0.083385       -0.368001        0.004952
     C   12       -0.368001       -0.008953        0.243000
     C   12        0.004952        0.243000        0.092338

     H   13        0.153210        0.145201        0.089707
     H   13        0.145201       -0.052228        0.056733
     H   13        0.089707        0.056733       -0.100982

     H   14       -0.104104        0.057830       -0.072262
     H   14        0.057830        0.048401       -0.180109
     H   14       -0.072262       -0.180109        0.055703

     H   15       -0.104075       -0.057815       -0.072243
     H   15       -0.057815        0.048397        0.180062
     H   15       -0.072243        0.180062        0.055678

     H   16        0.153228       -0.145215        0.089734
     H   16       -0.145215       -0.052241       -0.056748
     H   16        0.089734       -0.056748       -0.100986

     C   17       -0.083402        0.368067        0.004933
     C   17        0.368067       -0.008967       -0.243003
     C   17        0.004933       -0.243003        0.092370

     O   18        0.783906        1.338151        1.419189
     O   18        1.338151        0.155676       -0.255797
     O   18        1.419189       -0.255797       -0.939582

     H   19       -0.104920        0.085782       -0.051999
     H   19        0.085782        0.173451       -0.133712
     H   19       -0.051999       -0.133712       -0.068531

     H   20        0.051472       -0.079963        0.182628
     H   20       -0.079963       -0.110919       -0.067448
     H   20        0.182628       -0.067448        0.059447

     C   21        0.103080       -0.013901       -0.203316
     C   21       -0.013901       -0.123173        0.376912
     C   21       -0.203316        0.376912        0.020093

     O   22       -1.457935        1.078431       -0.248606
     O   22        1.078431       -0.251613       -0.784795
     O   22       -0.248606       -0.784795        1.709548

